,札幌_重賞_S_芝_良_1,札幌_重賞_S_芝_良_2,札幌_重賞_S_芝_良_3,札幌_重賞_S_芝_良_3<,札幌_重賞_S_芝_稍_1,札幌_重賞_S_芝_稍_2,札幌_重賞_S_芝_稍_3,札幌_重賞_S_芝_稍_3<,札幌_重賞_S_芝_重_1,札幌_重賞_S_芝_重_2,札幌_重賞_S_芝_重_3,札幌_重賞_S_芝_重_3<,札幌_重賞_S_芝_不_1,札幌_重賞_S_芝_不_2,札幌_重賞_S_芝_不_3,札幌_重賞_S_芝_不_3<,札幌_重賞_M_芝_良_1,札幌_重賞_M_芝_良_2,札幌_重賞_M_芝_良_3,札幌_重賞_M_芝_良_3<,札幌_重賞_M_芝_稍_1,札幌_重賞_M_芝_稍_2,札幌_重賞_M_芝_稍_3,札幌_重賞_M_芝_稍_3<,札幌_重賞_M_芝_重_1,札幌_重賞_M_芝_重_2,札幌_重賞_M_芝_重_3,札幌_重賞_M_芝_重_3<,札幌_重賞_M_芝_不_1,札幌_重賞_M_芝_不_2,札幌_重賞_M_芝_不_3,札幌_重賞_M_芝_不_3<,札幌_重賞_M_ダ_良_1,札幌_重賞_M_ダ_良_2,札幌_重賞_M_ダ_良_3,札幌_重賞_M_ダ_良_3<,札幌_重賞_M_ダ_稍_1,札幌_重賞_M_ダ_稍_2,札幌_重賞_M_ダ_稍_3,札幌_重賞_M_ダ_稍_3<,札幌_重賞_M_ダ_重_1,札幌_重賞_M_ダ_重_2,札幌_重賞_M_ダ_重_3,札幌_重賞_M_ダ_重_3<,札幌_重賞_M_ダ_不_1,札幌_重賞_M_ダ_不_2,札幌_重賞_M_ダ_不_3,札幌_重賞_M_ダ_不_3<,札幌_重賞_I_芝_良_1,札幌_重賞_I_芝_良_2,札幌_重賞_I_芝_良_3,札幌_重賞_I_芝_良_3<,札幌_重賞_I_芝_稍_1,札幌_重賞_I_芝_稍_2,札幌_重賞_I_芝_稍_3,札幌_重賞_I_芝_稍_3<,札幌_重賞_I_芝_重_1,札幌_重賞_I_芝_重_2,札幌_重賞_I_芝_重_3,札幌_重賞_I_芝_重_3<,札幌_重賞_I_芝_不_1,札幌_重賞_I_芝_不_2,札幌_重賞_I_芝_不_3,札幌_重賞_I_芝_不_3<,札幌_非重賞_S_芝_良_1,札幌_非重賞_S_芝_良_2,札幌_非重賞_S_芝_良_3,札幌_非重賞_S_芝_良_3<,札幌_非重賞_S_芝_稍_1,札幌_非重賞_S_芝_稍_2,札幌_非重賞_S_芝_稍_3,札幌_非重賞_S_芝_稍_3<,札幌_非重賞_S_芝_重_1,札幌_非重賞_S_芝_重_2,札幌_非重賞_S_芝_重_3,札幌_非重賞_S_芝_重_3<,札幌_非重賞_S_芝_不_1,札幌_非重賞_S_芝_不_2,札幌_非重賞_S_芝_不_3,札幌_非重賞_S_芝_不_3<,札幌_非重賞_S_ダ_良_1,札幌_非重賞_S_ダ_良_2,札幌_非重賞_S_ダ_良_3,札幌_非重賞_S_ダ_良_3<,札幌_非重賞_S_ダ_稍_1,札幌_非重賞_S_ダ_稍_2,札幌_非重賞_S_ダ_稍_3,札幌_非重賞_S_ダ_稍_3<,札幌_非重賞_S_ダ_重_1,札幌_非重賞_S_ダ_重_2,札幌_非重賞_S_ダ_重_3,札幌_非重賞_S_ダ_重_3<,札幌_非重賞_S_ダ_不_1,札幌_非重賞_S_ダ_不_2,札幌_非重賞_S_ダ_不_3,札幌_非重賞_S_ダ_不_3<,札幌_非重賞_M_芝_良_1,札幌_非重賞_M_芝_良_2,札幌_非重賞_M_芝_良_3,札幌_非重賞_M_芝_良_3<,札幌_非重賞_M_芝_稍_1,札幌_非重賞_M_芝_稍_2,札幌_非重賞_M_芝_稍_3,札幌_非重賞_M_芝_稍_3<,札幌_非重賞_M_芝_重_1,札幌_非重賞_M_芝_重_2,札幌_非重賞_M_芝_重_3,札幌_非重賞_M_芝_重_3<,札幌_非重賞_M_芝_不_1,札幌_非重賞_M_芝_不_2,札幌_非重賞_M_芝_不_3,札幌_非重賞_M_芝_不_3<,札幌_非重賞_M_ダ_良_1,札幌_非重賞_M_ダ_良_2,札幌_非重賞_M_ダ_良_3,札幌_非重賞_M_ダ_良_3<,札幌_非重賞_M_ダ_稍_1,札幌_非重賞_M_ダ_稍_2,札幌_非重賞_M_ダ_稍_3,札幌_非重賞_M_ダ_稍_3<,札幌_非重賞_M_ダ_重_1,札幌_非重賞_M_ダ_重_2,札幌_非重賞_M_ダ_重_3,札幌_非重賞_M_ダ_重_3<,札幌_非重賞_M_ダ_不_1,札幌_非重賞_M_ダ_不_2,札幌_非重賞_M_ダ_不_3,札幌_非重賞_M_ダ_不_3<,札幌_非重賞_I_芝_良_1,札幌_非重賞_I_芝_良_2,札幌_非重賞_I_芝_良_3,札幌_非重賞_I_芝_良_3<,札幌_非重賞_I_芝_稍_1,札幌_非重賞_I_芝_稍_2,札幌_非重賞_I_芝_稍_3,札幌_非重賞_I_芝_稍_3<,札幌_非重賞_I_芝_重_1,札幌_非重賞_I_芝_重_2,札幌_非重賞_I_芝_重_3,札幌_非重賞_I_芝_重_3<,札幌_非重賞_I_芝_不_1,札幌_非重賞_I_芝_不_2,札幌_非重賞_I_芝_不_3,札幌_非重賞_I_芝_不_3<,札幌_非重賞_I_ダ_良_1,札幌_非重賞_I_ダ_良_2,札幌_非重賞_I_ダ_良_3,札幌_非重賞_I_ダ_良_3<,札幌_非重賞_I_ダ_稍_1,札幌_非重賞_I_ダ_稍_2,札幌_非重賞_I_ダ_稍_3,札幌_非重賞_I_ダ_稍_3<,札幌_非重賞_I_ダ_重_1,札幌_非重賞_I_ダ_重_2,札幌_非重賞_I_ダ_重_3,札幌_非重賞_I_ダ_重_3<,札幌_非重賞_I_ダ_不_1,札幌_非重賞_I_ダ_不_2,札幌_非重賞_I_ダ_不_3,札幌_非重賞_I_ダ_不_3<,札幌_非重賞_L_芝_良_1,札幌_非重賞_L_芝_良_2,札幌_非重賞_L_芝_良_3,札幌_非重賞_L_芝_良_3<,札幌_非重賞_L_芝_稍_1,札幌_非重賞_L_芝_稍_2,札幌_非重賞_L_芝_稍_3,札幌_非重賞_L_芝_稍_3<,札幌_非重賞_L_芝_重_1,札幌_非重賞_L_芝_重_2,札幌_非重賞_L_芝_重_3,札幌_非重賞_L_芝_重_3<,札幌_非重賞_L_芝_不_1,札幌_非重賞_L_芝_不_2,札幌_非重賞_L_芝_不_3,札幌_非重賞_L_芝_不_3<,函館_重賞_S_芝_良_1,函館_重賞_S_芝_良_2,函館_重賞_S_芝_良_3,函館_重賞_S_芝_良_3<,函館_重賞_S_芝_稍_1,函館_重賞_S_芝_稍_2,函館_重賞_S_芝_稍_3,函館_重賞_S_芝_稍_3<,函館_重賞_S_芝_重_1,函館_重賞_S_芝_重_2,函館_重賞_S_芝_重_3,函館_重賞_S_芝_重_3<,函館_重賞_S_芝_不_1,函館_重賞_S_芝_不_2,函館_重賞_S_芝_不_3,函館_重賞_S_芝_不_3<,函館_重賞_M_芝_良_1,函館_重賞_M_芝_良_2,函館_重賞_M_芝_良_3,函館_重賞_M_芝_良_3<,函館_重賞_M_芝_稍_1,函館_重賞_M_芝_稍_2,函館_重賞_M_芝_稍_3,函館_重賞_M_芝_稍_3<,函館_重賞_M_芝_重_1,函館_重賞_M_芝_重_2,函館_重賞_M_芝_重_3,函館_重賞_M_芝_重_3<,函館_重賞_M_芝_不_1,函館_重賞_M_芝_不_2,函館_重賞_M_芝_不_3,函館_重賞_M_芝_不_3<,函館_重賞_I_芝_良_1,函館_重賞_I_芝_良_2,函館_重賞_I_芝_良_3,函館_重賞_I_芝_良_3<,函館_重賞_I_芝_稍_1,函館_重賞_I_芝_稍_2,函館_重賞_I_芝_稍_3,函館_重賞_I_芝_稍_3<,函館_重賞_I_芝_重_1,函館_重賞_I_芝_重_2,函館_重賞_I_芝_重_3,函館_重賞_I_芝_重_3<,函館_重賞_I_芝_不_1,函館_重賞_I_芝_不_2,函館_重賞_I_芝_不_3,函館_重賞_I_芝_不_3<,函館_非重賞_S_芝_良_1,函館_非重賞_S_芝_良_2,函館_非重賞_S_芝_良_3,函館_非重賞_S_芝_良_3<,函館_非重賞_S_芝_稍_1,函館_非重賞_S_芝_稍_2,函館_非重賞_S_芝_稍_3,函館_非重賞_S_芝_稍_3<,函館_非重賞_S_芝_重_1,函館_非重賞_S_芝_重_2,函館_非重賞_S_芝_重_3,函館_非重賞_S_芝_重_3<,函館_非重賞_S_芝_不_1,函館_非重賞_S_芝_不_2,函館_非重賞_S_芝_不_3,函館_非重賞_S_芝_不_3<,函館_非重賞_S_ダ_良_1,函館_非重賞_S_ダ_良_2,函館_非重賞_S_ダ_良_3,函館_非重賞_S_ダ_良_3<,函館_非重賞_S_ダ_稍_1,函館_非重賞_S_ダ_稍_2,函館_非重賞_S_ダ_稍_3,函館_非重賞_S_ダ_稍_3<,函館_非重賞_S_ダ_重_1,函館_非重賞_S_ダ_重_2,函館_非重賞_S_ダ_重_3,函館_非重賞_S_ダ_重_3<,函館_非重賞_S_ダ_不_1,函館_非重賞_S_ダ_不_2,函館_非重賞_S_ダ_不_3,函館_非重賞_S_ダ_不_3<,函館_非重賞_M_芝_良_1,函館_非重賞_M_芝_良_2,函館_非重賞_M_芝_良_3,函館_非重賞_M_芝_良_3<,函館_非重賞_M_芝_稍_1,函館_非重賞_M_芝_稍_2,函館_非重賞_M_芝_稍_3,函館_非重賞_M_芝_稍_3<,函館_非重賞_M_芝_重_1,函館_非重賞_M_芝_重_2,函館_非重賞_M_芝_重_3,函館_非重賞_M_芝_重_3<,函館_非重賞_M_芝_不_1,函館_非重賞_M_芝_不_2,函館_非重賞_M_芝_不_3,函館_非重賞_M_芝_不_3<,函館_非重賞_M_ダ_良_1,函館_非重賞_M_ダ_良_2,函館_非重賞_M_ダ_良_3,函館_非重賞_M_ダ_良_3<,函館_非重賞_M_ダ_稍_1,函館_非重賞_M_ダ_稍_2,函館_非重賞_M_ダ_稍_3,函館_非重賞_M_ダ_稍_3<,函館_非重賞_M_ダ_重_1,函館_非重賞_M_ダ_重_2,函館_非重賞_M_ダ_重_3,函館_非重賞_M_ダ_重_3<,函館_非重賞_M_ダ_不_1,函館_非重賞_M_ダ_不_2,函館_非重賞_M_ダ_不_3,函館_非重賞_M_ダ_不_3<,函館_非重賞_I_芝_良_1,函館_非重賞_I_芝_良_2,函館_非重賞_I_芝_良_3,函館_非重賞_I_芝_良_3<,函館_非重賞_I_芝_稍_1,函館_非重賞_I_芝_稍_2,函館_非重賞_I_芝_稍_3,函館_非重賞_I_芝_稍_3<,函館_非重賞_I_芝_重_1,函館_非重賞_I_芝_重_2,函館_非重賞_I_芝_重_3,函館_非重賞_I_芝_重_3<,函館_非重賞_I_芝_不_1,函館_非重賞_I_芝_不_2,函館_非重賞_I_芝_不_3,函館_非重賞_I_芝_不_3<,函館_非重賞_L_芝_良_1,函館_非重賞_L_芝_良_2,函館_非重賞_L_芝_良_3,函館_非重賞_L_芝_良_3<,函館_非重賞_L_芝_稍_1,函館_非重賞_L_芝_稍_2,函館_非重賞_L_芝_稍_3,函館_非重賞_L_芝_稍_3<,函館_非重賞_L_芝_重_1,函館_非重賞_L_芝_重_2,函館_非重賞_L_芝_重_3,函館_非重賞_L_芝_重_3<,函館_非重賞_L_芝_不_1,函館_非重賞_L_芝_不_2,函館_非重賞_L_芝_不_3,函館_非重賞_L_芝_不_3<,福島_重賞_M_芝_良_1,福島_重賞_M_芝_良_2,福島_重賞_M_芝_良_3,福島_重賞_M_芝_良_3<,福島_重賞_M_芝_稍_1,福島_重賞_M_芝_稍_2,福島_重賞_M_芝_稍_3,福島_重賞_M_芝_稍_3<,福島_重賞_M_芝_重_1,福島_重賞_M_芝_重_2,福島_重賞_M_芝_重_3,福島_重賞_M_芝_重_3<,福島_重賞_M_芝_不_1,福島_重賞_M_芝_不_2,福島_重賞_M_芝_不_3,福島_重賞_M_芝_不_3<,福島_重賞_I_芝_良_1,福島_重賞_I_芝_良_2,福島_重賞_I_芝_良_3,福島_重賞_I_芝_良_3<,福島_重賞_I_芝_稍_1,福島_重賞_I_芝_稍_2,福島_重賞_I_芝_稍_3,福島_重賞_I_芝_稍_3<,福島_重賞_I_芝_重_1,福島_重賞_I_芝_重_2,福島_重賞_I_芝_重_3,福島_重賞_I_芝_重_3<,福島_重賞_I_芝_不_1,福島_重賞_I_芝_不_2,福島_重賞_I_芝_不_3,福島_重賞_I_芝_不_3<,福島_非重賞_S_芝_良_1,福島_非重賞_S_芝_良_2,福島_非重賞_S_芝_良_3,福島_非重賞_S_芝_良_3<,福島_非重賞_S_芝_稍_1,福島_非重賞_S_芝_稍_2,福島_非重賞_S_芝_稍_3,福島_非重賞_S_芝_稍_3<,福島_非重賞_S_芝_重_1,福島_非重賞_S_芝_重_2,福島_非重賞_S_芝_重_3,福島_非重賞_S_芝_重_3<,福島_非重賞_S_芝_不_1,福島_非重賞_S_芝_不_2,福島_非重賞_S_芝_不_3,福島_非重賞_S_芝_不_3<,福島_非重賞_S_ダ_良_1,福島_非重賞_S_ダ_良_2,福島_非重賞_S_ダ_良_3,福島_非重賞_S_ダ_良_3<,福島_非重賞_S_ダ_稍_1,福島_非重賞_S_ダ_稍_2,福島_非重賞_S_ダ_稍_3,福島_非重賞_S_ダ_稍_3<,福島_非重賞_S_ダ_重_1,福島_非重賞_S_ダ_重_2,福島_非重賞_S_ダ_重_3,福島_非重賞_S_ダ_重_3<,福島_非重賞_S_ダ_不_1,福島_非重賞_S_ダ_不_2,福島_非重賞_S_ダ_不_3,福島_非重賞_S_ダ_不_3<,福島_非重賞_M_芝_良_1,福島_非重賞_M_芝_良_2,福島_非重賞_M_芝_良_3,福島_非重賞_M_芝_良_3<,福島_非重賞_M_芝_稍_1,福島_非重賞_M_芝_稍_2,福島_非重賞_M_芝_稍_3,福島_非重賞_M_芝_稍_3<,福島_非重賞_M_芝_重_1,福島_非重賞_M_芝_重_2,福島_非重賞_M_芝_重_3,福島_非重賞_M_芝_重_3<,福島_非重賞_M_芝_不_1,福島_非重賞_M_芝_不_2,福島_非重賞_M_芝_不_3,福島_非重賞_M_芝_不_3<,福島_非重賞_M_ダ_良_1,福島_非重賞_M_ダ_良_2,福島_非重賞_M_ダ_良_3,福島_非重賞_M_ダ_良_3<,福島_非重賞_M_ダ_稍_1,福島_非重賞_M_ダ_稍_2,福島_非重賞_M_ダ_稍_3,福島_非重賞_M_ダ_稍_3<,福島_非重賞_M_ダ_重_1,福島_非重賞_M_ダ_重_2,福島_非重賞_M_ダ_重_3,福島_非重賞_M_ダ_重_3<,福島_非重賞_M_ダ_不_1,福島_非重賞_M_ダ_不_2,福島_非重賞_M_ダ_不_3,福島_非重賞_M_ダ_不_3<,福島_非重賞_I_芝_良_1,福島_非重賞_I_芝_良_2,福島_非重賞_I_芝_良_3,福島_非重賞_I_芝_良_3<,福島_非重賞_I_芝_稍_1,福島_非重賞_I_芝_稍_2,福島_非重賞_I_芝_稍_3,福島_非重賞_I_芝_稍_3<,福島_非重賞_I_芝_重_1,福島_非重賞_I_芝_重_2,福島_非重賞_I_芝_重_3,福島_非重賞_I_芝_重_3<,福島_非重賞_I_芝_不_1,福島_非重賞_I_芝_不_2,福島_非重賞_I_芝_不_3,福島_非重賞_I_芝_不_3<,福島_非重賞_L_芝_良_1,福島_非重賞_L_芝_良_2,福島_非重賞_L_芝_良_3,福島_非重賞_L_芝_良_3<,福島_非重賞_L_芝_稍_1,福島_非重賞_L_芝_稍_2,福島_非重賞_L_芝_稍_3,福島_非重賞_L_芝_稍_3<,福島_非重賞_L_芝_重_1,福島_非重賞_L_芝_重_2,福島_非重賞_L_芝_重_3,福島_非重賞_L_芝_重_3<,福島_非重賞_L_芝_不_1,福島_非重賞_L_芝_不_2,福島_非重賞_L_芝_不_3,福島_非重賞_L_芝_不_3<,福島_非重賞_E_障_良_1,福島_非重賞_E_障_良_2,福島_非重賞_E_障_良_3,福島_非重賞_E_障_良_3<,福島_非重賞_E_障_稍_1,福島_非重賞_E_障_稍_2,福島_非重賞_E_障_稍_3,福島_非重賞_E_障_稍_3<,福島_非重賞_E_障_重_1,福島_非重賞_E_障_重_2,福島_非重賞_E_障_重_3,福島_非重賞_E_障_重_3<,福島_非重賞_E_障_不_1,福島_非重賞_E_障_不_2,福島_非重賞_E_障_不_3,福島_非重賞_E_障_不_3<,新潟_重賞_S_芝_良_1,新潟_重賞_S_芝_良_2,新潟_重賞_S_芝_良_3,新潟_重賞_S_芝_良_3<,新潟_重賞_S_芝_稍_1,新潟_重賞_S_芝_稍_2,新潟_重賞_S_芝_稍_3,新潟_重賞_S_芝_稍_3<,新潟_重賞_S_芝_重_1,新潟_重賞_S_芝_重_2,新潟_重賞_S_芝_重_3,新潟_重賞_S_芝_重_3<,新潟_重賞_S_芝_不_1,新潟_重賞_S_芝_不_2,新潟_重賞_S_芝_不_3,新潟_重賞_S_芝_不_3<,新潟_重賞_M_芝_良_1,新潟_重賞_M_芝_良_2,新潟_重賞_M_芝_良_3,新潟_重賞_M_芝_良_3<,新潟_重賞_M_芝_稍_1,新潟_重賞_M_芝_稍_2,新潟_重賞_M_芝_稍_3,新潟_重賞_M_芝_稍_3<,新潟_重賞_M_芝_重_1,新潟_重賞_M_芝_重_2,新潟_重賞_M_芝_重_3,新潟_重賞_M_芝_重_3<,新潟_重賞_M_芝_不_1,新潟_重賞_M_芝_不_2,新潟_重賞_M_芝_不_3,新潟_重賞_M_芝_不_3<,新潟_重賞_M_ダ_良_1,新潟_重賞_M_ダ_良_2,新潟_重賞_M_ダ_良_3,新潟_重賞_M_ダ_良_3<,新潟_重賞_M_ダ_稍_1,新潟_重賞_M_ダ_稍_2,新潟_重賞_M_ダ_稍_3,新潟_重賞_M_ダ_稍_3<,新潟_重賞_M_ダ_重_1,新潟_重賞_M_ダ_重_2,新潟_重賞_M_ダ_重_3,新潟_重賞_M_ダ_重_3<,新潟_重賞_M_ダ_不_1,新潟_重賞_M_ダ_不_2,新潟_重賞_M_ダ_不_3,新潟_重賞_M_ダ_不_3<,新潟_重賞_I_芝_良_1,新潟_重賞_I_芝_良_2,新潟_重賞_I_芝_良_3,新潟_重賞_I_芝_良_3<,新潟_重賞_I_芝_稍_1,新潟_重賞_I_芝_稍_2,新潟_重賞_I_芝_稍_3,新潟_重賞_I_芝_稍_3<,新潟_重賞_I_芝_重_1,新潟_重賞_I_芝_重_2,新潟_重賞_I_芝_重_3,新潟_重賞_I_芝_重_3<,新潟_重賞_I_芝_不_1,新潟_重賞_I_芝_不_2,新潟_重賞_I_芝_不_3,新潟_重賞_I_芝_不_3<,新潟_重賞_L_芝_良_1,新潟_重賞_L_芝_良_2,新潟_重賞_L_芝_良_3,新潟_重賞_L_芝_良_3<,新潟_重賞_L_芝_稍_1,新潟_重賞_L_芝_稍_2,新潟_重賞_L_芝_稍_3,新潟_重賞_L_芝_稍_3<,新潟_重賞_L_芝_重_1,新潟_重賞_L_芝_重_2,新潟_重賞_L_芝_重_3,新潟_重賞_L_芝_重_3<,新潟_重賞_L_芝_不_1,新潟_重賞_L_芝_不_2,新潟_重賞_L_芝_不_3,新潟_重賞_L_芝_不_3<,新潟_非重賞_S_芝_良_1,新潟_非重賞_S_芝_良_2,新潟_非重賞_S_芝_良_3,新潟_非重賞_S_芝_良_3<,新潟_非重賞_S_芝_稍_1,新潟_非重賞_S_芝_稍_2,新潟_非重賞_S_芝_稍_3,新潟_非重賞_S_芝_稍_3<,新潟_非重賞_S_芝_重_1,新潟_非重賞_S_芝_重_2,新潟_非重賞_S_芝_重_3,新潟_非重賞_S_芝_重_3<,新潟_非重賞_S_芝_不_1,新潟_非重賞_S_芝_不_2,新潟_非重賞_S_芝_不_3,新潟_非重賞_S_芝_不_3<,新潟_非重賞_S_ダ_良_1,新潟_非重賞_S_ダ_良_2,新潟_非重賞_S_ダ_良_3,新潟_非重賞_S_ダ_良_3<,新潟_非重賞_S_ダ_稍_1,新潟_非重賞_S_ダ_稍_2,新潟_非重賞_S_ダ_稍_3,新潟_非重賞_S_ダ_稍_3<,新潟_非重賞_S_ダ_重_1,新潟_非重賞_S_ダ_重_2,新潟_非重賞_S_ダ_重_3,新潟_非重賞_S_ダ_重_3<,新潟_非重賞_S_ダ_不_1,新潟_非重賞_S_ダ_不_2,新潟_非重賞_S_ダ_不_3,新潟_非重賞_S_ダ_不_3<,新潟_非重賞_M_芝_良_1,新潟_非重賞_M_芝_良_2,新潟_非重賞_M_芝_良_3,新潟_非重賞_M_芝_良_3<,新潟_非重賞_M_芝_稍_1,新潟_非重賞_M_芝_稍_2,新潟_非重賞_M_芝_稍_3,新潟_非重賞_M_芝_稍_3<,新潟_非重賞_M_芝_重_1,新潟_非重賞_M_芝_重_2,新潟_非重賞_M_芝_重_3,新潟_非重賞_M_芝_重_3<,新潟_非重賞_M_芝_不_1,新潟_非重賞_M_芝_不_2,新潟_非重賞_M_芝_不_3,新潟_非重賞_M_芝_不_3<,新潟_非重賞_M_ダ_良_1,新潟_非重賞_M_ダ_良_2,新潟_非重賞_M_ダ_良_3,新潟_非重賞_M_ダ_良_3<,新潟_非重賞_M_ダ_稍_1,新潟_非重賞_M_ダ_稍_2,新潟_非重賞_M_ダ_稍_3,新潟_非重賞_M_ダ_稍_3<,新潟_非重賞_M_ダ_重_1,新潟_非重賞_M_ダ_重_2,新潟_非重賞_M_ダ_重_3,新潟_非重賞_M_ダ_重_3<,新潟_非重賞_M_ダ_不_1,新潟_非重賞_M_ダ_不_2,新潟_非重賞_M_ダ_不_3,新潟_非重賞_M_ダ_不_3<,新潟_非重賞_I_芝_良_1,新潟_非重賞_I_芝_良_2,新潟_非重賞_I_芝_良_3,新潟_非重賞_I_芝_良_3<,新潟_非重賞_I_芝_稍_1,新潟_非重賞_I_芝_稍_2,新潟_非重賞_I_芝_稍_3,新潟_非重賞_I_芝_稍_3<,新潟_非重賞_I_芝_重_1,新潟_非重賞_I_芝_重_2,新潟_非重賞_I_芝_重_3,新潟_非重賞_I_芝_重_3<,新潟_非重賞_I_芝_不_1,新潟_非重賞_I_芝_不_2,新潟_非重賞_I_芝_不_3,新潟_非重賞_I_芝_不_3<,新潟_非重賞_L_芝_良_1,新潟_非重賞_L_芝_良_2,新潟_非重賞_L_芝_良_3,新潟_非重賞_L_芝_良_3<,新潟_非重賞_L_芝_稍_1,新潟_非重賞_L_芝_稍_2,新潟_非重賞_L_芝_稍_3,新潟_非重賞_L_芝_稍_3<,新潟_非重賞_L_芝_重_1,新潟_非重賞_L_芝_重_2,新潟_非重賞_L_芝_重_3,新潟_非重賞_L_芝_重_3<,新潟_非重賞_L_芝_不_1,新潟_非重賞_L_芝_不_2,新潟_非重賞_L_芝_不_3,新潟_非重賞_L_芝_不_3<,中山_重賞_S_芝_良_1,中山_重賞_S_芝_良_2,中山_重賞_S_芝_良_3,中山_重賞_S_芝_良_3<,中山_重賞_S_芝_稍_1,中山_重賞_S_芝_稍_2,中山_重賞_S_芝_稍_3,中山_重賞_S_芝_稍_3<,中山_重賞_S_芝_重_1,中山_重賞_S_芝_重_2,中山_重賞_S_芝_重_3,中山_重賞_S_芝_重_3<,中山_重賞_S_芝_不_1,中山_重賞_S_芝_不_2,中山_重賞_S_芝_不_3,中山_重賞_S_芝_不_3<,中山_重賞_S_ダ_良_1,中山_重賞_S_ダ_良_2,中山_重賞_S_ダ_良_3,中山_重賞_S_ダ_良_3<,中山_重賞_S_ダ_稍_1,中山_重賞_S_ダ_稍_2,中山_重賞_S_ダ_稍_3,中山_重賞_S_ダ_稍_3<,中山_重賞_S_ダ_重_1,中山_重賞_S_ダ_重_2,中山_重賞_S_ダ_重_3,中山_重賞_S_ダ_重_3<,中山_重賞_S_ダ_不_1,中山_重賞_S_ダ_不_2,中山_重賞_S_ダ_不_3,中山_重賞_S_ダ_不_3<,中山_重賞_M_芝_良_1,中山_重賞_M_芝_良_2,中山_重賞_M_芝_良_3,中山_重賞_M_芝_良_3<,中山_重賞_M_芝_稍_1,中山_重賞_M_芝_稍_2,中山_重賞_M_芝_稍_3,中山_重賞_M_芝_稍_3<,中山_重賞_M_芝_重_1,中山_重賞_M_芝_重_2,中山_重賞_M_芝_重_3,中山_重賞_M_芝_重_3<,中山_重賞_M_芝_不_1,中山_重賞_M_芝_不_2,中山_重賞_M_芝_不_3,中山_重賞_M_芝_不_3<,中山_重賞_M_ダ_良_1,中山_重賞_M_ダ_良_2,中山_重賞_M_ダ_良_3,中山_重賞_M_ダ_良_3<,中山_重賞_M_ダ_稍_1,中山_重賞_M_ダ_稍_2,中山_重賞_M_ダ_稍_3,中山_重賞_M_ダ_稍_3<,中山_重賞_M_ダ_重_1,中山_重賞_M_ダ_重_2,中山_重賞_M_ダ_重_3,中山_重賞_M_ダ_重_3<,中山_重賞_M_ダ_不_1,中山_重賞_M_ダ_不_2,中山_重賞_M_ダ_不_3,中山_重賞_M_ダ_不_3<,中山_重賞_I_芝_良_1,中山_重賞_I_芝_良_2,中山_重賞_I_芝_良_3,中山_重賞_I_芝_良_3<,中山_重賞_I_芝_稍_1,中山_重賞_I_芝_稍_2,中山_重賞_I_芝_稍_3,中山_重賞_I_芝_稍_3<,中山_重賞_I_芝_重_1,中山_重賞_I_芝_重_2,中山_重賞_I_芝_重_3,中山_重賞_I_芝_重_3<,中山_重賞_I_芝_不_1,中山_重賞_I_芝_不_2,中山_重賞_I_芝_不_3,中山_重賞_I_芝_不_3<,中山_重賞_L_芝_良_1,中山_重賞_L_芝_良_2,中山_重賞_L_芝_良_3,中山_重賞_L_芝_良_3<,中山_重賞_L_芝_稍_1,中山_重賞_L_芝_稍_2,中山_重賞_L_芝_稍_3,中山_重賞_L_芝_稍_3<,中山_重賞_L_芝_重_1,中山_重賞_L_芝_重_2,中山_重賞_L_芝_重_3,中山_重賞_L_芝_重_3<,中山_重賞_L_芝_不_1,中山_重賞_L_芝_不_2,中山_重賞_L_芝_不_3,中山_重賞_L_芝_不_3<,中山_重賞_E_芝_良_1,中山_重賞_E_芝_良_2,中山_重賞_E_芝_良_3,中山_重賞_E_芝_良_3<,中山_重賞_E_芝_稍_1,中山_重賞_E_芝_稍_2,中山_重賞_E_芝_稍_3,中山_重賞_E_芝_稍_3<,中山_重賞_E_芝_重_1,中山_重賞_E_芝_重_2,中山_重賞_E_芝_重_3,中山_重賞_E_芝_重_3<,中山_重賞_E_芝_不_1,中山_重賞_E_芝_不_2,中山_重賞_E_芝_不_3,中山_重賞_E_芝_不_3<,中山_非重賞_S_芝_良_1,中山_非重賞_S_芝_良_2,中山_非重賞_S_芝_良_3,中山_非重賞_S_芝_良_3<,中山_非重賞_S_芝_稍_1,中山_非重賞_S_芝_稍_2,中山_非重賞_S_芝_稍_3,中山_非重賞_S_芝_稍_3<,中山_非重賞_S_芝_重_1,中山_非重賞_S_芝_重_2,中山_非重賞_S_芝_重_3,中山_非重賞_S_芝_重_3<,中山_非重賞_S_芝_不_1,中山_非重賞_S_芝_不_2,中山_非重賞_S_芝_不_3,中山_非重賞_S_芝_不_3<,中山_非重賞_S_ダ_良_1,中山_非重賞_S_ダ_良_2,中山_非重賞_S_ダ_良_3,中山_非重賞_S_ダ_良_3<,中山_非重賞_S_ダ_稍_1,中山_非重賞_S_ダ_稍_2,中山_非重賞_S_ダ_稍_3,中山_非重賞_S_ダ_稍_3<,中山_非重賞_S_ダ_重_1,中山_非重賞_S_ダ_重_2,中山_非重賞_S_ダ_重_3,中山_非重賞_S_ダ_重_3<,中山_非重賞_S_ダ_不_1,中山_非重賞_S_ダ_不_2,中山_非重賞_S_ダ_不_3,中山_非重賞_S_ダ_不_3<,中山_非重賞_M_芝_良_1,中山_非重賞_M_芝_良_2,中山_非重賞_M_芝_良_3,中山_非重賞_M_芝_良_3<,中山_非重賞_M_芝_稍_1,中山_非重賞_M_芝_稍_2,中山_非重賞_M_芝_稍_3,中山_非重賞_M_芝_稍_3<,中山_非重賞_M_芝_重_1,中山_非重賞_M_芝_重_2,中山_非重賞_M_芝_重_3,中山_非重賞_M_芝_重_3<,中山_非重賞_M_芝_不_1,中山_非重賞_M_芝_不_2,中山_非重賞_M_芝_不_3,中山_非重賞_M_芝_不_3<,中山_非重賞_M_ダ_良_1,中山_非重賞_M_ダ_良_2,中山_非重賞_M_ダ_良_3,中山_非重賞_M_ダ_良_3<,中山_非重賞_M_ダ_稍_1,中山_非重賞_M_ダ_稍_2,中山_非重賞_M_ダ_稍_3,中山_非重賞_M_ダ_稍_3<,中山_非重賞_M_ダ_重_1,中山_非重賞_M_ダ_重_2,中山_非重賞_M_ダ_重_3,中山_非重賞_M_ダ_重_3<,中山_非重賞_M_ダ_不_1,中山_非重賞_M_ダ_不_2,中山_非重賞_M_ダ_不_3,中山_非重賞_M_ダ_不_3<,中山_非重賞_I_芝_良_1,中山_非重賞_I_芝_良_2,中山_非重賞_I_芝_良_3,中山_非重賞_I_芝_良_3<,中山_非重賞_I_芝_稍_1,中山_非重賞_I_芝_稍_2,中山_非重賞_I_芝_稍_3,中山_非重賞_I_芝_稍_3<,中山_非重賞_I_芝_重_1,中山_非重賞_I_芝_重_2,中山_非重賞_I_芝_重_3,中山_非重賞_I_芝_重_3<,中山_非重賞_I_芝_不_1,中山_非重賞_I_芝_不_2,中山_非重賞_I_芝_不_3,中山_非重賞_I_芝_不_3<,中山_非重賞_L_芝_良_1,中山_非重賞_L_芝_良_2,中山_非重賞_L_芝_良_3,中山_非重賞_L_芝_良_3<,中山_非重賞_L_芝_稍_1,中山_非重賞_L_芝_稍_2,中山_非重賞_L_芝_稍_3,中山_非重賞_L_芝_稍_3<,中山_非重賞_L_芝_重_1,中山_非重賞_L_芝_重_2,中山_非重賞_L_芝_重_3,中山_非重賞_L_芝_重_3<,中山_非重賞_L_芝_不_1,中山_非重賞_L_芝_不_2,中山_非重賞_L_芝_不_3,中山_非重賞_L_芝_不_3<,中山_非重賞_L_ダ_良_1,中山_非重賞_L_ダ_良_2,中山_非重賞_L_ダ_良_3,中山_非重賞_L_ダ_良_3<,中山_非重賞_L_ダ_稍_1,中山_非重賞_L_ダ_稍_2,中山_非重賞_L_ダ_稍_3,中山_非重賞_L_ダ_稍_3<,中山_非重賞_L_ダ_重_1,中山_非重賞_L_ダ_重_2,中山_非重賞_L_ダ_重_3,中山_非重賞_L_ダ_重_3<,中山_非重賞_L_ダ_不_1,中山_非重賞_L_ダ_不_2,中山_非重賞_L_ダ_不_3,中山_非重賞_L_ダ_不_3<,東京_重賞_S_ダ_良_1,東京_重賞_S_ダ_良_2,東京_重賞_S_ダ_良_3,東京_重賞_S_ダ_良_3<,東京_重賞_S_ダ_稍_1,東京_重賞_S_ダ_稍_2,東京_重賞_S_ダ_稍_3,東京_重賞_S_ダ_稍_3<,東京_重賞_S_ダ_重_1,東京_重賞_S_ダ_重_2,東京_重賞_S_ダ_重_3,東京_重賞_S_ダ_重_3<,東京_重賞_S_ダ_不_1,東京_重賞_S_ダ_不_2,東京_重賞_S_ダ_不_3,東京_重賞_S_ダ_不_3<,東京_重賞_M_芝_良_1,東京_重賞_M_芝_良_2,東京_重賞_M_芝_良_3,東京_重賞_M_芝_良_3<,東京_重賞_M_芝_稍_1,東京_重賞_M_芝_稍_2,東京_重賞_M_芝_稍_3,東京_重賞_M_芝_稍_3<,東京_重賞_M_芝_重_1,東京_重賞_M_芝_重_2,東京_重賞_M_芝_重_3,東京_重賞_M_芝_重_3<,東京_重賞_M_芝_不_1,東京_重賞_M_芝_不_2,東京_重賞_M_芝_不_3,東京_重賞_M_芝_不_3<,東京_重賞_M_ダ_良_1,東京_重賞_M_ダ_良_2,東京_重賞_M_ダ_良_3,東京_重賞_M_ダ_良_3<,東京_重賞_M_ダ_稍_1,東京_重賞_M_ダ_稍_2,東京_重賞_M_ダ_稍_3,東京_重賞_M_ダ_稍_3<,東京_重賞_M_ダ_重_1,東京_重賞_M_ダ_重_2,東京_重賞_M_ダ_重_3,東京_重賞_M_ダ_重_3<,東京_重賞_M_ダ_不_1,東京_重賞_M_ダ_不_2,東京_重賞_M_ダ_不_3,東京_重賞_M_ダ_不_3<,東京_重賞_I_芝_良_1,東京_重賞_I_芝_良_2,東京_重賞_I_芝_良_3,東京_重賞_I_芝_良_3<,東京_重賞_I_芝_稍_1,東京_重賞_I_芝_稍_2,東京_重賞_I_芝_稍_3,東京_重賞_I_芝_稍_3<,東京_重賞_I_芝_重_1,東京_重賞_I_芝_重_2,東京_重賞_I_芝_重_3,東京_重賞_I_芝_重_3<,東京_重賞_I_芝_不_1,東京_重賞_I_芝_不_2,東京_重賞_I_芝_不_3,東京_重賞_I_芝_不_3<,東京_重賞_I_ダ_良_1,東京_重賞_I_ダ_良_2,東京_重賞_I_ダ_良_3,東京_重賞_I_ダ_良_3<,東京_重賞_I_ダ_稍_1,東京_重賞_I_ダ_稍_2,東京_重賞_I_ダ_稍_3,東京_重賞_I_ダ_稍_3<,東京_重賞_I_ダ_重_1,東京_重賞_I_ダ_重_2,東京_重賞_I_ダ_重_3,東京_重賞_I_ダ_重_3<,東京_重賞_I_ダ_不_1,東京_重賞_I_ダ_不_2,東京_重賞_I_ダ_不_3,東京_重賞_I_ダ_不_3<,東京_重賞_L_芝_良_1,東京_重賞_L_芝_良_2,東京_重賞_L_芝_良_3,東京_重賞_L_芝_良_3<,東京_重賞_L_芝_稍_1,東京_重賞_L_芝_稍_2,東京_重賞_L_芝_稍_3,東京_重賞_L_芝_稍_3<,東京_重賞_L_芝_重_1,東京_重賞_L_芝_重_2,東京_重賞_L_芝_重_3,東京_重賞_L_芝_重_3<,東京_重賞_L_芝_不_1,東京_重賞_L_芝_不_2,東京_重賞_L_芝_不_3,東京_重賞_L_芝_不_3<,東京_重賞_E_芝_良_1,東京_重賞_E_芝_良_2,東京_重賞_E_芝_良_3,東京_重賞_E_芝_良_3<,東京_重賞_E_芝_稍_1,東京_重賞_E_芝_稍_2,東京_重賞_E_芝_稍_3,東京_重賞_E_芝_稍_3<,東京_重賞_E_芝_重_1,東京_重賞_E_芝_重_2,東京_重賞_E_芝_重_3,東京_重賞_E_芝_重_3<,東京_重賞_E_芝_不_1,東京_重賞_E_芝_不_2,東京_重賞_E_芝_不_3,東京_重賞_E_芝_不_3<,東京_非重賞_S_ダ_良_1,東京_非重賞_S_ダ_良_2,東京_非重賞_S_ダ_良_3,東京_非重賞_S_ダ_良_3<,東京_非重賞_S_ダ_稍_1,東京_非重賞_S_ダ_稍_2,東京_非重賞_S_ダ_稍_3,東京_非重賞_S_ダ_稍_3<,東京_非重賞_S_ダ_重_1,東京_非重賞_S_ダ_重_2,東京_非重賞_S_ダ_重_3,東京_非重賞_S_ダ_重_3<,東京_非重賞_S_ダ_不_1,東京_非重賞_S_ダ_不_2,東京_非重賞_S_ダ_不_3,東京_非重賞_S_ダ_不_3<,東京_非重賞_M_芝_良_1,東京_非重賞_M_芝_良_2,東京_非重賞_M_芝_良_3,東京_非重賞_M_芝_良_3<,東京_非重賞_M_芝_稍_1,東京_非重賞_M_芝_稍_2,東京_非重賞_M_芝_稍_3,東京_非重賞_M_芝_稍_3<,東京_非重賞_M_芝_重_1,東京_非重賞_M_芝_重_2,東京_非重賞_M_芝_重_3,東京_非重賞_M_芝_重_3<,東京_非重賞_M_芝_不_1,東京_非重賞_M_芝_不_2,東京_非重賞_M_芝_不_3,東京_非重賞_M_芝_不_3<,東京_非重賞_M_ダ_良_1,東京_非重賞_M_ダ_良_2,東京_非重賞_M_ダ_良_3,東京_非重賞_M_ダ_良_3<,東京_非重賞_M_ダ_稍_1,東京_非重賞_M_ダ_稍_2,東京_非重賞_M_ダ_稍_3,東京_非重賞_M_ダ_稍_3<,東京_非重賞_M_ダ_重_1,東京_非重賞_M_ダ_重_2,東京_非重賞_M_ダ_重_3,東京_非重賞_M_ダ_重_3<,東京_非重賞_M_ダ_不_1,東京_非重賞_M_ダ_不_2,東京_非重賞_M_ダ_不_3
0,22,0,242,133,0,0,0,0,0,0,0,0,0,0,0,0,436,0,0,128,5,153,0,22,0,0,0,0,0,0,0,0,12,75,25,57,0,0,0,0,0,2,0,0,0,0,4,19,294,240,228,307,32,285,8,20,0,0,0,0,0,0,0,0,22,22,14,38,0,12,0,0,0,0,8,0,0,0,0,0,15,114,0,7,0,0,0,13,0,0,0,0,0,0,0,0,545,24,81,55,173,53,13,13,0,0,0,0,0,0,0,0,62,53,0,83,0,0,0,9,0,0,0,0,0,0,0,9,265,7,1,36,2,0,0,0,0,3,0,0,0,0,0,0,0,4,0,0,0,0,0,0,0,0,0,0,0,0,0,0,712,155,0,3,0,0,0,2,0,0,0,0,0,0,0,0,256,477,2,151,0,0,0,49,0,0,0,8,0,8,0,0,0,0,0,0,0,0,0,0,0,0,0,0,0,0,0,1,15,1,26,34,0,0,0,26,6,10,0,90,0,0,0,0,159,12,6,54,0,1,0,0,2,2,0,6,14,0,0,5,0,13,0,0,0,0,0,0,7,0,0,0,0,0,0,0,441,20,0,31,0,5,0,0,6,0,0,1,0,0,0,0,19,18,0,35,0,0,0,1,23,1,0,0,0,1,0,9,55,22,10,89,8,0,0,1,0,0,0,0,17,0,0,0,3,1,3,0,1,1,0,0,0,0,0,0,0,0,0,0,4,168,101,57,0,0,0,0,0,6,0,0,0,0,0,0,8,1,1,115,11,65,2,14,16,0,0,0,0,0,0,0,140,44,2,121,0,0,0,5,0,0,0,0,0,0,0,0,9,0,0,3,0,0,0,0,0,0,0,0,13,0,0,0,36,4,2,36,0,0,10,6,0,0,0,4,0,0,0,64,24,1,0,19,0,0,0,109,0,0,0,1,0,0,0,2,35,8,0,10,1,0,0,0,0,1,0,0,0,0,0,0,0,0,0,17,0,0,0,0,0,0,0,0,0,0,0,0,0,0,0,0,0,0,0,2,0,0,0,0,0,0,2,0,39,39,16,156,0,0,0,0,0,0,0,6,0,0,0,0,32,987,27,56,0,13,0,4,0,0,0,0,0,0,0,0,131,0,1,36,113,0,0,0,0,0,0,0,0,0,0,0,0,0,10,304,0,0,0,128,0,0,0,0,0,0,0,0,143,70,0,95,0,0,0,0,0,0,0,0,0,0,0,0,297,33,0,37,19,0,0,0,0,0,0,0,0,0,0,0,25,3,0,16,0,0,1,0,8,0,0,12,0,0,0,0,634,22,22,69,11,14,0,3,200,0,0,39,0,0,0,0,57,7,0,197,36,0,0,2,0,4,0,0,0,0,0,109,1,0,21,18,1,0,0,4,0,0,0,0,0,0,0,0,11,0,0,4,0,0,0,3,0,0,0,0,0,0,0,0,1997,980,454,1290,36,14,13,418,220,0,0,53,2,35,0,168,291,12,125,93,0,0,4,2,1,0,0,6,0,0,0,2,2737,584,696,1671,500,112,464,192,41,504,66,270,0,0,0,4,198,11,6,204,183,10,17,25,0,0,2,11,0,0,0,0,4522,881,1855,2447,410,134,212,76,424,5,163,0,342,3,0,260,4361,2192,2324,6470,367,5,575,1028,33,20,379,271,376,0,0,5,0,17,3,4,0,0,0,6,2,0,0,0,0,0,0,0,753,34,12,115,19,1,0,22,1,0,0,2,0,0,0,0,371,6,8,30,184,3,3,4,5,1,13,13,4,2,0,10,1350,1292,535,417,501,183,6,5,13,2,12,5,5,0,2,0,755,14,19,574,173,282,2,121,11,158,2,8,57,37,0,5,119,74,2,251,29,0,0,17,0,2,0,41,16,1,0,8,545,23,4,223,0,17,0,0,0,0,0,0,0,3,0,0,0,0,0,0,14,0,0,0,0,0,0,0,0,0,0,0,0,111,12,16,0,0,0,0,0,0,0,0,0,0,0,0,5924,2800,1757,6757,186,47,8,817,62,3,54,123,496,171,0,830,1359,433,123,1430,2,20,11,262,21,0,0,195,101,7,1,56,1943,876,1149,2968,287,5,14,1214,134,18,3,360,124,63,6,237,462,16,0,134,0,0,0,0,0,0,0,0,0,6,0,11,5723,2690,1732,7113,292,0,3,340,620,216,475,720,213,64,37,158,0,0,3,26,0,162,0,5,0,0,0,0,0,0,0,0,231,0,3,15,0,0,0,0,3,0,0,1,0,0,0,0,3338,890,261,874,466,26,30,270,35,0,16,183,6,305,0,59,1176,434,440,706,124,22,0,30,97,2,4,88,25,3,0
0,22,0,242,133,0,0,0,0,0,0,0,0,0,0,0,0,436,0,0,128,5,153,0,22,0,0,0,0,0,0,0,0,12,75,25,57,0,0,0,0,0,2,0,0,0,0,4,19,294,240,228,307,32,285,8,20,0,0,0,0,0,0,0,0,22,22,14,38,0,12,0,0,0,0,8,0,0,0,0,0,15,114,0,7,0,0,0,13,0,0,0,0,0,0,0,0,545,24,81,55,173,53,13,13,0,0,0,0,0,0,0,0,62,53,0,83,0,0,0,9,0,0,0,0,0,0,0,9,266,7,1,36,2,0,0,0,0,3,0,0,0,0,0,0,0,4,0,0,0,0,0,0,0,0,0,0,0,0,0,0,712,155,0,3,0,0,0,2,0,0,0,0,0,0,0,0,256,477,2,151,0,0,0,49,0,0,0,8,0,8,0,0,0,0,0,0,0,0,0,0,0,0,0,0,0,0,0,1,15,1,26,34,0,0,0,26,6,10,0,90,0,0,0,0,159,12,6,54,0,1,0,0,2,2,0,6,14,0,0,5,0,13,0,0,0,0,0,0,7,0,0,0,0,0,0,0,441,20,0,31,0,5,0,0,6,0,0,1,0,0,0,0,19,18,0,35,0,0,0,1,23,1,0,0,0,1,0,9,55,22,10,89,8,0,0,1,0,0,0,0,17,0,0,0,3,1,3,0,1,1,0,0,0,0,0,0,0,0,0,0,4,168,101,57,0,0,0,0,0,6,0,0,0,0,0,0,8,1,1,115,11,65,2,14,16,0,0,0,0,0,0,0,140,44,2,121,0,0,0,5,0,0,0,0,0,0,0,0,9,0,0,3,0,0,0,0,0,0,0,0,13,0,0,0,36,4,2,36,0,0,10,6,0,0,0,4,0,0,0,64,24,1,0,19,0,0,0,109,0,0,0,1,0,0,0,2,35,8,0,10,1,0,0,0,0,1,0,0,0,0,0,0,0,0,0,17,0,0,0,0,0,0,0,0,0,0,0,0,0,0,0,0,0,0,0,2,0,0,0,0,0,0,2,0,39,39,16,156,0,0,0,0,0,0,0,6,0,0,0,0,32,987,27,56,0,13,0,4,0,0,0,0,0,0,0,0,131,0,1,36,113,0,0,0,0,0,0,0,0,0,0,0,0,0,10,304,0,0,0,128,0,0,0,0,0,0,0,0,143,70,0,95,0,0,0,0,0,0,0,0,0,0,0,0,297,33,0,37,19,0,0,0,0,0,0,0,0,0,0,0,25,3,0,16,0,0,1,0,8,0,0,12,0,0,0,0,634,22,22,69,11,14,0,3,200,0,0,39,0,0,0,0,57,7,0,197,36,0,0,2,0,4,0,0,0,0,0,109,1,0,21,18,1,0,0,4,0,0,0,0,0,0,0,0,11,0,0,4,0,0,0,3,0,0,0,0,0,0,0,0,1997,980,454,1290,36,14,13,418,220,0,0,53,2,35,0,168,291,12,125,93,0,0,4,2,1,0,0,6,0,0,0,2,2737,584,696,1671,500,112,464,192,41,504,66,270,0,0,0,4,198,11,6,204,183,10,17,25,0,0,2,11,0,0,0,0,4521,881,1855,2447,410,134,212,76,424,5,163,0,342,3,0,260,4360,2194,2324,6472,367,5,576,1028,33,20,379,272,376,0,0,5,0,16,3,4,0,0,0,6,2,0,0,0,0,0,0,0,753,34,12,115,19,1,0,22,1,0,0,2,0,0,0,0,371,6,8,30,184,3,3,4,5,1,13,13,4,2,0,10,1350,1292,535,417,501,183,6,5,13,2,12,5,5,0,2,0,755,14,19,574,173,282,2,121,11,158,2,8,57,37,0,5,119,74,2,251,29,0,0,17,0,2,0,41,16,1,0,8,545,23,4,223,0,17,0,0,0,0,0,0,0,3,0,0,0,0,0,0,14,0,0,0,0,0,0,0,0,0,0,0,0,111,12,16,0,0,0,0,0,0,0,0,0,0,0,0,5924,2800,1757,6757,186,47,8,817,62,3,54,123,496,171,0,830,1359,433,123,1430,2,20,11,262,21,0,0,195,101,7,1,56,1943,878,1149,2968,287,5,14,1214,133,17,3,362,124,63,6,237,462,16,0,134,0,0,0,0,0,0,0,0,0,6,0,11,5722,2689,1731,7117,292,0,3,340,621,216,476,720,213,64,37,158,0,0,3,26,0,163,0,5,0,0,0,0,0,0,0,0,231,0,3,15,0,0,0,0,3,0,0,1,0,0,0,0,3338,890,261,874,466,26,30,270,35,0,16,183,6,305,0,59,1176,434,440,706,124,22,0,30,97,2,4,88,25,3,0
0,22,0,242,133,0,0,0,0,0,0,0,0,0,0,0,0,437,0,0,128,5,153,0,22,0,0,0,0,0,0,0,0,12,75,25,57,0,0,0,0,0,2,0,0,0,0,4,19,294,240,229,307,32,285,8,20,0,0,0,0,0,0,0,0,22,22,14,38,0,12,0,0,0,0,8,0,0,0,0,0,15,114,0,7,0,0,0,13,0,0,0,0,0,0,0,0,545,24,81,55,174,53,13,13,0,0,0,0,0,0,0,0,62,53,0,83,0,0,0,9,0,0,0,0,0,0,0,9,265,7,1,36,2,0,0,0,0,3,0,0,0,0,0,0,0,4,0,0,0,0,0,0,0,0,0,0,0,0,0,0,712,155,0,3,0,0,0,2,0,0,0,0,0,0,0,0,256,477,2,151,0,0,0,49,0,0,0,8,0,8,0,0,0,0,0,0,0,0,0,0,0,0,0,0,0,0,0,1,15,1,26,34,0,0,0,26,6,10,0,90,0,0,0,0,159,12,6,54,0,1,0,0,2,2,0,6,14,0,0,5,0,13,0,0,0,0,0,0,7,0,0,0,0,0,0,0,441,20,0,31,0,5,0,0,6,0,0,1,0,0,0,0,19,18,0,35,0,0,0,1,23,1,0,0,0,1,0,9,55,22,10,89,8,0,0,1,0,0,0,0,17,0,0,0,3,1,3,0,1,1,0,0,0,0,0,0,0,0,0,0,4,168,101,57,0,0,0,0,0,6,0,0,0,0,0,0,8,1,1,115,11,65,2,14,16,0,0,0,0,0,0,0,140,44,2,121,0,0,0,5,0,0,0,0,0,0,0,0,9,0,0,3,0,0,0,0,0,0,0,0,13,0,0,0,36,4,2,36,0,0,10,6,0,0,0,4,0,0,0,64,24,1,0,19,0,0,0,109,0,0,0,1,0,0,0,2,35,8,0,10,1,0,0,0,0,1,0,0,0,0,0,0,0,0,0,17,0,0,0,0,0,0,0,0,0,0,0,0,0,0,0,0,0,0,0,2,0,0,0,0,0,0,2,0,39,39,16,156,0,0,0,0,0,0,0,6,0,0,0,0,32,987,27,56,0,13,0,4,0,0,0,0,0,0,0,0,131,0,1,36,113,0,0,0,0,0,0,0,0,0,0,0,0,0,10,304,0,0,0,128,0,0,0,0,0,0,0,0,143,70,0,95,0,0,0,0,0,0,0,0,0,0,0,0,297,33,0,37,19,0,0,0,0,0,0,0,0,0,0,0,25,3,0,16,0,0,1,0,8,0,0,12,0,0,0,0,634,22,22,69,11,14,0,3,200,0,0,39,0,0,0,0,57,7,0,197,36,0,0,2,0,4,0,0,0,0,0,109,1,0,21,18,1,0,0,4,0,0,0,0,0,0,0,0,11,0,0,4,0,0,0,3,0,0,0,0,0,0,0,0,1997,980,454,1290,36,14,13,418,220,0,0,53,2,35,0,168,291,12,125,93,0,0,4,2,1,0,0,6,0,0,0,2,2737,584,696,1671,500,112,464,192,41,504,66,270,0,0,0,4,198,11,6,204,183,10,17,25,0,0,2,11,0,0,0,0,4521,881,1856,2447,410,134,212,76,424,5,163,0,342,3,0,260,4360,2192,2323,6470,367,5,575,1029,33,20,379,271,376,0,0,5,0,16,3,4,0,0,0,6,2,0,0,0,0,0,0,0,753,34,12,115,19,1,0,22,1,0,0,2,0,0,0,0,371,6,8,30,184,3,3,4,5,1,13,13,4,2,0,10,1350,1292,535,417,501,183,6,5,13,2,12,5,5,0,2,0,755,14,19,574,173,282,2,121,11,158,2,8,57,37,0,5,119,74,2,251,29,0,0,17,0,2,0,41,16,1,0,8,545,23,4,223,0,17,0,0,0,0,0,0,0,3,0,0,0,0,0,0,14,0,0,0,0,0,0,0,0,0,0,0,0,111,12,16,0,0,0,0,0,0,0,0,0,0,0,0,5925,2800,1757,6757,186,47,8,817,62,3,54,123,496,171,0,830,1359,433,123,1430,2,20,11,262,21,0,0,195,101,7,1,56,1943,876,1149,2968,287,5,14,1214,133,17,3,360,124,63,6,237,462,16,0,134,0,0,0,0,0,0,0,0,0,6,0,11,5723,2689,1731,7113,292,0,3,340,621,216,475,720,213,64,37,158,0,0,3,26,0,162,0,5,0,0,0,0,0,0,0,0,231,0,3,15,0,0,0,0,3,0,0,1,0,0,0,0,3338,890,261,874,466,26,30,270,35,0,16,183,6,305,0,59,1176,434,440,706,124,22,0,30,97,2,4,88,25,3,0
0,22,0,242,133,0,0,0,0,0,0,0,0,0,0,0,0,436,0,0,128,5,153,0,22,0,0,0,0,0,0,0,0,12,75,25,57,0,0,0,0,0,2,0,0,0,0,4,19,294,240,228,307,32,285,8,20,0,0,0,0,0,0,0,0,22,22,14,38,0,12,0,0,0,0,8,0,0,0,0,0,15,115,0,7,0,0,0,13,0,0,0,0,0,0,0,0,545,24,81,55,173,53,13,13,0,0,0,0,0,0,0,0,62,53,0,83,0,0,0,9,0,0,0,0,0,0,0,9,265,7,1,36,2,0,0,0,0,3,0,0,0,0,0,0,0,4,0,0,0,0,0,0,0,0,0,0,0,0,0,0,712,155,0,3,0,0,0,2,0,0,0,0,0,0,0,0,256,477,2,151,0,0,0,49,0,0,0,8,0,8,0,0,0,0,0,0,0,0,0,0,0,0,0,0,0,0,0,1,15,1,26,34,0,0,0,26,6,10,0,90,0,0,0,0,159,12,6,54,0,1,0,0,2,2,0,6,14,0,0,5,0,13,0,0,0,0,0,0,7,0,0,0,0,0,0,0,441,20,0,31,0,5,0,0,6,0,0,1,0,0,0,0,19,18,0,35,0,0,0,1,23,1,0,0,0,1,0,9,55,22,10,89,8,0,0,1,0,0,0,0,17,0,0,0,3,1,3,0,1,1,0,0,0,0,0,0,0,0,0,0,4,168,101,57,0,0,0,0,0,6,0,0,0,0,0,0,8,1,1,115,11,65,2,14,16,0,0,0,0,0,0,0,140,44,2,121,0,0,0,5,0,0,0,0,0,0,0,0,9,0,0,3,0,0,0,0,0,0,0,0,13,0,0,0,36,4,2,36,0,0,10,6,0,0,0,4,0,0,0,64,24,1,0,19,0,0,0,109,0,0,0,1,0,0,0,2,35,8,0,10,1,0,0,0,0,1,0,0,0,0,0,0,0,0,0,17,0,0,0,0,0,0,0,0,0,0,0,0,0,0,0,0,0,0,0,2,0,0,0,0,0,0,2,0,39,39,16,156,0,0,0,0,0,0,0,6,0,0,0,0,32,987,27,56,0,13,0,4,0,0,0,0,0,0,0,0,131,0,1,36,113,0,0,0,0,0,0,0,0,0,0,0,0,0,10,304,0,0,0,128,0,0,0,0,0,0,0,0,143,70,0,95,0,0,0,0,0,0,0,0,0,0,0,0,297,33,0,37,19,0,0,0,0,0,0,0,0,0,0,0,25,3,0,16,0,0,1,0,8,0,0,12,0,0,0,0,634,22,22,69,11,14,0,3,200,0,0,39,0,0,0,0,57,7,0,197,36,0,0,2,0,4,0,0,0,0,0,109,1,0,21,18,1,0,0,4,0,0,0,0,0,0,0,0,11,0,0,4,0,0,0,3,0,0,0,0,0,0,0,0,1997,980,454,1290,36,14,13,418,220,0,0,53,2,35,0,168,291,12,125,93,0,0,4,2,1,0,0,6,0,0,0,2,2738,584,696,1671,500,112,464,192,41,504,66,270,0,0,0,4,198,11,6,204,183,10,17,25,0,0,2,11,0,0,0,0,4521,881,1856,2447,410,134,212,76,424,5,163,0,342,3,0,260,4360,2192,2323,6469,367,5,575,1028,33,20,379,271,376,0,0,5,0,16,3,4,0,0,0,6,2,0,0,0,0,0,0,0,753,34,12,115,19,1,0,22,1,0,0,2,0,0,0,0,371,6,8,30,184,3,3,4,5,1,13,13,4,2,0,10,1350,1292,535,417,501,183,6,5,13,2,12,5,5,0,2,0,755,14,19,574,173,282,2,121,11,158,2,8,57,37,0,5,119,74,2,251,29,0,0,17,0,2,0,41,16,1,0,8,545,23,4,223,0,17,0,0,0,0,0,0,0,3,0,0,0,0,0,0,14,0,0,0,0,0,0,0,0,0,0,0,0,111,12,16,0,0,0,0,0,0,0,0,0,0,0,0,5924,2800,1758,6757,186,47,8,817,62,3,54,123,496,171,0,830,1359,433,123,1430,2,20,11,262,21,0,0,195,101,7,1,56,1943,876,1149,2968,287,5,14,1214,133,17,3,360,124,63,6,237,462,16,0,134,0,0,0,0,0,0,0,0,0,6,0,11,5723,2689,1731,7113,292,0,3,340,620,216,475,720,213,64,37,158,0,0,3,26,0,162,0,5,0,0,0,0,0,0,0,0,231,0,3,15,0,0,0,0,3,0,0,1,0,0,0,0,3338,890,261,874,466,26,30,270,35,0,16,183,6,305,0,59,1176,434,440,706,124,22,0,30,97,2,4,88,25,3,0
0,22,0,242,133,0,0,0,0,0,0,0,0,0,0,0,0,436,0,0,128,5,153,0,22,0,0,0,0,0,0,0,0,12,75,25,57,0,0,0,0,0,2,0,0,0,0,4,19,294,240,228,307,32,285,8,20,0,0,0,0,0,0,0,0,22,22,14,38,0,12,0,0,0,0,8,0,0,0,0,0,15,114,0,7,0,0,0,13,0,0,0,0,0,0,0,0,545,24,81,55,173,53,13,13,0,0,0,0,0,0,0,0,62,53,0,83,0,0,0,9,0,0,0,0,0,0,0,9,265,7,1,36,2,0,0,0,0,3,0,0,0,0,0,0,0,4,0,0,0,0,0,0,0,0,0,0,0,0,0,0,712,155,0,3,0,0,0,2,0,0,0,0,0,0,0,0,256,477,2,151,0,0,0,49,0,0,0,8,0,8,0,0,0,0,0,0,0,0,0,0,0,0,0,0,0,0,0,1,15,1,26,34,0,0,0,26,6,10,0,90,0,0,0,0,159,12,6,54,0,1,0,0,2,2,0,6,14,0,0,5,0,13,0,0,0,0,0,0,7,0,0,0,0,0,0,0,441,20,0,31,0,5,0,0,6,0,0,1,0,0,0,0,19,18,0,35,0,0,0,1,23,1,0,0,0,1,0,9,55,22,10,89,8,0,0,1,0,0,0,0,17,0,0,0,3,1,3,0,1,1,0,0,0,0,0,0,0,0,0,0,4,168,101,57,0,0,0,0,0,6,0,0,0,0,0,0,8,1,1,115,11,65,2,14,16,0,0,0,0,0,0,0,140,44,2,121,0,0,0,5,0,0,0,0,0,0,0,0,9,0,0,3,0,0,0,0,0,0,0,0,13,0,0,0,36,4,2,36,0,0,10,6,0,0,0,4,0,0,0,64,24,1,0,19,0,0,0,109,0,0,0,1,0,0,0,2,35,8,0,10,1,0,0,0,0,1,0,0,0,0,0,0,0,0,0,17,0,0,0,0,0,0,0,0,0,0,0,0,0,0,0,0,0,0,0,2,0,0,0,0,0,0,2,0,39,39,16,156,0,0,0,0,0,0,0,6,0,0,0,0,32,987,27,56,0,13,0,4,0,0,0,0,0,0,0,0,131,0,1,36,113,0,0,0,0,0,0,0,0,0,0,0,0,0,10,304,0,0,0,128,0,0,0,0,0,0,0,0,143,70,0,95,0,0,0,0,0,0,0,0,0,0,0,0,297,33,0,37,19,0,0,0,0,0,0,0,0,0,0,0,25,3,0,16,0,0,1,0,8,0,0,12,0,0,0,0,634,22,22,69,11,14,0,3,200,0,0,39,0,0,0,0,57,7,0,198,36,0,0,2,0,4,0,0,0,0,0,109,1,0,21,18,1,0,0,4,0,0,0,0,0,0,0,0,11,0,0,4,0,0,0,3,0,0,0,0,0,0,0,0,1997,980,454,1290,36,14,13,418,220,0,0,53,2,35,0,168,291,12,125,93,0,0,4,2,1,0,0,6,0,0,0,2,2737,584,696,1672,501,112,464,192,41,504,66,270,0,0,0,4,198,11,6,204,183,10,17,25,0,0,2,11,0,0,0,0,4521,881,1855,2449,410,134,212,76,424,5,164,0,342,3,0,260,4360,2192,2323,6471,367,5,575,1028,33,20,379,271,376,0,0,5,0,16,3,4,0,0,0,6,2,0,0,0,0,0,0,0,753,34,12,115,19,1,0,22,1,0,0,2,0,0,0,0,371,6,8,30,184,3,3,4,5,1,13,13,4,2,0,10,1350,1292,536,418,501,183,6,5,13,2,12,5,5,0,2,0,755,14,19,574,173,282,2,121,11,158,2,8,57,37,0,5,119,74,2,251,29,0,0,17,0,2,0,41,16,1,0,8,545,23,4,223,0,17,0,0,0,0,0,0,0,3,0,0,0,0,0,0,14,0,0,0,0,0,0,0,0,0,0,0,0,111,12,16,0,0,0,0,0,0,0,0,0,0,0,0,5924,2800,1757,6757,186,47,8,817,62,3,54,123,496,171,0,830,1359,433,123,1430,2,20,11,262,21,0,0,195,101,7,1,56,1943,876,1149,2968,287,5,14,1214,133,17,3,360,124,63,6,237,462,16,0,134,0,0,0,0,0,0,0,0,0,6,0,11,5722,2689,1731,7114,292,0,3,340,620,216,475,720,213,64,37,158,0,0,3,26,0,162,0,5,0,0,0,0,0,0,0,0,231,0,3,15,0,0,0,0,3,0,0,1,0,0,0,0,3338,890,261,874,466,26,30,270,35,0,16,183,6,305,0,59,1176,434,440,706,124,22,0,30,97,2,4,88,25,3,0
0,22,0,242,133,0,0,0,0,0,0,0,0,0,0,0,0,436,0,0,128,5,153,0,22,0,0,0,0,0,0,0,0,12,75,25,57,0,0,0,0,0,2,0,0,0,0,4,19,294,240,228,307,32,285,8,20,0,0,0,0,0,0,0,0,22,22,14,38,0,12,0,0,0,0,8,0,0,0,0,0,15,114,0,7,0,0,0,13,0,0,0,0,0,0,0,0,545,24,81,55,173,53,13,13,0,0,0,0,0,0,0,0,62,53,0,83,0,0,0,9,0,0,0,0,0,0,0,9,265,7,1,36,2,0,0,0,0,3,0,0,0,0,0,0,0,4,0,0,0,0,0,0,0,0,0,0,0,0,0,0,712,155,0,3,0,0,0,2,0,0,0,0,0,0,0,0,256,477,2,151,0,0,0,49,0,0,0,8,0,8,0,0,0,0,0,0,0,0,0,0,0,0,0,0,0,0,0,1,15,1,26,34,0,0,0,26,6,10,0,90,0,0,0,0,159,12,6,54,0,1,0,0,2,2,0,6,14,0,0,5,0,13,0,0,0,0,0,0,7,0,0,0,0,0,0,0,441,20,0,31,0,5,0,0,6,0,0,1,0,0,0,0,19,18,0,35,0,0,0,1,23,1,0,0,0,1,0,9,55,22,10,89,8,0,0,1,0,0,0,0,17,0,0,0,3,1,3,0,1,1,0,0,0,0,0,0,0,0,0,0,4,168,101,57,0,0,0,0,0,6,0,0,0,0,0,0,8,1,1,115,11,65,2,14,16,0,0,0,0,0,0,0,140,44,2,121,0,0,0,5,0,0,0,0,0,0,0,0,9,0,0,3,0,0,0,0,0,0,0,0,13,0,0,0,36,4,2,36,0,0,10,6,0,0,0,4,0,0,0,64,24,1,0,19,0,0,0,109,0,0,0,1,0,0,0,2,35,8,0,10,1,0,0,0,0,1,0,0,0,0,0,0,0,0,0,17,0,0,0,0,0,0,0,0,0,0,0,0,0,0,0,0,0,0,0,2,0,0,0,0,0,0,2,0,39,39,16,156,0,0,0,0,0,0,0,6,0,0,0,0,32,987,27,56,0,13,0,4,0,0,0,0,0,0,0,0,131,0,1,36,113,0,0,0,0,0,0,0,0,0,0,0,0,0,10,304,0,0,0,128,0,0,0,0,0,0,0,0,143,70,0,95,0,0,0,0,0,0,0,0,0,0,0,0,297,33,0,37,19,0,0,0,0,0,0,0,0,0,0,0,25,3,0,16,0,0,1,0,8,0,0,12,0,0,0,0,634,22,22,69,11,14,0,3,200,0,0,39,0,0,0,0,57,7,0,197,36,0,0,2,0,4,0,0,0,0,0,109,1,0,21,18,1,0,0,4,0,0,0,0,0,0,0,0,11,0,0,4,0,0,0,3,0,0,0,0,0,0,0,0,2001,980,454,1291,36,14,13,418,220,0,0,53,2,35,0,168,291,12,125,93,0,0,4,2,1,0,0,6,0,0,0,2,2737,584,697,1671,500,112,464,192,41,504,66,271,0,0,0,4,198,11,6,204,183,10,17,25,0,0,2,11,0,0,0,0,4521,881,1855,2447,410,134,212,76,424,5,163,0,342,3,0,260,4360,2192,2323,6469,367,5,575,1028,33,20,379,271,376,0,0,5,0,16,3,4,0,0,0,6,2,0,0,0,0,0,0,0,755,34,12,115,19,1,0,22,1,0,0,2,0,0,0,0,371,6,8,30,185,3,3,4,5,1,13,13,4,2,0,10,1350,1293,535,417,501,183,6,5,13,2,12,5,5,0,2,0,755,14,19,574,173,282,2,121,11,158,2,8,57,37,0,5,119,74,2,251,29,0,0,17,0,2,0,41,16,1,0,8,545,23,4,223,0,17,0,0,0,0,0,0,0,3,0,0,0,0,0,0,14,0,0,0,0,0,0,0,0,0,0,0,0,111,12,16,0,0,0,0,0,0,0,0,0,0,0,0,5924,2800,1757,6760,186,47,8,817,62,3,54,123,496,171,0,830,1359,433,123,1430,2,20,11,262,21,0,0,195,101,7,1,56,1943,876,1149,2968,287,5,14,1214,133,17,3,360,124,63,6,237,462,16,0,134,0,0,0,0,0,0,0,0,0,6,0,11,5722,2689,1731,7113,292,0,3,340,620,216,475,720,213,64,37,158,0,0,3,26,0,162,0,5,0,0,0,0,0,0,0,0,231,0,3,15,0,0,0,0,3,0,0,1,0,0,0,0,3341,890,261,875,466,26,30,270,35,0,16,184,6,305,0,59,1176,434,440,706,124,22,0,30,97,2,4,88,25,3,0
0,22,0,242,133,0,0,0,0,0,0,0,0,0,0,0,0,436,0,0,129,5,153,0,22,0,0,0,0,0,0,0,0,12,75,25,57,0,0,0,0,0,2,0,0,0,0,4,19,294,241,228,309,32,285,8,20,0,0,0,0,0,0,0,0,22,22,14,38,0,12,0,0,0,0,8,0,0,0,0,0,15,114,0,7,0,0,0,13,0,0,0,0,0,0,0,0,546,24,81,55,173,53,13,13,0,0,0,0,0,0,0,0,62,53,0,83,0,0,0,9,0,0,0,0,0,0,0,9,266,7,1,36,2,0,0,0,0,3,0,0,0,0,0,0,0,4,0,0,0,0,0,0,0,0,0,0,0,0,0,0,712,155,0,3,0,0,0,2,0,0,0,0,0,0,0,0,256,477,2,151,0,0,0,49,0,0,0,8,0,8,0,0,0,0,0,0,0,0,0,0,0,0,0,0,0,0,0,1,15,1,26,34,0,0,0,26,6,10,0,90,0,0,0,0,159,12,6,54,0,1,0,0,2,2,0,6,14,0,0,5,0,13,0,0,0,0,0,0,7,0,0,0,0,0,0,0,441,20,0,31,0,5,0,0,6,0,0,1,0,0,0,0,19,18,0,35,0,0,0,1,23,1,0,0,0,1,0,9,55,22,10,89,8,0,0,1,0,0,0,0,17,0,0,0,3,1,3,0,1,1,0,0,0,0,0,0,0,0,0,0,4,168,101,57,0,0,0,0,0,6,0,0,0,0,0,0,8,1,1,115,11,65,2,14,16,0,0,0,0,0,0,0,140,44,2,121,0,0,0,5,0,0,0,0,0,0,0,0,9,0,0,3,0,0,0,0,0,0,0,0,13,0,0,0,36,4,2,36,0,0,10,6,0,0,0,4,0,0,0,64,24,1,0,19,0,0,0,109,0,0,0,1,0,0,0,2,35,8,0,10,1,0,0,0,0,1,0,0,0,0,0,0,0,0,0,17,0,0,0,0,0,0,0,0,0,0,0,0,0,0,0,0,0,0,0,2,0,0,0,0,0,0,2,0,39,39,16,156,0,0,0,0,0,0,0,6,0,0,0,0,32,987,27,56,0,13,0,4,0,0,0,0,0,0,0,0,131,0,1,36,113,0,0,0,0,0,0,0,0,0,0,0,0,0,10,304,0,0,0,128,0,0,0,0,0,0,0,0,143,70,0,95,0,0,0,0,0,0,0,0,0,0,0,0,297,33,0,37,19,0,0,0,0,0,0,0,0,0,0,0,25,3,0,16,0,0,1,0,8,0,0,12,0,0,0,0,634,22,22,69,11,14,0,3,200,0,0,39,0,0,0,0,57,7,0,197,36,0,0,2,0,4,0,0,0,0,0,109,1,0,21,18,1,0,0,4,0,0,0,0,0,0,0,0,11,0,0,4,0,0,0,3,0,0,0,0,0,0,0,0,1997,980,454,1290,36,14,13,418,220,0,0,53,2,35,0,168,291,12,125,93,0,0,4,2,1,0,0,6,0,0,0,2,2737,584,696,1671,500,112,464,192,41,504,66,270,0,0,0,4,198,11,6,204,183,10,17,25,0,0,2,11,0,0,0,0,4521,881,1855,2447,410,134,212,76,424,5,163,0,342,3,0,260,4365,2192,2324,6471,368,5,575,1028,33,20,379,271,376,0,0,5,0,16,3,4,0,0,0,6,2,0,0,0,0,0,0,0,753,34,12,115,19,1,0,22,1,0,0,2,0,0,0,0,371,6,8,30,184,3,3,4,5,1,13,13,4,2,0,10,1352,1292,535,417,501,183,6,5,13,2,12,5,5,0,2,0,755,14,19,574,173,282,2,121,11,158,2,8,57,37,0,5,119,75,2,251,29,0,0,17,0,2,0,41,16,1,0,8,545,23,4,223,0,17,0,0,0,0,0,0,0,3,0,0,0,0,0,0,14,0,0,0,0,0,0,0,0,0,0,0,0,111,12,16,0,0,0,0,0,0,0,0,0,0,0,0,5924,2800,1757,6757,186,47,8,817,62,3,54,123,496,171,0,830,1359,433,123,1430,2,20,11,262,21,0,0,195,101,7,1,56,1943,876,1149,2969,287,5,14,1215,133,17,3,360,124,63,6,237,462,16,0,134,0,0,0,0,0,0,0,0,0,6,0,11,5722,2689,1731,7115,292,0,3,340,620,216,475,720,213,64,37,158,0,0,3,26,0,162,0,5,0,0,0,0,0,0,0,0,231,0,3,15,0,0,0,0,3,0,0,1,0,0,0,0,3338,890,261,874,466,26,30,270,35,0,16,183,6,305,0,59,1176,434,440,706,124,22,0,30,97,2,4,88,25,3,0
0,22,0,242,133,0,0,0,0,0,0,0,0,0,0,0,0,437,0,0,128,5,153,0,22,0,0,0,0,0,0,0,0,12,75,25,57,0,0,0,0,0,2,0,0,0,0,4,19,295,240,228,307,32,285,8,20,0,0,0,0,0,0,0,0,22,22,14,38,0,12,0,0,0,0,8,0,0,0,0,0,15,114,0,7,0,0,0,13,0,0,0,0,0,0,0,0,546,24,81,55,173,53,13,13,0,0,0,0,0,0,0,0,62,53,0,83,0,0,0,9,0,0,0,0,0,0,0,9,265,7,1,36,2,0,0,0,0,3,0,0,0,0,0,0,0,4,0,0,0,0,0,0,0,0,0,0,0,0,0,0,712,155,0,3,0,0,0,2,0,0,0,0,0,0,0,0,256,477,2,151,0,0,0,49,0,0,0,8,0,8,0,0,0,0,0,0,0,0,0,0,0,0,0,0,0,0,0,1,15,1,26,34,0,0,0,26,6,10,0,90,0,0,0,0,159,12,6,54,0,1,0,0,2,2,0,6,14,0,0,5,0,13,0,0,0,0,0,0,7,0,0,0,0,0,0,0,442,20,0,31,0,5,0,0,6,0,0,1,0,0,0,0,19,18,0,35,0,0,0,1,23,1,0,0,0,1,0,9,55,22,10,89,8,0,0,1,0,0,0,0,17,0,0,0,3,1,3,0,1,1,0,0,0,0,0,0,0,0,0,0,4,168,101,57,0,0,0,0,0,6,0,0,0,0,0,0,8,1,1,115,11,65,2,14,16,0,0,0,0,0,0,0,140,44,2,121,0,0,0,5,0,0,0,0,0,0,0,0,9,0,0,3,0,0,0,0,0,0,0,0,13,0,0,0,36,4,2,36,0,0,10,6,0,0,0,4,0,0,0,64,24,1,0,19,0,0,0,109,0,0,0,1,0,0,0,2,35,8,0,10,1,0,0,0,0,1,0,0,0,0,0,0,0,0,0,17,0,0,0,0,0,0,0,0,0,0,0,0,0,0,0,0,0,0,0,2,0,0,0,0,0,0,2,0,39,39,16,156,0,0,0,0,0,0,0,6,0,0,0,0,32,987,27,56,0,13,0,4,0,0,0,0,0,0,0,0,131,0,1,36,113,0,0,0,0,0,0,0,0,0,0,0,0,0,10,304,0,0,0,128,0,0,0,0,0,0,0,0,143,70,0,95,0,0,0,0,0,0,0,0,0,0,0,0,297,33,0,37,19,0,0,0,0,0,0,0,0,0,0,0,25,3,0,16,0,0,1,0,8,0,0,12,0,0,0,0,634,22,22,69,11,14,0,3,200,0,0,39,0,0,0,0,57,7,0,197,36,0,0,2,0,4,0,0,0,0,0,109,1,0,21,18,1,0,0,4,0,0,0,0,0,0,0,0,11,0,0,4,0,0,0,3,0,0,0,0,0,0,0,0,1997,980,454,1290,36,14,13,418,220,0,0,53,2,35,0,168,291,12,125,93,0,0,4,2,1,0,0,6,0,0,0,2,2737,584,696,1671,500,112,464,192,41,504,66,270,0,0,0,4,198,11,6,204,183,10,17,25,0,0,2,11,0,0,0,0,4522,881,1855,2448,410,134,212,76,424,5,163,0,342,3,0,260,4360,2192,2323,6469,367,5,575,1028,33,20,379,271,376,0,0,5,0,16,3,4,0,0,0,6,2,0,0,0,0,0,0,0,753,34,12,115,19,1,0,22,1,0,0,2,0,0,0,0,371,6,8,30,184,3,3,4,5,1,13,13,4,2,0,10,1350,1292,535,417,501,183,6,5,13,2,12,5,5,0,2,0,755,14,19,574,173,282,2,121,11,158,2,8,57,37,0,5,119,74,2,251,29,0,0,17,0,2,0,41,16,1,0,8,545,23,4,223,0,17,0,0,0,0,0,0,0,3,0,0,0,0,0,0,14,0,0,0,0,0,0,0,0,0,0,0,0,111,12,16,0,0,0,0,0,0,0,0,0,0,0,0,5925,2800,1757,6757,186,47,8,817,62,3,54,123,496,171,0,830,1359,433,123,1430,2,20,11,262,21,0,0,195,101,7,1,56,1943,876,1150,2968,287,5,14,1215,133,17,3,360,124,63,6,237,462,16,0,134,0,0,0,0,0,0,0,0,0,6,0,11,5723,2689,1731,7113,292,0,3,341,620,216,475,720,213,64,37,158,0,0,3,26,0,162,0,5,0,0,0,0,0,0,0,0,231,0,3,15,0,0,0,0,3,0,0,1,0,0,0,0,3338,890,261,874,466,26,30,270,35,0,16,183,6,305,0,59,1176,434,440,706,124,22,0,30,97,2,4,88,25,3,0
0,22,0,242,133,0,0,0,0,0,0,0,0,0,0,0,0,436,0,0,128,5,153,0,22,0,0,0,0,0,0,0,0,12,75,25,57,0,0,0,0,0,2,0,0,0,0,4,19,294,240,228,307,32,285,8,20,0,0,0,0,0,0,0,0,22,22,14,38,0,12,0,0,0,0,8,0,0,0,0,0,15,114,0,7,0,0,0,13,0,0,0,0,0,0,0,0,545,24,81,55,173,53,13,13,0,0,0,0,0,0,0,0,62,53,0,83,0,0,0,9,0,0,0,0,0,0,0,9,265,7,1,36,2,0,0,0,0,3,0,0,0,0,0,0,0,4,0,0,0,0,0,0,0,0,0,0,0,0,0,0,712,155,0,3,0,0,0,2,0,0,0,0,0,0,0,0,256,477,2,151,0,0,0,49,0,0,0,8,0,8,0,0,0,0,0,0,0,0,0,0,0,0,0,0,0,0,0,1,15,1,26,34,0,0,0,26,6,10,0,90,0,0,0,0,159,12,6,54,0,1,0,0,2,2,0,6,14,0,0,5,0,13,0,0,0,0,0,0,7,0,0,0,0,0,0,0,441,20,0,31,0,5,0,0,6,0,0,1,0,0,0,0,19,18,0,35,0,0,0,1,23,1,0,0,0,1,0,9,55,22,10,89,8,0,0,1,0,0,0,0,17,0,0,0,3,1,3,0,1,1,0,0,0,0,0,0,0,0,0,0,4,168,101,57,0,0,0,0,0,6,0,0,0,0,0,0,8,1,1,115,11,65,2,14,16,0,0,0,0,0,0,0,140,44,2,121,0,0,0,5,0,0,0,0,0,0,0,0,9,0,0,3,0,0,0,0,0,0,0,0,13,0,0,0,36,4,2,36,0,0,10,6,0,0,0,4,0,0,0,64,24,1,0,19,0,0,0,109,0,0,0,1,0,0,0,2,35,8,0,10,1,0,0,0,0,1,0,0,0,0,0,0,0,0,0,17,0,0,0,0,0,0,0,0,0,0,0,0,0,0,0,0,0,0,0,2,0,0,0,0,0,0,2,0,39,39,16,156,0,0,0,0,0,0,0,6,0,0,0,0,32,987,27,56,0,13,0,4,0,0,0,0,0,0,0,0,131,0,1,36,113,0,0,0,0,0,0,0,0,0,0,0,0,0,10,304,0,0,0,128,0,0,0,0,0,0,0,0,143,70,0,95,0,0,0,0,0,0,0,0,0,0,0,0,297,33,0,37,19,0,0,0,0,0,0,0,0,0,0,0,25,3,0,16,0,0,1,0,8,0,0,12,0,0,0,0,634,22,22,69,11,14,0,3,200,0,0,39,0,0,0,0,57,7,0,197,36,0,0,2,0,4,0,0,0,0,0,109,1,0,21,18,1,0,0,4,0,0,0,0,0,0,0,0,11,0,0,4,0,0,0,3,0,0,0,0,0,0,0,0,1997,980,454,1290,36,14,13,418,220,0,0,53,2,35,0,168,291,12,125,93,0,0,4,2,1,0,0,6,0,0,0,2,2737,584,696,1671,500,112,464,192,41,504,66,270,0,0,0,4,198,11,6,204,183,10,17,25,0,0,2,11,0,0,0,0,4521,881,1855,2447,410,134,212,76,424,5,163,0,342,3,0,260,4360,2192,2323,6469,367,5,575,1028,33,20,379,271,376,0,0,5,0,16,3,4,0,0,0,6,2,0,0,0,0,0,0,0,753,34,12,115,19,1,0,22,1,0,0,2,0,0,0,0,371,6,8,30,184,3,3,4,5,1,13,13,4,2,0,10,1350,1292,535,417,501,183,6,5,13,2,12,5,5,0,2,0,755,14,19,574,173,282,2,121,11,158,2,8,57,37,0,5,119,74,2,251,29,0,0,17,0,2,0,41,16,1,0,8,545,23,4,223,0,17,0,0,0,0,0,0,0,3,0,0,0,0,0,0,14,0,0,0,0,0,0,0,0,0,0,0,0,111,12,16,0,0,0,0,0,0,0,0,0,0,0,0,5924,2800,1757,6757,186,47,8,817,62,3,54,123,496,171,0,830,1359,433,123,1430,2,20,11,262,21,0,0,195,101,7,1,56,1943,876,1149,2968,287,5,14,1214,133,17,3,360,124,63,6,237,462,16,0,134,0,0,0,0,0,0,0,0,0,6,0,11,5722,2689,1731,7113,292,0,3,340,620,216,475,720,213,64,37,158,0,0,3,26,0,162,0,5,0,0,0,0,0,0,0,0,231,0,3,15,0,0,0,0,3,0,0,1,0,0,0,0,3338,890,261,874,466,26,30,270,35,0,16,183,6,305,0,59,1176,434,440,706,124,22,0,30,97,2,4,88,25,3,0
0,22,0,242,133,0,0,0,0,0,0,0,0,0,0,0,0,436,0,0,128,5,153,0,22,0,0,0,0,0,0,0,0,12,75,25,57,0,0,0,0,0,2,0,0,0,0,4,19,294,240,228,307,32,285,8,20,0,0,0,0,0,0,0,0,22,22,14,38,0,12,0,0,0,0,8,0,0,0,0,0,15,114,0,7,0,0,0,13,0,0,0,0,0,0,0,0,545,24,81,55,173,53,13,13,0,0,0,0,0,0,0,0,62,53,0,83,0,0,0,9,0,0,0,0,0,0,0,9,265,7,1,36,2,0,0,0,0,3,0,0,0,0,0,0,0,4,0,0,0,0,0,0,0,0,0,0,0,0,0,0,712,155,0,3,0,0,0,2,0,0,0,0,0,0,0,0,256,477,2,151,0,0,0,49,0,0,0,8,0,8,0,0,0,0,0,0,0,0,0,0,0,0,0,0,0,0,0,1,15,1,26,34,0,0,0,26,6,10,0,90,0,0,0,0,159,12,6,54,0,1,0,0,2,2,0,6,14,0,0,5,0,13,0,0,0,0,0,0,7,0,0,0,0,0,0,0,441,20,0,31,0,5,0,0,6,0,0,1,0,0,0,0,19,18,0,35,0,0,0,1,23,1,0,0,0,1,0,9,55,22,10,89,8,0,0,1,0,0,0,0,17,0,0,0,3,1,3,0,1,1,0,0,0,0,0,0,0,0,0,0,4,169,101,57,0,0,0,0,0,6,0,0,0,0,0,0,8,1,1,115,11,65,2,14,16,0,0,0,0,0,0,0,140,44,2,121,0,0,0,5,0,0,0,0,0,0,0,0,9,0,0,3,0,0,0,0,0,0,0,0,13,0,0,0,36,4,2,36,0,0,10,6,0,0,0,4,0,0,0,64,24,1,0,19,0,0,0,109,0,0,0,1,0,0,0,2,35,8,0,10,1,0,0,0,0,1,0,0,0,0,0,0,0,0,0,17,0,0,0,0,0,0,0,0,0,0,0,0,0,0,0,0,0,0,0,2,0,0,0,0,0,0,2,0,39,39,16,156,0,0,0,0,0,0,0,6,0,0,0,0,33,987,27,56,0,13,0,4,0,0,0,0,0,0,0,0,131,0,1,36,113,0,0,0,0,0,0,0,0,0,0,0,0,0,10,304,0,0,0,128,0,0,0,0,0,0,0,0,143,70,0,95,0,0,0,0,0,0,0,0,0,0,0,0,297,33,0,37,19,0,0,0,0,0,0,0,0,0,0,0,25,3,0,16,0,0,1,0,8,0,0,12,0,0,0,0,634,22,22,69,11,14,0,3,200,0,0,39,0,0,0,0,57,7,0,197,36,0,0,2,0,4,0,0,0,0,0,109,1,0,21,18,1,0,0,4,0,0,0,0,0,0,0,0,11,0,0,4,0,0,0,3,0,0,0,0,0,0,0,0,1997,980,454,1290,36,14,13,418,220,0,0,53,2,35,0,168,291,12,125,93,0,0,4,2,1,0,0,6,0,0,0,2,2738,585,696,1671,501,112,464,192,41,504,66,271,0,0,0,4,198,11,6,204,183,10,17,25,0,0,2,11,0,0,0,0,4521,881,1855,2447,410,134,212,76,424,5,163,0,342,3,0,260,4360,2192,2323,6469,367,5,575,1028,33,20,379,271,376,0,0,5,0,16,3,4,0,0,0,6,2,0,0,0,0,0,0,0,753,34,12,115,19,1,0,22,1,0,0,2,0,0,0,0,371,6,8,30,184,3,3,4,5,1,13,13,4,2,0,10,1351,1292,535,417,501,183,6,5,13,2,12,5,5,0,2,0,755,14,19,574,173,282,2,121,11,158,2,8,57,37,0,5,119,74,2,251,29,0,0,17,0,2,0,41,16,1,0,8,545,23,4,223,0,17,0,0,0,0,0,0,0,3,0,0,0,0,0,0,14,0,0,0,0,0,0,0,0,0,0,0,0,111,12,16,0,0,0,0,0,0,0,0,0,0,0,0,5925,2800,1757,6763,186,47,8,818,62,3,54,123,496,171,0,830,1359,433,123,1430,2,20,11,262,21,0,0,195,101,7,1,56,1944,876,1149,2970,287,5,15,1214,133,17,3,360,124,63,6,237,462,16,0,134,0,0,0,0,0,0,0,0,0,6,0,11,5722,2689,1731,7113,292,0,3,340,620,216,475,720,213,64,37,158,0,0,3,26,0,162,0,5,0,0,0,0,0,0,0,0,231,0,3,15,0,0,0,0,3,0,0,1,0,0,0,0,3338,890,261,874,466,26,30,270,35,0,16,183,6,305,0,59,1176,434,440,706,124,22,0,30,97,2,4,88,25,3,0
0,22,0,242,133,0,0,0,0,0,0,0,0,0,0,0,0,436,0,0,128,5,153,0,22,0,0,0,0,0,0,0,0,12,75,25,57,0,0,0,0,0,2,0,0,0,0,4,19,294,240,228,307,32,285,8,20,0,0,0,0,0,0,0,0,22,22,14,38,0,12,0,0,0,0,8,0,0,0,0,0,15,114,0,7,0,0,0,13,0,0,0,0,0,0,0,0,545,24,81,55,173,53,13,13,0,0,0,0,0,0,0,0,62,53,0,83,0,0,0,9,0,0,0,0,0,0,0,9,265,7,1,36,2,0,0,0,0,3,0,0,0,0,0,0,0,4,0,0,0,0,0,0,0,0,0,0,0,0,0,0,712,155,0,3,0,0,0,2,0,0,0,0,0,0,0,0,256,477,2,151,0,0,0,49,0,0,0,8,0,8,0,0,0,0,0,0,0,0,0,0,0,0,0,0,0,0,0,1,15,1,26,34,0,0,0,26,6,10,0,90,0,0,0,0,159,12,6,54,0,1,0,0,2,2,0,6,14,0,0,5,0,13,0,0,0,0,0,0,7,0,0,0,0,0,0,0,441,20,0,31,0,5,0,0,6,0,0,1,0,0,0,0,19,18,0,35,0,0,0,1,23,1,0,0,0,1,0,9,55,22,10,89,8,0,0,1,0,0,0,0,17,0,0,0,3,1,3,0,1,1,0,0,0,0,0,0,0,0,0,0,4,168,101,57,0,0,0,0,0,6,0,0,0,0,0,0,8,1,1,115,11,65,2,14,16,0,0,0,0,0,0,0,140,44,2,121,0,0,0,5,0,0,0,0,0,0,0,0,9,0,0,3,0,0,0,0,0,0,0,0,13,0,0,0,36,4,2,36,0,0,10,6,0,0,0,4,0,0,0,64,24,1,0,19,0,0,0,109,0,0,0,1,0,0,0,2,35,8,0,10,1,0,0,0,0,1,0,0,0,0,0,0,0,0,0,17,0,0,0,0,0,0,0,0,0,0,0,0,0,0,0,0,0,0,0,2,0,0,0,0,0,0,2,0,39,39,16,156,0,0,0,0,0,0,0,6,0,0,0,0,32,987,27,56,0,13,0,4,0,0,0,0,0,0,0,0,131,0,1,36,113,0,0,0,0,0,0,0,0,0,0,0,0,0,10,304,0,0,0,128,0,0,0,0,0,0,0,0,143,70,0,95,0,0,0,0,0,0,0,0,0,0,0,0,297,33,0,37,19,0,0,0,0,0,0,0,0,0,0,0,25,3,0,16,0,0,1,0,8,0,0,12,0,0,0,0,634,22,22,69,11,14,0,3,200,0,0,39,0,0,0,0,57,7,0,197,36,0,0,2,0,4,0,0,0,0,0,109,1,0,21,18,1,0,0,4,0,0,0,0,0,0,0,0,11,0,0,4,0,0,0,3,0,0,0,0,0,0,0,0,1997,980,454,1290,36,14,13,418,220,0,0,53,2,35,0,168,291,12,125,93,0,0,4,2,1,0,0,6,0,0,0,2,2738,584,696,1671,500,112,464,192,41,504,66,270,0,0,0,4,198,11,6,204,183,10,17,25,0,0,2,11,0,0,0,0,4522,881,1855,2447,410,134,212,76,424,5,163,0,342,3,0,260,4360,2192,2323,6469,367,5,575,1028,33,20,379,271,376,0,0,5,0,16,3,4,0,0,0,6,2,0,0,0,0,0,0,0,753,34,12,115,19,1,0,22,1,0,0,2,0,0,0,0,371,6,8,30,184,3,3,4,5,1,13,13,4,2,0,10,1350,1292,535,417,501,183,6,5,13,2,12,5,5,0,2,0,755,14,19,574,173,282,2,121,11,158,2,8,57,37,0,5,119,74,2,251,29,0,0,17,0,2,0,41,16,1,0,8,545,23,4,223,0,17,0,0,0,0,0,0,0,3,0,0,0,0,0,0,14,0,0,0,0,0,0,0,0,0,0,0,0,111,12,16,0,0,0,0,0,0,0,0,0,0,0,0,5924,2800,1757,6757,186,47,8,817,62,3,54,123,496,171,0,830,1359,433,123,1430,2,20,11,262,21,0,0,195,101,7,1,56,1943,876,1149,2968,287,5,14,1214,133,17,3,360,124,63,6,237,462,16,0,134,0,0,0,0,0,0,0,0,0,6,0,11,5722,2689,1731,7113,292,0,3,340,621,216,475,721,213,64,37,158,0,0,3,26,0,162,0,5,0,0,0,0,0,0,0,0,231,0,3,15,0,0,0,0,3,0,0,1,0,0,0,0,3338,890,261,874,466,26,30,270,35,0,16,183,6,305,0,59,1176,434,440,706,124,22,0,30,97,2,4,88,25,3,0
0,22,0,242,133,0,0,0,0,0,0,0,0,0,0,0,0,436,0,0,128,5,153,0,22,0,0,0,0,0,0,0,0,12,75,25,57,0,0,0,0,0,2,0,0,0,0,4,19,294,240,228,307,32,285,8,20,0,0,0,0,0,0,0,0,22,22,14,38,0,12,0,0,0,0,8,0,0,0,0,0,15,114,0,7,0,0,0,13,0,0,0,0,0,0,0,0,545,24,81,55,173,53,13,13,0,0,0,0,0,0,0,0,62,53,0,83,0,0,0,9,0,0,0,0,0,0,0,9,265,7,1,36,2,0,0,0,0,3,0,0,0,0,0,0,0,4,0,0,0,0,0,0,0,0,0,0,0,0,0,0,712,155,0,3,0,0,0,2,0,0,0,0,0,0,0,0,256,477,2,151,0,0,0,49,0,0,0,8,0,8,0,0,0,0,0,0,0,0,0,0,0,0,0,0,0,0,0,1,15,1,26,34,0,0,0,26,6,10,0,90,0,0,0,0,159,12,6,54,0,1,0,0,2,2,0,6,14,0,0,5,0,13,0,0,0,0,0,0,7,0,0,0,0,0,0,0,441,20,0,31,0,5,0,0,6,0,0,1,0,0,0,0,19,18,0,35,0,0,0,1,23,1,0,0,0,1,0,9,55,22,10,89,8,0,0,1,0,0,0,0,17,0,0,0,3,1,3,0,1,1,0,0,0,0,0,0,0,0,0,0,4,168,101,57,0,0,0,0,0,7,0,0,0,0,0,0,8,1,1,115,11,65,2,14,16,0,0,0,0,0,0,0,140,44,2,121,0,0,0,5,0,0,0,0,0,0,0,0,9,0,0,3,0,0,0,0,0,0,0,0,13,0,0,0,36,4,2,36,0,0,10,6,0,0,0,4,0,0,0,64,24,1,0,19,0,0,0,109,0,0,0,1,0,0,0,2,35,8,0,10,1,0,0,0,0,1,0,0,0,0,0,0,0,0,0,17,0,0,0,0,0,0,0,0,0,0,0,0,0,0,0,0,0,0,0,2,0,0,0,0,0,0,2,0,39,39,16,156,0,0,0,0,0,0,0,6,0,0,0,0,32,987,27,56,0,13,0,4,0,0,0,0,0,0,0,0,131,0,1,36,113,0,0,0,0,0,0,0,0,0,0,0,0,0,10,304,0,0,0,128,0,0,0,0,0,0,0,0,143,70,0,95,0,0,0,0,0,0,0,0,0,0,0,0,297,33,0,37,19,0,0,0,0,0,0,0,0,0,0,0,25,3,0,16,0,0,1,0,8,0,0,12,0,0,0,0,634,22,22,69,11,14,0,3,200,0,0,39,0,0,0,0,57,7,0,197,36,0,0,2,0,4,0,0,0,0,0,109,1,0,21,18,1,0,0,4,0,0,0,0,0,0,0,0,11,0,0,4,0,0,0,3,0,0,0,0,0,0,0,0,1997,980,454,1290,36,14,13,418,220,0,0,53,2,35,0,168,291,12,125,93,0,0,4,2,1,0,0,6,0,0,0,2,2737,584,696,1671,500,112,464,192,41,504,66,270,0,0,0,4,198,11,6,204,183,10,17,25,0,0,2,11,0,0,0,0,4521,881,1855,2447,410,134,212,76,424,5,163,0,342,3,0,260,4360,2192,2323,6469,367,5,575,1028,33,20,379,271,376,0,0,5,0,16,3,4,0,0,0,6,2,0,0,0,0,0,0,0,753,34,12,115,19,1,0,22,1,0,0,2,0,0,0,0,371,6,8,30,184,3,3,4,5,1,13,13,4,2,0,10,1350,1292,535,417,501,183,6,5,13,2,12,5,5,0,2,0,756,14,19,574,173,282,2,121,11,158,2,8,57,37,0,5,119,74,2,251,29,0,0,17,0,2,0,41,16,1,0,8,545,23,4,223,0,17,0,0,0,0,0,0,0,3,0,0,0,0,0,0,14,0,0,0,0,0,0,0,0,0,0,0,0,111,12,16,0,0,0,0,0,0,0,0,0,0,0,0,5924,2800,1757,6757,186,47,8,817,62,3,54,123,496,171,0,830,1359,433,123,1430,2,20,11,262,21,0,0,195,101,7,1,56,1943,876,1149,2968,287,5,14,1214,133,17,3,360,124,63,6,237,462,16,0,134,0,0,0,0,0,0,0,0,0,6,0,11,5722,2689,1731,7113,292,0,3,340,620,216,475,720,213,64,37,158,0,0,3,26,0,162,0,5,0,0,0,0,0,0,0,0,231,0,3,15,0,0,0,0,3,0,0,1,0,0,0,0,3338,890,261,874,466,26,30,270,35,0,16,183,6,305,0,59,1176,434,440,706,124,22,0,30,97,2,4,88,25,3,0
0,22,0,242,133,0,0,0,0,0,0,0,0,0,0,0,0,436,0,0,128,5,153,0,22,0,0,0,0,0,0,0,0,12,75,25,57,0,0,0,0,0,2,0,0,0,0,4,19,294,240,228,307,32,285,8,20,0,0,0,0,0,0,0,0,22,22,14,38,0,12,0,0,0,0,8,0,0,0,0,0,15,114,0,7,0,0,0,13,0,0,0,0,0,0,0,0,545,24,81,55,173,53,13,13,0,0,0,0,0,0,0,0,62,53,0,83,0,0,0,9,0,0,0,0,0,0,0,9,265,7,1,36,2,0,0,0,0,3,0,0,0,0,0,0,0,4,0,0,0,0,0,0,0,0,0,0,0,0,0,0,712,155,0,3,0,0,0,2,0,0,0,0,0,0,0,0,256,477,2,151,0,0,0,49,0,0,0,8,0,8,0,0,0,0,0,0,0,0,0,0,0,0,0,0,0,0,0,1,15,1,26,34,0,0,0,26,6,10,0,90,0,0,0,0,159,12,6,54,0,1,0,0,2,2,0,6,14,0,0,5,0,13,0,0,0,0,0,0,7,0,0,0,0,0,0,0,441,20,0,31,0,5,0,0,6,0,0,1,0,0,0,0,19,18,0,35,0,0,0,1,23,1,0,0,0,1,0,9,55,22,10,89,8,0,0,1,0,0,0,0,17,0,0,0,3,1,3,0,1,1,0,0,0,0,0,0,0,0,0,0,4,168,101,57,0,0,0,0,0,6,0,0,0,0,0,0,8,1,1,115,11,65,2,14,16,0,0,0,0,0,0,0,140,44,2,121,0,0,0,5,0,0,0,0,0,0,0,0,9,0,0,3,0,0,0,0,0,0,0,0,13,0,0,0,36,4,2,36,0,0,10,6,0,0,0,4,0,0,0,64,24,1,0,19,0,0,0,109,0,0,0,1,0,0,0,2,35,8,0,10,1,0,0,0,0,1,0,0,0,0,0,0,0,0,0,17,0,0,0,0,0,0,0,0,0,0,0,0,0,0,0,0,0,0,0,2,0,0,0,0,0,0,2,0,39,39,16,156,0,0,0,0,0,0,0,6,0,0,0,0,32,987,27,56,0,13,0,4,0,0,0,0,0,0,0,0,131,0,1,36,113,0,0,0,0,0,0,0,0,0,0,0,0,0,10,304,0,0,0,128,0,0,0,0,0,0,0,0,143,70,0,95,0,0,0,0,0,0,0,0,0,0,0,0,297,33,0,37,19,0,0,0,0,0,0,0,0,0,0,0,25,3,0,16,0,0,1,0,8,0,0,12,0,0,0,0,634,22,22,69,11,14,0,3,200,0,0,39,0,0,0,0,57,7,0,197,36,0,0,2,0,4,0,0,0,0,0,109,1,0,21,18,1,0,0,4,0,0,0,0,0,0,0,0,11,0,0,4,0,0,0,3,0,0,0,0,0,0,0,0,1997,980,454,1290,36,14,13,418,220,0,0,53,2,35,0,168,291,12,125,93,0,0,4,2,1,0,0,6,0,0,0,2,2737,584,696,1671,500,112,464,192,41,504,66,270,0,0,0,4,198,11,6,204,183,10,17,25,0,0,2,11,0,0,0,0,4521,881,1855,2447,410,134,212,76,424,5,163,0,342,3,0,260,4360,2192,2323,6469,367,5,575,1028,33,20,379,271,376,0,0,5,0,16,3,4,0,0,0,6,2,0,0,0,0,0,0,0,753,34,12,115,19,1,0,22,1,0,0,2,0,0,0,0,371,6,8,30,184,3,3,4,5,1,13,13,4,2,0,10,1350,1292,535,417,501,183,6,5,13,2,12,5,5,0,2,0,755,14,19,574,173,282,2,121,11,158,2,8,57,37,0,5,119,74,2,251,29,0,0,17,0,2,0,41,16,1,0,8,545,23,4,223,0,17,0,0,0,0,0,0,0,3,0,0,0,0,0,0,14,0,0,0,0,0,0,0,0,0,0,0,0,111,12,16,0,0,0,0,0,0,0,0,0,0,0,0,5924,2800,1757,6757,186,47,8,817,62,3,54,123,496,171,0,830,1359,433,123,1430,2,20,11,262,21,0,0,195,101,7,1,56,1943,876,1149,2968,287,5,14,1214,133,17,3,360,124,63,6,237,462,16,0,134,0,0,0,0,0,0,0,0,0,6,0,11,5722,2689,1731,7113,292,0,3,340,620,216,475,720,213,64,37,158,0,0,3,26,0,162,0,5,0,0,0,0,0,0,0,0,231,0,3,15,0,0,0,0,3,0,0,1,0,0,0,0,3338,890,261,874,466,26,30,270,35,0,16,183,6,305,0,59,1176,434,440,706,124,22,0,30,97,2,4,88,25,3,0
0,22,0,242,133,0,0,0,0,0,0,0,0,0,0,0,0,436,0,0,128,5,153,0,22,0,0,0,0,0,0,0,0,12,75,25,57,0,0,0,0,0,2,0,0,0,0,4,19,294,240,228,307,32,285,8,20,0,0,0,0,0,0,0,0,22,22,14,38,0,12,0,0,0,0,8,0,0,0,0,0,15,114,0,7,0,0,0,13,0,0,0,0,0,0,0,0,545,24,81,55,173,53,13,13,0,0,0,0,0,0,0,0,62,53,0,83,0,0,0,9,0,0,0,0,0,0,0,9,265,7,1,36,2,0,0,0,0,3,0,0,0,0,0,0,0,4,0,0,0,0,0,0,0,0,0,0,0,0,0,0,712,155,0,3,0,0,0,2,0,0,0,0,0,0,0,0,256,477,2,151,0,0,0,49,0,0,0,8,0,8,0,0,0,0,0,0,0,0,0,0,0,0,0,0,0,0,0,1,15,1,26,34,0,0,0,26,6,10,0,90,0,0,0,0,159,12,6,54,0,1,0,0,2,2,0,6,14,0,0,5,0,13,0,0,0,0,0,0,7,0,0,0,0,0,0,0,441,20,0,31,0,5,0,0,6,0,0,1,0,0,0,0,19,18,0,35,0,0,0,1,23,1,0,0,0,1,0,9,55,22,10,89,8,0,0,1,0,0,0,0,17,0,0,0,3,1,3,0,1,1,0,0,0,0,0,0,0,0,0,0,4,168,101,57,0,0,0,0,0,6,0,0,0,0,0,0,8,1,1,115,11,65,2,14,16,0,0,0,0,0,0,0,140,44,2,121,0,0,0,5,0,0,0,0,0,0,0,0,9,0,0,3,0,0,0,0,0,0,0,0,13,0,0,0,36,4,2,36,0,0,10,6,0,0,0,4,0,0,0,64,24,1,0,19,0,0,0,109,0,0,0,1,0,0,0,2,35,8,0,10,1,0,0,0,0,1,0,0,0,0,0,0,0,0,0,17,0,0,0,0,0,0,0,0,0,0,0,0,0,0,0,0,0,0,0,2,0,0,0,0,0,0,2,0,39,39,16,156,0,0,0,0,0,0,0,6,0,0,0,0,32,987,27,56,0,13,0,4,0,0,0,0,0,0,0,0,131,0,1,36,113,0,0,0,0,0,0,0,0,0,0,0,0,0,10,304,0,0,0,128,0,0,0,0,0,0,0,0,143,70,0,95,0,0,0,0,0,0,0,0,0,0,0,0,297,33,0,37,19,0,0,0,0,0,0,0,0,0,0,0,25,3,0,16,0,0,1,0,8,0,0,12,0,0,0,0,634,22,22,69,11,14,0,3,200,0,0,39,0,0,0,0,57,7,0,197,36,0,0,2,0,4,0,0,0,0,0,109,1,0,21,18,1,0,0,4,0,0,0,0,0,0,0,0,11,0,0,4,0,0,0,3,0,0,0,0,0,0,0,0,1998,980,455,1290,36,14,13,418,220,0,0,53,2,35,0,168,291,12,125,93,0,0,4,2,1,0,0,6,0,0,0,2,2737,584,696,1671,500,112,464,192,41,504,66,270,0,0,0,4,198,11,6,204,183,10,17,25,0,0,2,11,0,0,0,0,4521,881,1855,2447,410,134,212,76,424,5,163,0,342,3,0,260,4360,2192,2323,6469,367,5,575,1028,33,20,379,271,376,0,0,5,0,16,3,4,0,0,0,6,2,0,0,0,0,0,0,0,753,34,12,115,19,1,0,22,1,0,0,2,0,0,0,0,371,6,8,30,184,3,3,4,5,1,13,13,4,2,0,10,1350,1292,535,417,501,183,6,5,13,2,12,5,5,0,2,0,755,14,19,574,173,282,2,121,11,158,2,8,57,37,0,5,119,74,2,251,29,0,0,17,0,2,0,41,16,1,0,8,545,23,4,223,0,17,0,0,0,0,0,0,0,3,0,0,0,0,0,0,14,0,0,0,0,0,0,0,0,0,0,0,0,111,12,16,0,0,0,0,0,0,0,0,0,0,0,0,5925,2800,1757,6757,186,47,8,817,62,3,54,123,497,171,0,830,1360,433,123,1430,2,20,11,262,21,0,0,195,101,7,1,56,1943,876,1149,2968,287,5,14,1214,133,17,3,360,124,63,6,237,462,16,0,134,0,0,0,0,0,0,0,0,0,6,0,11,5722,2689,1731,7113,292,0,3,340,620,216,475,720,213,64,37,158,0,0,3,26,0,162,0,5,0,0,0,0,0,0,0,0,231,0,3,15,0,0,0,0,3,0,0,1,0,0,0,0,3339,890,261,874,466,26,30,270,35,0,16,183,6,305,0,59,1177,434,440,706,124,22,0,30,97,2,4,88,25,3,0
0,22,0,242,133,0,0,0,0,0,0,0,0,0,0,0,0,436,0,0,128,5,153,0,22,0,0,0,0,0,0,0,0,12,75,25,57,0,0,0,0,0,2,0,0,0,0,4,19,294,240,228,307,32,285,8,20,0,0,0,0,0,0,0,0,22,22,14,38,0,12,0,0,0,0,8,0,0,0,0,0,15,114,0,7,0,0,0,13,0,0,0,0,0,0,0,0,545,24,81,55,173,53,13,13,0,0,0,0,0,0,0,0,62,53,0,83,0,0,0,9,0,0,0,0,0,0,0,9,266,7,1,36,2,0,0,0,0,3,0,0,0,0,0,0,0,4,0,0,0,0,0,0,0,0,0,0,0,0,0,0,712,155,0,3,0,0,0,2,0,0,0,0,0,0,0,0,256,477,2,151,0,0,0,49,0,0,0,8,0,8,0,0,0,0,0,0,0,0,0,0,0,0,0,0,0,0,0,1,15,1,26,34,0,0,0,26,6,10,0,90,0,0,0,0,159,12,6,54,0,1,0,0,2,2,0,6,14,0,0,5,0,13,0,0,0,0,0,0,7,0,0,0,0,0,0,0,441,20,0,31,0,5,0,0,6,0,0,1,0,0,0,0,19,18,0,35,0,0,0,1,23,1,0,0,0,1,0,9,55,22,10,89,8,0,0,1,0,0,0,0,17,0,0,0,3,1,3,0,1,1,0,0,0,0,0,0,0,0,0,0,4,168,101,57,0,0,0,0,0,6,0,0,0,0,0,0,8,1,1,115,11,65,2,14,16,0,0,0,0,0,0,0,140,44,2,121,0,0,0,5,0,0,0,0,0,0,0,0,9,0,0,3,0,0,0,0,0,0,0,0,13,0,0,0,36,4,2,36,0,0,10,6,0,0,0,4,0,0,0,64,24,1,0,19,0,0,0,109,0,0,0,1,0,0,0,2,35,8,0,10,1,0,0,0,0,1,0,0,0,0,0,0,0,0,0,17,0,0,0,0,0,0,0,0,0,0,0,0,0,0,0,0,0,0,0,2,0,0,0,0,0,0,2,0,39,39,16,156,0,0,0,0,0,0,0,6,0,0,0,0,32,987,27,56,0,13,0,4,0,0,0,0,0,0,0,0,131,0,1,36,113,0,0,0,0,0,0,0,0,0,0,0,0,0,10,304,0,0,0,128,0,0,0,0,0,0,0,0,143,70,0,95,0,0,0,0,0,0,0,0,0,0,0,0,297,33,0,37,19,0,0,0,0,0,0,0,0,0,0,0,25,3,0,16,0,0,1,0,8,0,0,12,0,0,0,0,634,22,22,69,11,14,0,3,200,0,0,39,0,0,0,0,57,7,0,197,36,0,0,2,0,4,0,0,0,0,0,109,1,0,21,18,1,0,0,4,0,0,0,0,0,0,0,0,11,0,0,4,0,0,0,3,0,0,0,0,0,0,0,0,1997,980,454,1290,36,14,13,418,220,0,0,53,2,35,0,168,291,12,125,93,0,0,4,2,1,0,0,6,0,0,0,2,2737,584,696,1671,500,112,464,192,41,504,66,270,0,0,0,4,198,11,6,204,183,10,17,25,0,0,2,11,0,0,0,0,4521,881,1855,2447,410,134,212,76,424,5,163,0,342,3,0,260,4360,2194,2324,6472,367,5,576,1028,33,20,379,272,376,0,0,5,0,16,3,4,0,0,0,6,2,0,0,0,0,0,0,0,753,34,12,115,19,1,0,22,1,0,0,2,0,0,0,0,371,6,8,30,184,3,3,4,5,1,13,13,4,2,0,10,1350,1292,535,417,501,183,6,5,13,2,12,5,5,0,2,0,755,14,19,574,173,282,2,121,11,158,2,8,57,37,0,5,119,74,2,251,29,0,0,17,0,2,0,41,16,1,0,8,545,23,4,223,0,17,0,0,0,0,0,0,0,3,0,0,0,0,0,0,14,0,0,0,0,0,0,0,0,0,0,0,0,111,12,16,0,0,0,0,0,0,0,0,0,0,0,0,5924,2800,1757,6757,186,47,8,817,62,3,54,123,496,171,0,830,1359,433,123,1430,2,20,11,262,21,0,0,195,101,7,1,56,1943,878,1149,2968,287,5,14,1214,133,17,3,362,124,63,6,237,462,16,0,134,0,0,0,0,0,0,0,0,0,6,0,11,5722,2689,1731,7117,292,0,3,340,621,216,476,720,213,64,37,158,0,0,3,26,0,163,0,5,0,0,0,0,0,0,0,0,231,0,3,15,0,0,0,0,3,0,0,1,0,0,0,0,3338,890,261,874,466,26,30,270,35,0,16,183,6,305,0,59,1176,434,440,706,124,22,0,30,97,2,4,88,25,3,0
0,22,0,242,133,0,0,0,0,0,0,0,0,0,0,0,0,436,0,0,128,5,153,0,22,0,0,0,0,0,0,0,0,12,75,25,57,0,0,0,0,0,2,0,0,0,0,4,19,294,240,228,307,32,285,8,20,0,0,0,0,0,0,0,0,22,22,14,38,0,12,0,0,0,0,8,0,0,0,0,0,15,114,0,7,0,0,0,13,0,0,0,0,0,0,0,0,545,24,81,55,173,53,13,13,0,0,0,0,0,0,0,0,62,53,0,83,0,0,0,9,0,0,0,0,0,0,0,9,266,7,1,36,2,0,0,0,0,3,0,0,0,0,0,0,0,4,0,0,0,0,0,0,0,0,0,0,0,0,0,0,712,155,0,3,0,0,0,2,0,0,0,0,0,0,0,0,256,477,2,151,0,0,0,49,0,0,0,8,0,8,0,0,0,0,0,0,0,0,0,0,0,0,0,0,0,0,0,1,15,1,26,34,0,0,0,26,6,10,0,90,0,0,0,0,159,12,6,54,0,1,0,0,2,2,0,6,14,0,0,5,0,13,0,0,0,0,0,0,7,0,0,0,0,0,0,0,441,20,0,31,0,5,0,0,6,0,0,1,0,0,0,0,19,18,0,35,0,0,0,1,23,1,0,0,0,1,0,9,55,22,10,89,8,0,0,1,0,0,0,0,17,0,0,0,3,1,3,0,1,1,0,0,0,0,0,0,0,0,0,0,4,168,101,57,0,0,0,0,0,6,0,0,0,0,0,0,8,1,1,115,11,65,2,14,16,0,0,0,0,0,0,0,140,44,2,121,0,0,0,5,0,0,0,0,0,0,0,0,9,0,0,3,0,0,0,0,0,0,0,0,13,0,0,0,36,4,2,36,0,0,10,6,0,0,0,4,0,0,0,64,24,1,0,19,0,0,0,109,0,0,0,1,0,0,0,2,35,8,0,10,1,0,0,0,0,1,0,0,0,0,0,0,0,0,0,17,0,0,0,0,0,0,0,0,0,0,0,0,0,0,0,0,0,0,0,2,0,0,0,0,0,0,2,0,39,39,16,156,0,0,0,0,0,0,0,6,0,0,0,0,32,987,27,56,0,13,0,4,0,0,0,0,0,0,0,0,131,0,1,36,113,0,0,0,0,0,0,0,0,0,0,0,0,0,10,304,0,0,0,128,0,0,0,0,0,0,0,0,143,70,0,95,0,0,0,0,0,0,0,0,0,0,0,0,297,33,0,37,19,0,0,0,0,0,0,0,0,0,0,0,25,3,0,16,0,0,1,0,8,0,0,12,0,0,0,0,634,22,22,69,11,14,0,3,200,0,0,39,0,0,0,0,57,7,0,197,36,0,0,2,0,4,0,0,0,0,0,109,1,0,21,18,1,0,0,4,0,0,0,0,0,0,0,0,11,0,0,4,0,0,0,3,0,0,0,0,0,0,0,0,1997,980,454,1290,36,14,13,418,220,0,0,53,2,35,0,168,291,12,125,93,0,0,4,2,1,0,0,6,0,0,0,2,2737,584,696,1671,500,112,464,192,41,504,66,270,0,0,0,4,198,11,6,204,183,10,17,25,0,0,2,11,0,0,0,0,4521,881,1855,2447,410,134,212,76,424,5,163,0,342,3,0,260,4360,2194,2324,6472,367,5,576,1028,33,20,379,272,376,0,0,5,0,16,3,4,0,0,0,6,2,0,0,0,0,0,0,0,753,34,12,115,19,1,0,22,1,0,0,2,0,0,0,0,371,6,8,30,184,3,3,4,5,1,13,13,4,2,0,10,1350,1292,535,417,501,183,6,5,13,2,12,5,5,0,2,0,755,14,19,574,173,282,2,121,11,158,2,8,57,37,0,5,119,74,2,251,29,0,0,17,0,2,0,41,16,1,0,8,545,23,4,223,0,17,0,0,0,0,0,0,0,3,0,0,0,0,0,0,14,0,0,0,0,0,0,0,0,0,0,0,0,111,12,16,0,0,0,0,0,0,0,0,0,0,0,0,5924,2800,1757,6757,186,47,8,817,62,3,54,123,496,171,0,830,1359,433,123,1430,2,20,11,262,21,0,0,195,101,7,1,56,1943,878,1149,2968,287,5,14,1214,133,17,3,362,124,63,6,237,462,16,0,134,0,0,0,0,0,0,0,0,0,6,0,11,5722,2689,1731,7117,292,0,3,340,621,216,476,720,213,64,37,158,0,0,3,26,0,163,0,5,0,0,0,0,0,0,0,0,231,0,3,15,0,0,0,0,3,0,0,1,0,0,0,0,3338,890,261,874,466,26,30,270,35,0,16,183,6,305,0,59,1176,434,440,706,124,22,0,30,97,2,4,88,25,3,0
0,22,0,242,133,0,0,0,0,0,0,0,0,0,0,0,0,436,0,0,128,5,153,0,22,0,0,0,0,0,0,0,0,12,75,25,57,0,0,0,0,0,2,0,0,0,0,4,19,294,240,228,307,32,285,8,20,0,0,0,0,0,0,0,0,22,22,14,38,0,12,0,0,0,0,8,0,0,0,0,0,15,114,0,7,0,0,0,13,0,0,0,0,0,0,0,0,545,24,81,55,173,53,13,13,0,0,0,0,0,0,0,0,62,53,0,83,0,0,0,9,0,0,0,0,0,0,0,9,265,7,1,36,2,0,0,0,0,3,0,0,0,0,0,0,0,4,0,0,0,0,0,0,0,0,0,0,0,0,0,0,714,155,0,3,0,0,0,2,0,0,0,0,0,0,0,0,256,477,2,151,0,0,0,49,0,0,0,8,0,8,0,0,0,0,0,0,0,0,0,0,0,0,0,0,0,0,0,1,15,1,26,34,0,0,0,26,6,10,0,90,0,0,0,0,159,12,6,54,0,1,0,0,2,2,0,6,14,0,0,5,0,13,0,0,0,0,0,0,7,0,0,0,0,0,0,0,441,20,0,31,0,5,0,0,6,0,0,1,0,0,0,0,19,18,0,35,0,0,0,1,23,1,0,0,0,1,0,9,55,22,10,89,8,0,0,1,0,0,0,0,17,0,0,0,3,1,3,0,1,1,0,0,0,0,0,0,0,0,0,0,4,168,101,57,0,0,0,0,0,6,0,0,0,0,0,0,8,1,1,115,11,65,2,14,16,0,0,0,0,0,0,0,140,44,2,121,0,0,0,5,0,0,0,0,0,0,0,0,9,0,0,3,0,0,0,0,0,0,0,0,13,0,0,0,36,4,2,36,0,0,10,6,0,0,0,4,0,0,0,64,24,1,0,19,0,0,0,109,0,0,0,1,0,0,0,2,35,8,0,10,1,0,0,0,0,1,0,0,0,0,0,0,0,0,0,17,0,0,0,0,0,0,0,0,0,0,0,0,0,0,0,0,0,0,0,2,0,0,0,0,0,0,2,0,39,39,16,156,0,0,0,0,0,0,0,6,0,0,0,0,32,987,27,56,0,13,0,4,0,0,0,0,0,0,0,0,131,0,1,36,113,0,0,0,0,0,0,0,0,0,0,0,0,0,10,304,0,0,0,128,0,0,0,0,0,0,0,0,143,70,0,95,0,0,0,0,0,0,0,0,0,0,0,0,297,33,0,37,19,0,0,0,0,0,0,0,0,0,0,0,25,3,0,16,0,0,1,0,8,0,0,12,0,0,0,0,634,22,22,69,11,14,0,3,200,0,0,39,0,0,0,0,57,7,0,197,36,0,0,2,0,4,0,0,0,0,0,109,1,0,21,18,1,0,0,4,0,0,0,0,0,0,0,0,11,0,0,4,0,0,0,3,0,0,0,0,0,0,0,0,1997,980,454,1290,36,14,13,418,220,0,0,53,2,35,0,168,291,12,125,93,0,0,4,2,1,0,0,6,0,0,0,2,2737,584,696,1671,500,112,464,192,41,504,66,270,0,0,0,4,198,11,6,204,183,10,17,25,0,0,2,11,0,0,0,0,4521,881,1855,2447,410,134,212,76,424,5,163,0,342,3,0,261,4361,2192,2323,6470,367,5,575,1029,33,20,379,271,376,0,0,5,0,16,3,4,0,0,0,6,2,0,0,0,0,0,0,0,753,34,12,115,19,1,0,22,1,0,0,2,0,0,0,0,371,6,8,30,184,3,3,4,5,1,13,13,4,2,0,10,1350,1292,535,417,501,183,6,5,13,2,12,5,5,0,2,0,755,14,19,574,173,282,2,121,11,158,2,8,57,37,0,5,119,74,2,251,29,0,0,17,0,2,0,41,16,1,0,8,545,23,4,223,0,17,0,0,0,0,0,0,0,3,0,0,0,0,0,0,14,0,0,0,0,0,0,0,0,0,0,0,0,111,12,16,0,0,0,0,0,0,0,0,0,0,0,0,5924,2800,1757,6757,186,47,8,817,62,3,54,123,496,171,0,830,1359,433,123,1430,2,20,11,262,21,0,0,195,101,7,1,56,1943,876,1149,2968,287,5,14,1214,133,17,3,360,124,63,6,237,462,16,0,134,0,0,0,0,0,0,0,0,0,6,0,11,5722,2689,1731,7113,292,0,3,340,620,216,475,720,213,64,37,158,0,0,3,26,0,162,0,5,0,0,0,0,0,0,0,0,231,0,3,15,0,0,0,0,3,0,0,1,0,0,0,0,3339,890,261,874,466,26,30,270,35,0,16,183,6,305,0,59,1176,434,440,706,124,22,0,30,97,2,4,88,25,3,0
0,22,0,242,133,0,0,0,0,0,0,0,0,0,0,0,0,436,0,0,128,5,153,0,22,0,0,0,0,0,0,0,0,12,75,25,57,0,0,0,0,0,2,0,0,0,0,4,19,294,240,228,307,32,285,8,20,0,0,0,0,0,0,0,0,22,22,14,38,0,12,0,0,0,0,8,0,0,0,0,0,15,114,0,7,0,0,0,13,0,0,0,0,0,0,0,0,545,24,81,55,173,53,13,13,0,0,0,0,0,0,0,0,62,53,0,83,0,0,0,9,0,0,0,0,0,0,0,9,265,7,1,36,2,0,0,0,0,3,0,0,0,0,0,0,0,4,0,0,0,0,0,0,0,0,0,0,0,0,0,0,712,155,0,3,0,0,0,2,0,0,0,0,0,0,0,0,256,477,2,151,0,0,0,49,0,0,0,8,0,8,0,0,0,0,0,0,0,0,0,0,0,0,0,0,0,0,0,1,15,1,26,34,0,0,0,26,6,10,0,90,0,0,0,0,159,12,6,54,0,1,0,0,2,2,0,6,14,0,0,5,0,13,0,0,0,0,0,0,7,0,0,0,0,0,0,0,441,20,0,31,0,5,0,0,6,0,0,1,0,0,0,0,19,18,0,35,0,0,0,1,23,1,0,0,0,1,0,9,55,22,10,89,8,0,0,1,0,0,0,0,17,0,0,0,3,1,3,0,1,1,0,0,0,0,0,0,0,0,0,0,4,168,101,57,0,0,0,0,0,6,0,0,0,0,0,0,8,1,1,115,11,65,2,14,16,0,0,0,0,0,0,0,140,44,2,121,0,0,0,5,0,0,0,0,0,0,0,0,9,0,0,3,0,0,0,0,0,0,0,0,13,0,0,0,36,4,2,36,0,0,10,6,0,0,0,4,0,0,0,64,24,1,0,19,0,0,0,109,0,0,0,1,0,0,0,2,35,8,0,10,1,0,0,0,0,1,0,0,0,0,0,0,0,0,0,17,0,0,0,0,0,0,0,0,0,0,0,0,0,0,0,0,0,0,0,2,0,0,0,0,0,0,2,0,39,39,16,156,0,0,0,0,0,0,0,6,0,0,0,0,32,987,27,56,0,13,0,4,0,0,0,0,0,0,0,0,131,0,1,36,113,0,0,0,0,0,0,0,0,0,0,0,0,0,10,304,0,0,0,128,0,0,0,0,0,0,0,0,143,70,0,95,0,0,0,0,0,0,0,0,0,0,0,0,297,33,0,37,19,0,0,0,0,0,0,0,0,0,0,0,25,3,0,16,0,0,1,0,8,0,0,12,0,0,0,0,634,22,22,69,11,14,0,3,200,0,0,39,0,0,0,0,57,7,0,197,36,0,0,2,0,4,0,0,0,0,0,109,1,0,21,18,1,0,0,4,0,0,0,0,0,0,0,0,11,0,0,4,0,0,0,3,0,0,0,0,0,0,0,0,1997,980,454,1290,36,14,13,418,220,0,0,53,2,35,0,168,291,12,125,93,0,0,4,2,1,0,0,6,0,0,0,2,2737,584,696,1671,500,112,464,192,41,504,66,270,0,0,0,4,198,11,6,204,183,10,17,25,0,0,2,11,0,0,0,0,4521,881,1856,2447,410,134,212,76,424,5,163,0,342,3,0,260,4360,2192,2323,6469,367,5,575,1028,33,20,379,271,376,0,0,5,0,16,3,4,0,0,0,6,2,0,0,0,0,0,0,0,753,34,12,115,19,1,0,22,1,0,0,2,0,0,0,0,371,6,8,30,184,3,3,4,5,1,13,13,4,2,0,10,1350,1292,535,417,501,183,6,5,13,2,12,5,5,0,2,0,755,14,19,574,173,282,2,121,11,158,2,8,57,37,0,5,119,74,2,251,29,0,0,17,0,2,0,41,16,1,0,8,545,23,4,223,0,17,0,0,0,0,0,0,0,3,0,0,0,0,0,0,14,0,0,0,0,0,0,0,0,0,0,0,0,111,12,16,0,0,0,0,0,0,0,0,0,0,0,0,5925,2800,1757,6757,186,47,8,817,62,3,54,123,496,171,0,830,1359,433,123,1430,2,20,11,262,21,0,0,195,101,7,1,56,1943,876,1149,2968,287,5,14,1214,133,17,3,360,124,63,6,237,462,16,0,134,0,0,0,0,0,0,0,0,0,6,0,11,5723,2689,1731,7113,292,0,3,340,620,216,475,720,213,64,37,158,0,0,3,26,0,162,0,5,0,0,0,0,0,0,0,0,231,0,3,15,0,0,0,0,3,0,0,1,0,0,0,0,3338,890,261,874,466,26,30,270,35,0,16,183,6,305,0,59,1176,434,440,706,124,22,0,30,97,2,4,88,25,3,0
0,22,0,242,133,0,0,0,0,0,0,0,0,0,0,0,0,436,0,0,128,5,153,0,22,0,0,0,0,0,0,0,0,12,75,25,57,0,0,0,0,0,2,0,0,0,0,4,19,294,240,228,307,32,285,8,20,0,0,0,0,0,0,0,0,22,22,14,38,0,12,0,0,0,0,8,0,0,0,0,0,15,114,0,7,0,0,0,13,0,0,0,0,0,0,0,0,545,24,81,55,173,53,13,13,0,0,0,0,0,0,0,0,62,53,0,83,0,0,0,9,0,0,0,0,0,0,0,9,265,7,1,36,2,0,0,0,0,3,0,0,0,0,0,0,0,4,0,0,0,0,0,0,0,0,0,0,0,0,0,0,712,155,0,3,0,0,0,2,0,0,0,0,0,0,0,0,256,477,2,151,0,0,0,49,0,0,0,8,0,8,0,0,0,0,0,0,0,0,0,0,0,0,0,0,0,0,0,1,15,1,26,34,0,0,0,26,6,10,0,90,0,0,0,0,159,12,6,54,0,1,0,0,2,2,0,6,14,0,0,5,0,13,0,0,0,0,0,0,7,0,0,0,0,0,0,0,441,20,0,31,0,5,0,0,6,0,0,1,0,0,0,0,19,18,0,35,0,0,0,1,23,1,0,0,0,1,0,9,55,22,10,89,8,0,0,1,0,0,0,0,17,0,0,0,3,1,3,0,1,1,0,0,0,0,0,0,0,0,0,0,4,168,101,57,0,0,0,0,0,6,0,0,0,0,0,0,8,1,1,115,11,65,2,14,16,0,0,0,0,0,0,0,140,44,2,121,0,0,0,5,0,0,0,0,0,0,0,0,9,0,0,3,0,0,0,0,0,0,0,0,13,0,0,0,36,4,2,36,0,0,10,6,0,0,0,4,0,0,0,64,24,1,0,19,0,0,0,109,0,0,0,1,0,0,0,2,35,8,0,10,1,0,0,0,0,1,0,0,0,0,0,0,0,0,0,17,0,0,0,0,0,0,0,0,0,0,0,0,0,0,0,0,0,0,0,2,0,0,0,0,0,0,2,0,39,39,16,156,0,0,0,0,0,0,0,6,0,0,0,0,32,987,27,56,0,13,0,4,0,0,0,0,0,0,0,0,131,0,1,36,113,0,0,0,0,0,0,0,0,0,0,0,0,0,10,304,0,0,0,128,0,0,0,0,0,0,0,0,143,70,0,95,0,0,0,0,0,0,0,0,0,0,0,0,297,33,0,37,19,0,0,0,0,0,0,0,0,0,0,0,25,3,0,16,0,0,1,0,8,0,0,12,0,0,0,0,634,22,22,69,11,14,0,3,200,0,0,39,0,0,0,0,57,7,0,197,36,0,0,2,0,4,0,0,0,0,0,109,1,0,21,18,1,0,0,4,0,0,0,0,0,0,0,0,11,0,0,4,0,0,0,3,0,0,0,0,0,0,0,0,1997,980,454,1290,36,14,13,418,220,0,0,53,2,35,0,168,291,12,125,93,0,0,4,2,1,0,0,6,0,0,0,2,2737,584,696,1671,500,112,464,192,41,504,66,270,0,0,0,4,198,11,6,204,183,10,17,25,0,0,2,11,0,0,0,0,4521,881,1855,2448,410,134,212,76,424,5,163,0,342,3,0,260,4361,2192,2323,6470,367,5,575,1028,33,20,379,271,376,0,0,5,0,16,3,4,0,0,0,6,2,0,0,0,0,0,0,0,753,34,12,115,19,1,0,22,1,0,0,2,0,0,0,0,371,6,8,30,184,3,3,4,5,1,13,13,4,2,0,10,1350,1292,535,417,501,183,6,5,13,2,12,5,5,0,2,0,755,14,19,574,173,282,2,121,11,158,2,8,57,37,0,5,119,74,2,251,29,0,0,17,0,2,0,41,16,1,0,8,545,23,4,223,0,17,0,0,0,0,0,0,0,3,0,0,0,0,0,0,14,0,0,0,0,0,0,0,0,0,0,0,0,111,12,16,0,0,0,0,0,0,0,0,0,0,0,0,5924,2800,1757,6757,186,47,8,817,62,3,54,123,496,171,0,830,1359,433,123,1430,2,20,11,262,21,0,0,195,101,7,1,56,1943,876,1149,2969,287,5,14,1214,133,17,3,360,124,63,6,237,462,16,0,134,0,0,0,0,0,0,0,0,0,6,0,11,5722,2691,1731,7115,292,0,3,340,620,216,475,720,213,64,37,158,0,0,3,26,0,162,0,5,0,0,0,0,0,0,0,0,231,0,3,15,0,0,0,0,3,0,0,1,0,0,0,0,3338,890,261,874,466,26,30,270,35,0,16,183,6,305,0,59,1176,434,440,706,124,22,0,30,97,2,4,88,25,3,0
0,22,0,242,133,0,0,0,0,0,0,0,0,0,0,0,0,436,0,0,128,5,153,0,22,0,0,0,0,0,0,0,0,12,75,25,57,0,0,0,0,0,2,0,0,0,0,4,19,294,240,228,307,32,285,8,20,0,0,0,0,0,0,0,0,22,22,14,38,0,12,0,0,0,0,8,0,0,0,0,0,15,114,0,7,0,0,0,13,0,0,0,0,0,0,0,0,545,24,81,55,173,53,13,13,0,0,0,0,0,0,0,0,62,53,0,83,0,0,0,9,0,0,0,0,0,0,0,9,265,7,1,36,2,0,0,0,0,3,0,0,0,0,0,0,0,4,0,0,0,0,0,0,0,0,0,0,0,0,0,0,712,155,0,3,0,0,0,2,0,0,0,0,0,0,0,0,256,477,2,151,0,0,0,49,0,0,0,8,0,8,0,0,0,0,0,0,0,0,0,0,0,0,0,0,0,0,0,1,15,1,26,34,0,0,0,26,6,10,0,90,0,0,0,0,159,12,6,54,0,1,0,0,2,2,0,6,14,0,0,5,0,13,0,0,0,0,0,0,7,0,0,0,0,0,0,0,441,20,0,31,0,5,0,0,6,0,0,1,0,0,0,0,19,18,0,35,0,0,0,1,23,1,0,0,0,1,0,9,55,22,10,89,8,0,0,1,0,0,0,0,17,0,0,0,3,1,3,0,1,1,0,0,0,0,0,0,0,0,0,0,4,168,101,57,0,0,0,0,0,6,0,0,0,0,0,0,8,1,1,115,11,65,2,14,16,0,0,0,0,0,0,0,140,44,2,121,0,0,0,5,0,0,0,0,0,0,0,0,9,0,0,3,0,0,0,0,0,0,0,0,13,0,0,0,36,4,2,36,0,0,10,6,0,0,0,4,0,0,0,64,24,1,0,19,0,0,0,109,0,0,0,1,0,0,0,2,35,8,0,10,1,0,0,0,0,1,0,0,0,0,0,0,0,0,0,17,0,0,0,0,0,0,0,0,0,0,0,0,0,0,0,0,0,0,0,2,0,0,0,0,0,0,2,0,39,39,16,156,0,0,0,0,0,0,0,6,0,0,0,0,32,987,27,56,0,13,0,4,0,0,0,0,0,0,0,0,131,0,1,36,113,0,0,0,0,0,0,0,0,0,0,0,0,0,10,304,0,0,0,128,0,0,0,0,0,0,0,0,143,70,0,95,0,0,0,0,0,0,0,0,0,0,0,0,297,33,0,37,19,0,0,0,0,0,0,0,0,0,0,0,25,3,0,16,0,0,1,0,8,0,0,12,0,0,0,0,634,22,22,69,11,14,0,3,200,0,0,39,0,0,0,0,57,7,0,197,36,0,0,2,0,4,0,0,0,0,0,109,1,0,21,18,1,0,0,4,0,0,0,0,0,0,0,0,11,0,0,4,0,0,0,3,0,0,0,0,0,0,0,0,1997,980,454,1290,36,14,13,418,220,0,0,53,2,35,0,168,291,12,125,93,0,0,4,2,1,0,0,6,0,0,0,2,2738,584,696,1671,500,112,464,192,41,504,66,270,0,0,0,4,198,11,6,204,183,10,17,25,0,0,2,11,0,0,0,0,4522,881,1855,2447,410,134,212,76,424,5,163,0,342,3,0,260,4360,2192,2323,6471,367,5,575,1029,33,20,379,271,376,0,0,5,0,16,3,4,0,0,0,6,2,0,0,0,0,0,0,0,753,34,12,115,19,1,0,22,1,0,0,2,0,0,0,0,371,6,8,30,184,3,3,4,5,1,13,13,4,2,0,10,1350,1292,535,417,501,183,6,5,13,2,12,5,5,0,2,0,755,14,19,574,173,282,2,121,11,158,2,8,57,37,0,5,119,74,2,251,29,0,0,17,0,2,0,41,16,1,0,8,545,23,4,223,0,17,0,0,0,0,0,0,0,3,0,0,0,0,0,0,14,0,0,0,0,0,0,0,0,0,0,0,0,111,12,16,0,0,0,0,0,0,0,0,0,0,0,0,5924,2801,1757,6757,186,47,8,817,62,3,54,123,496,171,0,830,1359,433,123,1430,2,20,11,262,21,0,0,195,101,7,1,56,1943,876,1149,2968,288,5,14,1214,133,17,3,360,124,63,6,237,462,16,0,134,0,0,0,0,0,0,0,0,0,6,0,11,5722,2689,1732,7115,293,0,3,340,620,216,475,720,213,64,37,158,0,0,3,26,0,162,0,5,0,0,0,0,0,0,0,0,231,0,3,15,0,0,0,0,3,0,0,1,0,0,0,0,3338,890,261,874,466,26,30,270,35,0,16,183,6,305,0,59,1176,434,440,706,124,22,0,30,97,2,4,88,25,3,0
0,22,0,242,133,0,0,0,0,0,0,0,0,0,0,0,0,436,0,0,128,5,153,0,22,0,0,0,0,0,0,0,0,12,75,25,57,0,0,0,0,0,2,0,0,0,0,4,19,294,240,228,307,32,285,8,20,0,0,0,0,0,0,0,0,22,22,14,38,0,12,0,0,0,0,8,0,0,0,0,0,15,114,0,7,0,0,0,13,0,0,0,0,0,0,0,0,545,24,81,55,173,53,13,13,0,0,0,0,0,0,0,0,62,53,0,83,0,0,0,9,0,0,0,0,0,0,0,9,265,7,1,36,2,0,0,0,0,3,0,0,0,0,0,0,0,4,0,0,0,0,0,0,0,0,0,0,0,0,0,0,712,155,0,3,0,0,0,2,0,0,0,0,0,0,0,0,256,477,2,151,0,0,0,49,0,0,0,8,0,8,0,0,0,0,0,0,0,0,0,0,0,0,0,0,0,0,0,1,15,1,26,34,0,0,0,26,6,10,0,90,0,0,0,0,159,12,6,54,0,1,0,0,2,2,0,6,14,0,0,5,0,13,0,0,0,0,0,0,7,0,0,0,0,0,0,0,441,20,0,31,0,5,0,0,6,0,0,1,0,0,0,0,19,18,0,35,0,0,0,1,23,1,0,0,0,1,0,9,55,22,10,89,8,0,0,1,0,0,0,0,17,0,0,0,3,1,3,0,1,1,0,0,0,0,0,0,0,0,0,0,4,168,101,57,0,0,0,0,0,6,0,0,0,0,0,0,8,1,1,115,11,65,2,14,16,0,0,0,0,0,0,0,140,44,2,121,0,0,0,5,0,0,0,0,0,0,0,0,9,0,0,3,0,0,0,0,0,0,0,0,13,0,0,0,36,4,2,36,0,0,10,6,0,0,0,4,0,0,0,64,24,1,0,19,0,0,0,109,0,0,0,1,0,0,0,2,35,8,0,10,1,0,0,0,0,1,0,0,0,0,0,0,0,0,0,17,0,0,0,0,0,0,0,0,0,0,0,0,0,0,0,0,0,0,0,2,0,0,0,0,0,0,2,0,39,39,16,156,0,0,0,0,0,0,0,6,0,0,0,0,32,987,27,56,0,13,0,4,0,0,0,0,0,0,0,0,131,0,1,36,113,0,0,0,0,0,0,0,0,0,0,0,0,0,10,304,0,0,0,128,0,0,0,0,0,0,0,0,143,70,0,95,0,0,0,0,0,0,0,0,0,0,0,0,297,33,0,37,19,0,0,0,0,0,0,0,0,0,0,0,25,3,0,16,0,0,1,0,8,0,0,12,0,0,0,0,634,22,22,69,11,14,0,3,200,0,0,39,0,0,0,0,57,7,0,197,36,0,0,2,0,4,0,0,0,0,0,109,1,0,21,18,1,0,0,4,0,0,0,0,0,0,0,0,11,0,0,4,0,0,0,3,0,0,0,0,0,0,0,0,1997,980,454,1290,36,14,13,418,220,0,0,53,2,35,0,168,291,12,125,93,0,0,4,2,1,0,0,6,0,0,0,2,2737,584,696,1671,500,112,464,192,41,504,66,270,0,0,0,4,198,11,6,205,184,10,17,25,0,0,2,11,0,0,0,0,4521,881,1855,2447,410,134,212,76,424,5,163,0,342,3,0,260,4360,2192,2323,6469,367,5,575,1028,33,20,379,271,376,0,0,5,0,16,3,4,0,0,0,6,2,0,0,0,0,0,0,0,753,34,12,115,19,1,0,22,1,0,0,2,0,0,0,0,371,6,8,30,184,3,3,4,5,1,13,13,4,2,0,10,1350,1292,535,417,501,183,6,5,13,2,12,5,5,0,2,0,755,14,19,574,173,282,2,121,11,158,2,8,57,37,0,5,119,74,2,252,29,0,0,17,0,2,0,41,16,1,0,8,545,23,4,224,0,17,0,0,0,0,0,0,0,3,0,0,0,0,0,0,14,0,0,0,0,0,0,0,0,0,0,0,0,111,12,16,0,0,0,0,0,0,0,0,0,0,0,0,5924,2800,1757,6757,186,47,8,817,62,3,54,123,496,171,0,830,1359,433,123,1430,2,20,11,262,21,0,0,195,101,7,1,56,1943,876,1149,2968,287,5,14,1214,133,17,3,360,124,63,6,237,462,16,0,134,0,0,0,0,0,0,0,0,0,6,0,11,5722,2689,1731,7114,292,0,3,340,620,216,475,720,213,64,37,158,0,0,3,26,0,162,0,5,0,0,0,0,0,0,0,0,231,0,3,15,0,0,0,0,3,0,0,1,0,0,0,0,3338,890,261,874,466,26,30,270,35,0,16,183,6,305,0,59,1176,434,440,706,124,22,0,30,97,2,4,88,25,3,0
0,22,0,242,133,0,0,0,0,0,0,0,0,0,0,0,0,436,0,0,128,5,153,0,22,0,0,0,0,0,0,0,0,12,75,25,57,0,0,0,0,0,2,0,0,0,0,4,19,294,240,228,307,32,285,8,20,0,0,0,0,0,0,0,0,22,22,14,38,0,12,0,0,0,0,8,0,0,0,0,0,15,114,0,7,0,0,0,13,0,0,0,0,0,0,0,0,545,24,81,55,173,53,13,13,0,0,0,0,0,0,0,0,62,53,0,83,0,0,0,9,0,0,0,0,0,0,0,9,265,7,1,36,2,0,0,0,0,3,0,0,0,0,0,0,0,4,0,0,0,0,0,0,0,0,0,0,0,0,0,0,712,155,0,3,0,0,0,2,0,0,0,0,0,0,0,0,256,477,2,151,0,0,0,49,0,0,0,8,0,8,0,0,0,0,0,0,0,0,0,0,0,0,0,0,0,0,0,1,15,1,26,34,0,0,0,26,6,10,0,90,0,0,0,0,159,12,6,54,0,1,0,0,2,2,0,6,14,0,0,5,0,13,0,0,0,0,0,0,7,0,0,0,0,0,0,0,441,20,0,31,0,5,0,0,6,0,0,1,0,0,0,0,19,18,0,35,0,0,0,1,23,1,0,0,0,1,0,9,55,22,10,89,8,0,0,1,0,0,0,0,17,0,0,0,3,1,3,0,1,1,0,0,0,0,0,0,0,0,0,0,4,168,101,57,0,0,0,0,0,6,0,0,0,0,0,0,8,1,1,115,11,65,2,14,16,0,0,0,0,0,0,0,140,44,2,121,0,0,0,5,0,0,0,0,0,0,0,0,9,0,0,3,0,0,0,0,0,0,0,0,13,0,0,0,36,4,2,36,0,0,10,6,0,0,0,4,0,0,0,64,24,1,0,19,0,0,0,109,0,0,0,1,0,0,0,2,35,8,0,10,1,0,0,0,0,1,0,0,0,0,0,0,0,0,0,17,0,0,0,0,0,0,0,0,0,0,0,0,0,0,0,0,0,0,0,2,0,0,0,0,0,0,2,0,39,39,16,156,0,0,0,0,0,0,0,6,0,0,0,0,32,987,27,56,0,13,0,4,0,0,0,0,0,0,0,0,131,0,1,36,113,0,0,0,0,0,0,0,0,0,0,0,0,0,10,304,0,0,0,128,0,0,0,0,0,0,0,0,143,70,0,95,0,0,0,0,0,0,0,0,0,0,0,0,297,33,0,37,19,0,0,0,0,0,0,0,0,0,0,0,25,3,0,16,0,0,1,0,8,0,0,12,0,0,0,0,634,22,22,69,11,14,0,3,200,0,0,39,0,0,0,0,57,7,0,197,36,0,0,2,0,4,0,0,0,0,0,109,1,0,21,18,1,0,0,4,0,0,0,0,0,0,0,0,11,0,0,4,0,0,0,3,0,0,0,0,0,0,0,0,1997,980,454,1290,36,14,13,418,220,0,0,53,2,35,0,168,291,12,125,93,0,0,4,2,1,0,0,6,0,0,0,2,2738,584,696,1671,500,112,464,192,41,504,66,270,0,0,0,4,198,11,6,204,183,10,17,25,0,0,2,11,0,0,0,0,4522,881,1855,2447,410,134,212,76,424,5,163,0,342,3,0,260,4360,2192,2323,6469,367,5,575,1028,33,20,379,271,376,0,0,5,0,16,3,4,0,0,0,6,2,0,0,0,0,0,0,0,753,34,12,115,19,1,0,22,1,0,0,2,0,0,0,0,371,6,8,30,184,3,3,4,5,1,13,13,4,2,0,10,1350,1292,535,417,501,183,6,5,13,2,12,5,5,0,2,0,755,14,19,574,173,282,2,121,11,158,2,8,57,37,0,5,119,74,2,251,29,0,0,17,0,2,0,41,16,1,0,8,545,23,4,223,0,17,0,0,0,0,0,0,0,3,0,0,0,0,0,0,14,0,0,0,0,0,0,0,0,0,0,0,0,111,12,16,0,0,0,0,0,0,0,0,0,0,0,0,5924,2800,1757,6757,186,47,8,817,62,3,54,123,496,171,0,830,1359,433,123,1430,2,20,11,262,21,0,0,195,101,7,1,56,1943,876,1149,2968,287,5,14,1214,133,17,3,360,124,63,6,237,462,16,0,134,0,0,0,0,0,0,0,0,0,6,0,11,5722,2689,1731,7113,292,0,3,340,621,216,475,721,213,64,37,158,0,0,3,26,0,162,0,5,0,0,0,0,0,0,0,0,231,0,3,15,0,0,0,0,3,0,0,1,0,0,0,0,3338,890,261,874,466,26,30,270,35,0,16,183,6,305,0,59,1176,434,440,706,124,22,0,30,97,2,4,88,25,3,0
0,22,0,242,133,0,0,0,0,0,0,0,0,0,0,0,0,436,0,0,128,5,153,0,22,0,0,0,0,0,0,0,0,12,75,25,57,0,0,0,0,0,2,0,0,0,0,4,19,294,240,228,307,32,285,8,20,0,0,0,0,0,0,0,0,22,22,14,38,0,12,0,0,0,0,8,0,0,0,0,0,15,114,0,7,0,0,0,13,0,0,0,0,0,0,0,0,545,24,81,55,173,53,13,13,0,0,0,0,0,0,0,0,62,53,0,83,0,0,0,9,0,0,0,0,0,0,0,9,265,7,1,36,2,0,0,0,0,3,0,0,0,0,0,0,0,4,0,0,0,0,0,0,0,0,0,0,0,0,0,0,712,155,0,3,0,0,0,2,0,0,0,0,0,0,0,0,256,477,2,151,0,0,0,49,0,0,0,8,0,8,0,0,0,0,0,0,0,0,0,0,0,0,0,0,0,0,0,1,15,1,26,34,0,0,0,26,6,10,0,90,0,0,0,0,159,12,6,54,0,1,0,0,2,2,0,6,14,0,0,5,0,13,0,0,0,0,0,0,7,0,0,0,0,0,0,0,441,20,0,31,0,5,0,0,6,0,0,1,0,0,0,0,19,18,0,35,0,0,0,1,23,1,0,0,0,1,0,9,55,22,10,89,8,0,0,1,0,0,0,0,17,0,0,0,3,1,3,0,1,1,0,0,0,0,0,0,0,0,0,0,4,168,101,57,0,0,0,0,0,6,0,0,0,0,0,0,8,1,1,115,11,65,2,14,16,0,0,0,0,0,0,0,140,44,2,121,0,0,0,5,0,0,0,0,0,0,0,0,9,0,0,3,0,0,0,0,0,0,0,0,13,0,0,0,36,4,2,36,0,0,10,6,0,0,0,4,0,0,0,64,24,1,0,19,0,0,0,109,0,0,0,1,0,0,0,2,35,8,0,10,1,0,0,0,0,1,0,0,0,0,0,0,0,0,0,17,0,0,0,0,0,0,0,0,0,0,0,0,0,0,0,0,0,0,0,2,0,0,0,0,0,0,2,0,39,39,16,156,0,0,0,0,0,0,0,6,0,0,0,0,32,987,27,56,0,13,0,4,0,0,0,0,0,0,0,0,131,0,1,36,113,0,0,0,0,0,0,0,0,0,0,0,0,0,10,304,0,0,0,128,0,0,0,0,0,0,0,0,143,70,0,95,0,0,0,0,0,0,0,0,0,0,0,0,297,33,0,37,19,0,0,0,0,0,0,0,0,0,0,0,25,3,0,16,0,0,1,0,8,0,0,12,0,0,0,0,634,22,22,69,11,14,0,3,200,0,0,39,0,0,0,0,57,7,0,197,36,0,0,2,0,4,0,0,0,0,0,109,1,0,21,18,1,0,0,4,0,0,0,0,0,0,0,0,11,0,0,4,0,0,0,3,0,0,0,0,0,0,0,0,1997,980,454,1290,36,14,13,418,220,0,0,53,2,35,0,168,291,12,125,93,0,0,4,2,1,0,0,6,0,0,0,2,2737,584,696,1671,500,112,464,192,41,504,66,270,0,0,0,4,198,11,6,204,183,10,17,25,0,0,2,11,0,0,0,0,4521,881,1855,2447,410,134,212,76,424,5,163,0,342,3,0,260,4360,2192,2323,6470,367,5,575,1028,33,20,379,271,376,0,0,5,0,16,3,4,0,0,0,6,2,0,0,0,0,0,0,0,753,34,12,115,19,1,0,22,1,0,0,2,0,0,0,0,371,6,8,30,184,3,3,4,5,1,13,13,4,2,0,10,1350,1292,535,417,501,183,6,5,13,2,12,5,5,0,2,0,755,14,19,574,173,282,2,121,11,158,2,8,57,37,0,5,119,74,2,251,29,0,0,17,0,2,0,41,16,1,0,8,545,23,4,223,0,17,0,0,0,0,0,0,0,3,0,0,0,0,0,0,14,0,0,0,0,0,0,0,0,0,0,0,0,111,12,16,0,0,0,0,0,0,0,0,0,0,0,0,5925,2801,1757,6757,186,47,8,817,62,3,54,123,496,171,0,830,1359,433,123,1430,2,20,11,262,21,0,0,195,101,7,1,56,1943,876,1149,2968,287,5,14,1214,133,17,3,360,124,63,6,237,462,16,0,134,0,0,0,0,0,0,0,0,0,6,0,11,5722,2689,1731,7113,292,0,3,340,620,216,475,720,213,64,37,158,0,0,3,26,0,162,0,5,0,0,0,0,0,0,0,0,231,0,3,15,0,0,0,0,3,0,0,1,0,0,0,0,3338,890,261,874,466,26,30,270,35,0,16,183,6,305,0,59,1176,434,440,706,124,22,0,30,97,2,4,88,25,3,0
0,22,0,242,133,0,0,0,0,0,0,0,0,0,0,0,0,436,0,0,128,5,153,0,22,0,0,0,0,0,0,0,0,12,75,25,57,0,0,0,0,0,2,0,0,0,0,4,19,294,240,228,307,32,285,8,20,0,0,0,0,0,0,0,0,22,22,14,38,0,12,0,0,0,0,8,0,0,0,0,0,15,114,0,7,0,0,0,13,0,0,0,0,0,0,0,0,545,24,81,55,173,53,13,13,0,0,0,0,0,0,0,0,62,53,0,83,0,0,0,9,0,0,0,0,0,0,0,9,265,7,1,36,2,0,0,0,0,3,0,0,0,0,0,0,0,4,0,0,0,0,0,0,0,0,0,0,0,0,0,0,712,155,0,3,0,0,0,2,0,0,0,0,0,0,0,0,256,477,2,151,0,0,0,49,0,0,0,8,0,8,0,0,0,0,0,0,0,0,0,0,0,0,0,0,0,0,0,1,15,1,26,34,0,0,0,26,6,10,0,90,0,0,0,0,159,12,6,54,0,1,0,0,2,2,0,6,14,0,0,5,0,13,0,0,0,0,0,0,7,0,0,0,0,0,0,0,441,20,0,31,0,5,0,0,6,0,0,1,0,0,0,0,19,18,0,35,0,0,0,1,23,1,0,0,0,1,0,9,55,22,10,89,8,0,0,1,0,0,0,0,17,0,0,0,3,1,3,0,1,1,0,0,0,0,0,0,0,0,0,0,4,168,101,57,0,0,0,0,0,6,0,0,0,0,0,0,8,1,1,115,11,65,2,14,16,0,0,0,0,0,0,0,140,44,2,121,0,0,0,5,0,0,0,0,0,0,0,0,9,0,0,3,0,0,0,0,0,0,0,0,13,0,0,0,36,4,2,36,0,0,10,6,0,0,0,4,0,0,0,64,24,1,0,19,0,0,0,109,0,0,0,1,0,0,0,2,35,8,0,10,1,0,0,0,0,1,0,0,0,0,0,0,0,0,0,17,0,0,0,0,0,0,0,0,0,0,0,0,0,0,0,0,0,0,0,2,0,0,0,0,0,0,2,0,39,39,16,156,0,0,0,0,0,0,0,6,0,0,0,0,32,987,27,56,0,13,0,4,0,0,0,0,0,0,0,0,131,0,1,36,113,0,0,0,0,0,0,0,0,0,0,0,0,0,10,304,0,0,0,128,0,0,0,0,0,0,0,0,143,70,0,95,0,0,0,0,0,0,0,0,0,0,0,0,297,33,0,37,19,0,0,0,0,0,0,0,0,0,0,0,25,3,0,16,0,0,1,0,8,0,0,12,0,0,0,0,634,22,22,69,11,14,0,3,200,0,0,39,0,0,0,0,57,7,0,197,36,0,0,2,0,4,0,0,0,0,0,109,1,0,21,18,1,0,0,4,0,0,0,0,0,0,0,0,11,0,0,4,0,0,0,3,0,0,0,0,0,0,0,0,1997,980,454,1290,36,14,13,418,220,0,0,53,2,35,0,168,291,12,125,93,0,0,4,2,1,0,0,6,0,0,0,2,2737,584,696,1671,500,112,464,192,41,504,66,270,0,0,0,4,198,11,6,204,183,10,17,25,0,0,2,11,0,0,0,0,4523,881,1855,2447,410,134,212,76,424,5,163,0,342,3,0,260,4361,2193,2323,6469,367,5,575,1028,33,20,379,271,376,0,0,5,0,16,3,4,0,0,0,6,2,0,0,0,0,0,0,0,753,34,12,115,19,1,0,22,1,0,0,2,0,0,0,0,371,6,8,30,184,3,3,4,5,1,13,13,4,2,0,10,1350,1292,535,417,501,183,6,5,13,2,12,5,5,0,2,0,755,14,19,574,173,282,2,121,11,158,2,8,57,37,0,5,119,74,2,251,29,0,0,17,0,2,0,41,16,1,0,8,545,23,4,223,0,17,0,0,0,0,0,0,0,3,0,0,0,0,0,0,14,0,0,0,0,0,0,0,0,0,0,0,0,111,12,16,0,0,0,0,0,0,0,0,0,0,0,0,5924,2800,1757,6757,186,47,8,817,62,3,54,123,496,171,0,830,1359,433,123,1430,2,20,11,262,21,0,0,195,101,7,1,56,1943,876,1149,2968,287,5,14,1214,133,17,3,360,124,63,6,237,462,16,0,134,0,0,0,0,0,0,0,0,0,6,0,11,5724,2689,1731,7113,292,0,3,340,620,216,475,720,213,64,37,158,0,0,3,26,0,162,0,5,0,0,0,0,0,0,0,0,231,0,3,15,0,0,0,0,3,0,0,1,0,0,0,0,3338,890,261,874,466,26,30,270,35,0,16,183,6,305,0,59,1176,434,440,706,124,22,0,30,97,2,4,88,25,3,0
0,22,0,242,133,0,0,0,0,0,0,0,0,0,0,0,0,436,0,0,128,5,153,0,22,0,0,0,0,0,0,0,0,12,75,25,57,0,0,0,0,0,2,0,0,0,0,4,19,294,240,228,307,32,285,8,20,0,0,0,0,0,0,0,0,22,22,14,38,0,12,0,0,0,0,8,0,0,0,0,0,15,114,0,7,0,0,0,13,0,0,0,0,0,0,0,0,545,24,81,55,173,53,13,13,0,0,0,0,0,0,0,0,62,53,0,83,0,0,0,9,0,0,0,0,0,0,0,9,265,7,1,36,2,0,0,0,0,3,0,0,0,0,0,0,0,4,0,0,0,0,0,0,0,0,0,0,0,0,0,0,712,155,0,3,0,0,0,2,0,0,0,0,0,0,0,0,256,477,2,151,0,0,0,49,0,0,0,8,0,8,0,0,0,0,0,0,0,0,0,0,0,0,0,0,0,0,0,1,15,1,26,34,0,0,0,26,6,10,0,90,0,0,0,0,159,12,6,54,0,1,0,0,2,2,0,6,14,0,0,5,0,13,0,0,0,0,0,0,7,0,0,0,0,0,0,0,441,20,0,31,0,5,0,0,6,0,0,1,0,0,0,0,19,18,0,35,0,0,0,1,23,1,0,0,0,1,0,9,55,22,10,89,8,0,0,1,0,0,0,0,17,0,0,0,3,1,3,0,1,1,0,0,0,0,0,0,0,0,0,0,4,168,101,57,0,0,0,0,0,6,0,0,0,0,0,0,8,1,1,115,11,65,2,14,16,0,0,0,0,0,0,0,140,44,2,121,0,0,0,5,0,0,0,0,0,0,0,0,9,0,0,3,0,0,0,0,0,0,0,0,13,0,0,0,36,4,2,36,0,0,10,6,0,0,0,4,0,0,0,64,24,1,0,19,0,0,0,109,0,0,0,1,0,0,0,2,35,8,0,10,1,0,0,0,0,1,0,0,0,0,0,0,0,0,0,17,0,0,0,0,0,0,0,0,0,0,0,0,0,0,0,0,0,0,0,2,0,0,0,0,0,0,2,0,39,39,16,156,0,0,0,0,0,0,0,6,0,0,0,0,32,987,27,56,0,13,0,4,0,0,0,0,0,0,0,0,131,0,1,36,113,0,0,0,0,0,0,0,0,0,0,0,0,0,10,304,0,0,0,128,0,0,0,0,0,0,0,0,143,70,0,95,0,0,0,0,0,0,0,0,0,0,0,0,297,33,0,37,19,0,0,0,0,0,0,0,0,0,0,0,25,3,0,16,0,0,1,0,8,0,0,12,0,0,0,0,634,22,22,69,11,14,0,3,200,0,0,39,0,0,0,0,57,7,0,197,36,0,0,2,0,4,0,0,0,0,0,109,1,0,21,18,1,0,0,4,0,0,0,0,0,0,0,0,11,0,0,4,0,0,0,3,0,0,0,0,0,0,0,0,1997,980,455,1290,36,14,13,419,220,0,0,53,2,35,0,168,291,12,125,93,0,0,4,2,1,0,0,6,0,0,0,2,2738,584,696,1671,500,112,464,192,41,504,66,270,0,0,0,4,198,11,6,204,183,10,17,25,0,0,2,11,0,0,0,0,4521,882,1856,2447,410,134,212,76,424,5,163,0,342,3,0,260,4360,2192,2323,6471,367,5,575,1028,33,20,379,271,376,0,0,5,0,16,3,4,0,0,0,6,2,0,0,0,0,0,0,0,753,34,12,115,19,1,0,22,1,0,0,2,0,0,0,0,371,6,8,30,184,3,3,4,5,1,13,13,4,2,0,10,1350,1292,535,417,501,183,6,5,13,2,12,5,5,0,2,0,755,14,19,574,173,282,2,121,11,158,2,8,57,37,0,5,119,74,2,251,29,0,0,17,0,2,0,41,16,1,0,8,545,23,4,223,0,17,0,0,0,0,0,0,0,3,0,0,0,0,0,0,14,0,0,0,0,0,0,0,0,0,0,0,0,111,12,16,0,0,0,0,0,0,0,0,0,0,0,0,5926,2800,1758,6760,186,47,8,817,62,3,54,123,496,171,0,830,1359,433,123,1431,2,20,11,262,21,0,0,195,101,7,1,56,1943,876,1149,2969,287,5,14,1214,133,17,3,360,124,63,6,237,462,16,0,134,0,0,0,0,0,0,0,0,0,6,0,11,5722,2689,1731,7113,292,0,3,341,620,216,475,720,213,64,37,158,0,0,3,26,0,162,0,5,0,0,0,0,0,0,0,0,231,0,3,15,0,0,0,0,3,0,0,1,0,0,0,0,3338,890,261,874,466,26,30,270,35,0,16,183,6,305,0,59,1176,434,440,706,124,22,0,30,97,2,4,88,25,3,0
0,22,0,242,133,0,0,0,0,0,0,0,0,0,0,0,0,436,0,0,128,5,153,0,22,0,0,0,0,0,0,0,0,12,75,25,57,0,0,0,0,0,2,0,0,0,0,4,19,294,240,228,307,32,285,8,20,0,0,0,0,0,0,0,0,22,22,14,38,0,12,0,0,0,0,8,0,0,0,0,0,15,114,0,7,0,0,0,13,0,0,0,0,0,0,0,0,545,24,81,55,173,53,13,13,0,0,0,0,0,0,0,0,62,53,0,83,0,0,0,9,0,0,0,0,0,0,0,9,265,7,1,36,2,0,0,0,0,3,0,0,0,0,0,0,0,4,0,0,0,0,0,0,0,0,0,0,0,0,0,0,712,155,0,3,0,0,0,2,0,0,0,0,0,0,0,0,256,477,2,151,0,0,0,49,0,0,0,8,0,8,0,0,0,0,0,0,0,0,0,0,0,0,0,0,0,0,0,1,15,1,26,34,0,0,0,26,6,10,0,90,0,0,0,0,159,12,6,54,0,1,0,0,2,2,0,6,14,0,0,5,0,13,0,0,0,0,0,0,7,0,0,0,0,0,0,0,441,20,0,31,0,5,0,0,6,0,0,1,0,0,0,0,19,18,0,35,0,0,0,1,23,1,0,0,0,1,0,9,55,22,10,89,8,0,0,1,0,0,0,0,17,0,0,0,3,1,3,0,1,1,0,0,0,0,0,0,0,0,0,0,4,168,101,57,0,0,0,0,0,6,0,0,0,0,0,0,8,1,1,115,11,65,2,14,16,0,0,0,0,0,0,0,140,44,2,121,0,0,0,5,0,0,0,0,0,0,0,0,9,0,0,3,0,0,0,0,0,0,0,0,13,0,0,0,36,4,2,36,0,0,10,6,0,0,0,4,0,0,0,64,24,1,0,19,0,0,0,109,0,0,0,1,0,0,0,2,35,8,0,10,1,0,0,0,0,1,0,0,0,0,0,0,0,0,0,17,0,0,0,0,0,0,0,0,0,0,0,0,0,0,0,0,0,0,0,2,0,0,0,0,0,0,2,0,39,39,16,156,0,0,0,0,0,0,0,6,0,0,0,0,32,987,27,56,0,13,0,4,0,0,0,0,0,0,0,0,131,0,1,36,113,0,0,0,0,0,0,0,0,0,0,0,0,0,10,304,0,0,0,128,0,0,0,0,0,0,0,0,143,70,0,95,0,0,0,0,0,0,0,0,0,0,0,0,297,33,0,37,19,0,0,0,0,0,0,0,0,0,0,0,25,3,0,16,0,0,1,0,8,0,0,12,0,0,0,0,634,22,22,69,11,14,0,3,200,0,0,39,0,0,0,0,57,7,0,198,36,0,0,2,0,4,0,0,0,0,0,109,1,0,21,18,1,0,0,4,0,0,0,0,0,0,0,0,11,0,0,4,0,0,0,3,0,0,0,0,0,0,0,0,1997,980,454,1290,36,14,13,418,220,0,0,53,2,35,0,168,291,12,125,93,0,0,4,2,1,0,0,6,0,0,0,2,2737,584,696,1672,501,112,464,192,41,504,66,270,0,0,0,4,198,11,6,204,183,10,17,25,0,0,2,11,0,0,0,0,4521,881,1855,2449,410,134,212,76,424,5,164,0,342,3,0,260,4360,2192,2323,6471,367,5,575,1028,33,20,379,271,376,0,0,5,0,16,3,4,0,0,0,6,2,0,0,0,0,0,0,0,753,34,12,115,19,1,0,22,1,0,0,2,0,0,0,0,371,6,8,30,184,3,3,4,5,1,13,13,4,2,0,10,1350,1292,536,418,501,183,6,5,13,2,12,5,5,0,2,0,755,14,19,574,173,282,2,121,11,158,2,8,57,37,0,5,119,74,2,251,29,0,0,17,0,2,0,41,16,1,0,8,545,23,4,223,0,17,0,0,0,0,0,0,0,3,0,0,0,0,0,0,14,0,0,0,0,0,0,0,0,0,0,0,0,111,12,16,0,0,0,0,0,0,0,0,0,0,0,0,5924,2800,1757,6757,186,47,8,817,62,3,54,123,496,171,0,830,1359,433,123,1430,2,20,11,262,21,0,0,195,101,7,1,56,1943,876,1149,2968,287,5,14,1214,133,17,3,360,124,63,6,237,462,16,0,134,0,0,0,0,0,0,0,0,0,6,0,11,5722,2689,1731,7114,292,0,3,340,620,216,475,720,213,64,37,158,0,0,3,26,0,162,0,5,0,0,0,0,0,0,0,0,231,0,3,15,0,0,0,0,3,0,0,1,0,0,0,0,3338,890,261,874,466,26,30,270,35,0,16,183,6,305,0,59,1176,434,440,706,124,22,0,30,97,2,4,88,25,3,0
0,22,0,242,133,0,0,0,0,0,0,0,0,0,0,0,0,436,0,0,128,5,153,0,22,0,0,0,0,0,0,0,0,12,75,25,57,0,0,0,0,0,2,0,0,0,0,4,19,294,240,228,307,32,285,8,20,0,0,0,0,0,0,0,0,22,22,14,38,0,12,0,0,0,0,8,0,0,0,0,0,15,114,0,7,0,0,0,13,0,0,0,0,0,0,0,0,545,24,81,55,173,53,13,13,0,0,0,0,0,0,0,0,62,53,0,83,0,0,0,9,0,0,0,0,0,0,0,9,265,7,1,36,2,0,0,0,0,3,0,0,0,0,0,0,0,4,0,0,0,0,0,0,0,0,0,0,0,0,0,0,712,155,0,3,0,0,0,2,0,0,0,0,0,0,0,0,256,477,2,151,0,0,0,49,0,0,0,8,0,8,0,0,0,0,0,0,0,0,0,0,0,0,0,0,0,0,0,1,15,1,26,34,0,0,0,26,6,10,0,90,0,0,0,0,159,12,6,54,0,1,0,0,2,2,0,6,14,0,0,5,0,13,0,0,0,0,0,0,7,0,0,0,0,0,0,0,441,20,0,31,0,5,0,0,6,0,0,1,0,0,0,0,19,18,0,35,0,0,0,1,23,1,0,0,0,1,0,9,55,22,10,89,8,0,0,1,0,0,0,0,17,0,0,0,3,1,3,0,1,1,0,0,0,0,0,0,0,0,0,0,4,168,101,57,0,0,0,0,0,6,0,0,0,0,0,0,8,1,1,115,11,65,2,14,16,0,0,0,0,0,0,0,140,44,2,121,0,0,0,5,0,0,0,0,0,0,0,0,9,0,0,3,0,0,0,0,0,0,0,0,13,0,0,0,36,4,2,36,0,0,10,6,0,0,0,4,0,0,0,64,24,1,0,19,0,0,0,109,0,0,0,1,0,0,0,2,35,8,0,10,1,0,0,0,0,1,0,0,0,0,0,0,0,0,0,17,0,0,0,0,0,0,0,0,0,0,0,0,0,0,0,0,0,0,0,2,0,0,0,0,0,0,2,0,39,39,16,156,0,0,0,0,0,0,0,6,0,0,0,0,32,987,27,56,0,13,0,4,0,0,0,0,0,0,0,0,131,0,1,36,113,0,0,0,0,0,0,0,0,0,0,0,0,0,10,304,0,0,0,128,0,0,0,0,0,0,0,0,143,70,0,95,0,0,0,0,0,0,0,0,0,0,0,0,297,33,0,37,19,0,0,0,0,0,0,0,0,0,0,0,25,3,0,16,0,0,1,0,8,0,0,12,0,0,0,0,634,22,22,69,11,14,0,3,200,0,0,39,0,0,0,0,57,7,0,197,36,0,0,2,0,4,0,0,0,0,0,109,1,0,21,18,1,0,0,4,0,0,0,0,0,0,0,0,11,0,0,4,0,0,0,3,0,0,0,0,0,0,0,0,1997,980,454,1290,36,14,13,418,220,0,0,53,2,35,0,168,291,12,125,93,0,0,4,2,1,0,0,6,0,0,0,2,2737,584,696,1671,500,112,464,192,41,504,66,270,0,0,0,4,198,11,6,204,183,10,17,25,0,0,2,11,0,0,0,0,4521,881,1855,2447,410,134,212,76,424,5,163,0,342,3,0,260,4360,2192,2323,6469,367,5,575,1028,33,20,379,271,376,0,0,5,0,16,3,4,0,0,0,6,2,0,0,0,0,0,0,0,753,34,12,115,19,1,0,22,1,0,0,2,0,0,0,0,371,6,8,30,184,3,3,4,5,1,13,13,4,2,0,10,1350,1292,535,417,501,183,6,5,13,2,12,5,5,0,2,0,755,14,19,574,173,282,2,121,11,158,2,8,57,37,0,5,119,74,2,251,29,0,0,17,0,2,0,41,16,1,0,8,545,23,4,223,0,17,0,0,0,0,0,0,0,3,0,0,0,0,0,0,14,0,0,0,0,0,0,0,0,0,0,0,0,111,12,16,0,0,0,0,0,0,0,0,0,0,0,0,5924,2800,1757,6757,186,47,8,817,62,3,54,123,496,171,0,830,1359,433,123,1430,2,20,11,262,21,0,0,195,101,7,1,56,1943,876,1149,2968,287,5,14,1214,133,17,3,360,124,63,6,237,462,16,0,134,0,0,0,0,0,0,0,0,0,6,0,11,5722,2689,1731,7113,292,0,3,340,620,216,475,720,213,64,37,158,0,0,3,26,0,162,0,5,0,0,0,0,0,0,0,0,231,0,3,15,0,0,0,0,3,0,0,1,0,0,0,0,3338,890,261,874,466,26,30,270,35,0,16,183,6,305,0,59,1176,434,440,706,124,22,0,30,97,2,4,88,25,3,0
0,22,0,242,133,0,0,0,0,0,0,0,0,0,0,0,0,436,0,0,128,5,153,0,22,0,0,0,0,0,0,0,0,12,75,25,57,0,0,0,0,0,2,0,0,0,0,4,19,294,240,228,307,32,285,8,20,0,0,0,0,0,0,0,0,22,22,14,38,0,12,0,0,0,0,8,0,0,0,0,0,15,114,0,7,0,0,0,13,0,0,0,0,0,0,0,0,545,24,81,55,173,53,13,13,0,0,0,0,0,0,0,0,62,53,0,83,0,0,0,9,0,0,0,0,0,0,0,9,265,7,1,36,2,0,0,0,0,3,0,0,0,0,0,0,0,4,0,0,0,0,0,0,0,0,0,0,0,0,0,0,712,155,0,3,0,0,0,2,0,0,0,0,0,0,0,0,256,477,2,151,0,0,0,49,0,0,0,8,0,8,0,0,0,0,0,0,0,0,0,0,0,0,0,0,0,0,0,1,15,1,26,34,0,0,0,26,6,10,0,90,0,0,0,0,159,12,6,54,0,1,0,0,2,2,0,6,14,0,0,5,0,13,0,0,0,0,0,0,7,0,0,0,0,0,0,0,441,20,0,31,0,5,0,0,6,0,0,1,0,0,0,0,19,18,0,35,0,0,0,1,23,1,0,0,0,1,0,9,55,22,10,89,8,0,0,1,0,0,0,0,17,0,0,0,3,1,3,0,1,1,0,0,0,0,0,0,0,0,0,0,4,168,101,57,0,0,0,0,0,6,0,0,0,0,0,0,8,1,1,115,11,65,2,14,16,0,0,0,0,0,0,0,140,44,2,121,0,0,0,5,0,0,0,0,0,0,0,0,9,0,0,3,0,0,0,0,0,0,0,0,13,0,0,0,36,4,2,36,0,0,10,6,0,0,0,4,0,0,0,64,24,1,0,19,0,0,0,109,0,0,0,1,0,0,0,2,35,8,0,10,1,0,0,0,0,1,0,0,0,0,0,0,0,0,0,17,0,0,0,0,0,0,0,0,0,0,0,0,0,0,0,0,0,0,0,2,0,0,0,0,0,0,2,0,39,39,16,156,0,0,0,0,0,0,0,6,0,0,0,0,32,987,27,56,0,13,0,4,0,0,0,0,0,0,0,0,131,0,1,36,113,0,0,0,0,0,0,0,0,0,0,0,0,0,10,304,0,0,0,128,0,0,0,0,0,0,0,0,143,70,0,95,0,0,0,0,0,0,0,0,0,0,0,0,297,33,0,37,19,0,0,0,0,0,0,0,0,0,0,0,25,3,0,16,0,0,1,0,8,0,0,12,0,0,0,0,634,22,22,69,11,14,0,3,200,0,0,39,0,0,0,0,57,7,0,197,36,0,0,2,0,4,0,0,0,0,0,109,1,0,21,18,1,0,0,4,0,0,0,0,0,0,0,0,11,0,0,4,0,0,0,3,0,0,0,0,0,0,0,0,1997,980,454,1291,36,14,13,418,220,0,0,53,2,35,0,169,291,12,125,93,0,0,4,2,1,0,0,6,0,0,0,2,2737,584,696,1671,500,112,464,192,41,504,66,270,0,0,0,4,198,11,6,204,183,10,17,25,0,0,2,11,0,0,0,0,4521,881,1855,2447,410,134,212,76,424,5,163,0,342,3,0,260,4360,2192,2323,6469,367,5,575,1028,33,20,379,271,376,0,0,5,0,16,3,4,0,0,0,6,2,0,0,0,0,0,0,0,753,34,12,115,19,1,0,22,1,0,0,2,0,0,0,0,371,6,8,30,184,3,3,4,5,1,13,13,4,2,0,10,1350,1293,535,418,501,183,6,5,13,2,12,5,5,0,2,0,755,14,19,574,173,282,2,121,11,158,2,8,57,37,0,5,119,74,2,251,29,0,0,17,0,2,0,41,16,1,0,8,545,23,4,223,0,17,0,0,0,0,0,0,0,3,0,0,0,0,0,0,14,0,0,0,0,0,0,0,0,0,0,0,0,111,12,16,0,0,0,0,0,0,0,0,0,0,0,0,5924,2802,1758,6761,187,47,8,817,62,3,54,123,496,171,0,830,1359,433,123,1430,2,20,11,262,21,0,0,195,101,7,1,57,1943,876,1149,2968,287,5,14,1214,133,17,3,360,124,63,6,237,462,16,0,134,0,0,0,0,0,0,0,0,0,6,0,11,5722,2689,1731,7113,292,0,3,340,620,216,475,720,213,64,37,158,0,0,3,26,0,162,0,5,0,0,0,0,0,0,0,0,231,0,3,15,0,0,0,0,3,0,0,1,0,0,0,0,3340,891,262,874,467,27,30,270,36,0,16,183,6,305,0,59,1176,434,440,706,124,22,0,30,97,2,4,88,25,3,0
0,22,0,242,133,0,0,0,0,0,0,0,0,0,0,0,0,436,0,0,128,5,153,0,22,0,0,0,0,0,0,0,0,12,75,25,57,0,0,0,0,0,2,0,0,0,0,4,19,294,240,228,307,32,285,8,20,0,0,0,0,0,0,0,0,22,22,14,38,0,12,0,0,0,0,8,0,0,0,0,0,15,114,0,7,0,0,0,13,0,0,0,0,0,0,0,0,545,24,81,55,173,53,13,13,0,0,0,0,0,0,0,0,62,53,0,83,0,0,0,9,0,0,0,0,0,0,0,9,265,7,1,36,2,0,0,0,0,3,0,0,0,0,0,0,0,4,0,0,0,0,0,0,0,0,0,0,0,0,0,0,714,155,0,3,0,0,0,2,0,0,0,0,0,0,0,0,256,477,2,151,0,0,0,49,0,0,0,8,0,8,0,0,0,0,0,0,0,0,0,0,0,0,0,0,0,0,0,1,15,1,26,34,0,0,0,26,6,10,0,90,0,0,0,0,159,12,6,54,0,1,0,0,2,2,0,6,14,0,0,5,0,13,0,0,0,0,0,0,7,0,0,0,0,0,0,0,441,20,0,31,0,5,0,0,6,0,0,1,0,0,0,0,19,18,0,35,0,0,0,1,23,1,0,0,0,1,0,9,55,22,10,89,8,0,0,1,0,0,0,0,17,0,0,0,3,1,3,0,1,1,0,0,0,0,0,0,0,0,0,0,4,168,101,57,0,0,0,0,0,6,0,0,0,0,0,0,8,1,1,115,11,65,2,14,16,0,0,0,0,0,0,0,140,44,2,121,0,0,0,5,0,0,0,0,0,0,0,0,9,0,0,3,0,0,0,0,0,0,0,0,13,0,0,0,36,4,2,36,0,0,10,6,0,0,0,4,0,0,0,64,24,1,0,19,0,0,0,109,0,0,0,1,0,0,0,2,35,8,0,10,1,0,0,0,0,1,0,0,0,0,0,0,0,0,0,17,0,0,0,0,0,0,0,0,0,0,0,0,0,0,0,0,0,0,0,2,0,0,0,0,0,0,2,0,39,39,16,156,0,0,0,0,0,0,0,6,0,0,0,0,32,987,27,56,0,13,0,4,0,0,0,0,0,0,0,0,131,0,1,36,113,0,0,0,0,0,0,0,0,0,0,0,0,0,10,304,0,0,0,128,0,0,0,0,0,0,0,0,143,70,0,95,0,0,0,0,0,0,0,0,0,0,0,0,297,33,0,37,19,0,0,0,0,0,0,0,0,0,0,0,25,3,0,16,0,0,1,0,8,0,0,12,0,0,0,0,634,22,22,69,11,14,0,3,200,0,0,39,0,0,0,0,57,7,0,197,36,0,0,2,0,4,0,0,0,0,0,109,1,0,21,18,1,0,0,4,0,0,0,0,0,0,0,0,11,0,0,4,0,0,0,3,0,0,0,0,0,0,0,0,1997,980,454,1290,36,14,13,418,220,0,0,53,2,35,0,168,291,12,125,93,0,0,4,2,1,0,0,6,0,0,0,2,2737,584,696,1671,500,112,464,192,41,504,66,270,0,0,0,4,198,11,6,204,183,10,17,25,0,0,2,11,0,0,0,0,4521,881,1855,2447,410,134,212,76,424,5,163,0,342,3,0,261,4361,2192,2323,6470,367,5,575,1029,33,20,379,271,376,0,0,5,0,16,3,4,0,0,0,6,2,0,0,0,0,0,0,0,753,34,12,115,19,1,0,22,1,0,0,2,0,0,0,0,371,6,8,30,184,3,3,4,5,1,13,13,4,2,0,10,1350,1292,535,417,501,183,6,5,13,2,12,5,5,0,2,0,755,14,19,574,173,282,2,121,11,158,2,8,57,37,0,5,119,74,2,251,29,0,0,17,0,2,0,41,16,1,0,8,545,23,4,223,0,17,0,0,0,0,0,0,0,3,0,0,0,0,0,0,14,0,0,0,0,0,0,0,0,0,0,0,0,111,12,16,0,0,0,0,0,0,0,0,0,0,0,0,5924,2800,1757,6757,186,47,8,817,62,3,54,123,496,171,0,830,1359,433,123,1430,2,20,11,262,21,0,0,195,101,7,1,56,1943,876,1149,2968,287,5,14,1214,133,17,3,360,124,63,6,237,462,16,0,134,0,0,0,0,0,0,0,0,0,6,0,11,5722,2689,1731,7113,292,0,3,340,620,216,475,720,213,64,37,158,0,0,3,26,0,162,0,5,0,0,0,0,0,0,0,0,231,0,3,15,0,0,0,0,3,0,0,1,0,0,0,0,3339,890,261,874,466,26,30,270,35,0,16,183,6,305,0,59,1176,434,440,706,124,22,0,30,97,2,4,88,25,3,0
0,22,0,242,133,0,0,0,0,0,0,0,0,0,0,0,0,436,0,0,128,5,153,0,22,0,0,0,0,0,0,0,0,12,75,25,57,0,0,0,0,0,2,0,0,0,0,4,19,294,240,228,307,32,285,8,20,0,0,0,0,0,0,0,0,22,22,14,38,0,12,0,0,0,0,8,0,0,0,0,0,15,114,0,7,0,0,0,13,0,0,0,0,0,0,0,0,545,24,81,55,173,53,13,13,0,0,0,0,0,0,0,0,62,53,0,83,0,0,0,9,0,0,0,0,0,0,0,9,266,7,1,36,2,0,0,0,0,3,0,0,0,0,0,0,0,4,0,0,0,0,0,0,0,0,0,0,0,0,0,0,712,155,0,3,0,0,0,2,0,0,0,0,0,0,0,0,256,477,2,151,0,0,0,49,0,0,0,8,0,8,0,0,0,0,0,0,0,0,0,0,0,0,0,0,0,0,0,1,15,1,26,34,0,0,0,26,6,10,0,90,0,0,0,0,159,12,6,54,0,1,0,0,2,2,0,6,14,0,0,5,0,13,0,0,0,0,0,0,7,0,0,0,0,0,0,0,441,20,0,31,0,5,0,0,6,0,0,1,0,0,0,0,19,18,0,35,0,0,0,1,23,1,0,0,0,1,0,9,55,22,10,89,8,0,0,1,0,0,0,0,17,0,0,0,3,1,3,0,1,1,0,0,0,0,0,0,0,0,0,0,4,168,101,57,0,0,0,0,0,6,0,0,0,0,0,0,8,1,1,115,11,65,2,14,16,0,0,0,0,0,0,0,140,44,2,121,0,0,0,5,0,0,0,0,0,0,0,0,9,0,0,3,0,0,0,0,0,0,0,0,13,0,0,0,36,4,2,36,0,0,10,6,0,0,0,4,0,0,0,64,24,1,0,19,0,0,0,109,0,0,0,1,0,0,0,2,35,8,0,10,1,0,0,0,0,1,0,0,0,0,0,0,0,0,0,17,0,0,0,0,0,0,0,0,0,0,0,0,0,0,0,0,0,0,0,2,0,0,0,0,0,0,2,0,39,39,16,156,0,0,0,0,0,0,0,6,0,0,0,0,32,987,27,56,0,13,0,4,0,0,0,0,0,0,0,0,131,0,1,36,113,0,0,0,0,0,0,0,0,0,0,0,0,0,10,304,0,0,0,128,0,0,0,0,0,0,0,0,143,70,0,95,0,0,0,0,0,0,0,0,0,0,0,0,297,33,0,37,19,0,0,0,0,0,0,0,0,0,0,0,25,3,0,16,0,0,1,0,8,0,0,12,0,0,0,0,634,22,22,69,11,14,0,3,200,0,0,39,0,0,0,0,57,7,0,197,36,0,0,2,0,4,0,0,0,0,0,109,1,0,21,18,1,0,0,4,0,0,0,0,0,0,0,0,11,0,0,4,0,0,0,3,0,0,0,0,0,0,0,0,1997,980,454,1290,36,14,13,418,220,0,0,53,2,35,0,168,291,12,125,93,0,0,4,2,1,0,0,6,0,0,0,2,2737,584,696,1671,500,112,464,192,41,504,66,270,0,0,0,4,198,11,6,204,183,10,17,25,0,0,2,11,0,0,0,0,4521,881,1855,2447,410,134,212,76,424,5,163,0,342,3,0,260,4360,2194,2324,6472,367,5,576,1028,33,20,379,272,376,0,0,5,0,16,3,4,0,0,0,6,2,0,0,0,0,0,0,0,753,34,12,115,19,1,0,22,1,0,0,2,0,0,0,0,371,6,8,30,184,3,3,4,5,1,13,13,4,2,0,10,1350,1292,535,417,501,183,6,5,13,2,12,5,5,0,2,0,755,14,19,574,173,282,2,121,11,158,2,8,57,37,0,5,119,74,2,251,29,0,0,17,0,2,0,41,16,1,0,8,545,23,4,223,0,17,0,0,0,0,0,0,0,3,0,0,0,0,0,0,14,0,0,0,0,0,0,0,0,0,0,0,0,111,12,16,0,0,0,0,0,0,0,0,0,0,0,0,5924,2800,1757,6757,186,47,8,817,62,3,54,123,496,171,0,830,1359,433,123,1430,2,20,11,262,21,0,0,195,101,7,1,56,1943,878,1149,2968,287,5,14,1214,133,17,3,362,124,63,6,237,462,16,0,134,0,0,0,0,0,0,0,0,0,6,0,11,5722,2689,1731,7117,292,0,3,340,621,216,476,720,213,64,37,158,0,0,3,26,0,163,0,5,0,0,0,0,0,0,0,0,231,0,3,15,0,0,0,0,3,0,0,1,0,0,0,0,3338,890,261,874,466,26,30,270,35,0,16,183,6,305,0,59,1176,434,440,706,124,22,0,30,97,2,4,88,25,3,0
0,22,0,242,133,0,0,0,0,0,0,0,0,0,0,0,0,436,0,0,128,5,153,0,22,0,0,0,0,0,0,0,0,12,75,25,57,0,0,0,0,0,2,0,0,0,0,4,19,294,240,228,307,32,285,8,20,0,0,0,0,0,0,0,0,22,22,14,38,0,12,0,0,0,0,8,0,0,0,0,0,15,114,0,7,0,0,0,13,0,0,0,0,0,0,0,0,545,24,81,55,173,53,13,13,0,0,0,0,0,0,0,0,62,53,0,83,0,0,0,9,0,0,0,0,0,0,0,9,265,7,1,36,2,0,0,0,0,3,0,0,0,0,0,0,0,4,0,0,0,0,0,0,0,0,0,0,0,0,0,0,712,155,0,3,0,0,0,2,0,0,0,0,0,0,0,0,256,477,2,151,0,0,0,49,0,0,0,8,0,8,0,0,0,0,0,0,0,0,0,0,0,0,0,0,0,0,0,1,15,1,26,34,0,0,0,26,6,10,0,90,0,0,0,0,159,12,6,54,0,1,0,0,2,2,0,6,14,0,0,5,0,13,0,0,0,0,0,0,7,0,0,0,0,0,0,0,441,20,0,31,0,5,0,0,6,0,0,1,0,0,0,0,19,18,0,35,0,0,0,1,23,1,0,0,0,1,0,9,55,22,10,89,8,0,0,1,0,0,0,0,17,0,0,0,3,1,3,0,1,1,0,0,0,0,0,0,0,0,0,0,4,168,101,57,0,0,0,0,0,6,0,0,0,0,0,0,8,1,1,115,11,65,2,14,16,0,0,0,0,0,0,0,140,44,2,121,0,0,0,5,0,0,0,0,0,0,0,0,9,0,0,3,0,0,0,0,0,0,0,0,13,0,0,0,36,4,2,36,0,0,10,6,0,0,0,4,0,0,0,64,24,1,0,19,0,0,0,109,0,0,0,1,0,0,0,2,35,8,0,10,1,0,0,0,0,1,0,0,0,0,0,0,0,0,0,17,0,0,0,0,0,0,0,0,0,0,0,0,0,0,0,0,0,0,0,2,0,0,0,0,0,0,2,0,39,39,16,156,0,0,0,0,0,0,0,6,0,0,0,0,32,987,27,56,0,13,0,4,0,0,0,0,0,0,0,0,131,0,1,36,113,0,0,0,0,0,0,0,0,0,0,0,0,0,10,304,0,0,0,128,0,0,0,0,0,0,0,0,143,70,0,95,0,0,0,0,0,0,0,0,0,0,0,0,297,33,0,37,19,0,0,0,0,0,0,0,0,0,0,0,25,3,0,16,0,0,1,0,8,0,0,12,0,0,0,0,634,22,22,69,11,14,0,3,200,0,0,39,0,0,0,0,57,7,0,197,36,0,0,2,0,4,0,0,0,0,0,109,1,0,21,18,1,0,0,4,0,0,0,0,0,0,0,0,11,0,0,4,0,0,0,3,0,0,0,0,0,0,0,0,1997,980,454,1290,36,14,13,418,220,0,0,53,2,35,0,168,291,12,125,93,0,0,4,2,1,0,0,6,0,0,0,2,2737,584,696,1671,500,112,464,192,41,504,66,270,0,0,0,4,198,11,6,204,183,10,17,25,0,0,2,11,0,0,0,0,4521,881,1855,2448,410,134,212,76,424,5,163,0,342,3,0,260,4361,2192,2323,6470,367,5,575,1028,33,20,379,271,376,0,0,5,0,16,3,4,0,0,0,6,2,0,0,0,0,0,0,0,753,34,12,115,19,1,0,22,1,0,0,2,0,0,0,0,371,6,8,30,184,3,3,4,5,1,13,13,4,2,0,10,1350,1292,535,417,501,183,6,5,13,2,12,5,5,0,2,0,755,14,19,574,173,282,2,121,11,158,2,8,57,37,0,5,119,74,2,251,29,0,0,17,0,2,0,41,16,1,0,8,545,23,4,223,0,17,0,0,0,0,0,0,0,3,0,0,0,0,0,0,14,0,0,0,0,0,0,0,0,0,0,0,0,111,12,16,0,0,0,0,0,0,0,0,0,0,0,0,5924,2800,1757,6757,186,47,8,817,62,3,54,123,496,171,0,830,1359,433,123,1430,2,20,11,262,21,0,0,195,101,7,1,56,1943,876,1149,2969,287,5,14,1214,133,17,3,360,124,63,6,237,462,16,0,134,0,0,0,0,0,0,0,0,0,6,0,11,5722,2691,1731,7115,292,0,3,340,620,216,475,720,213,64,37,158,0,0,3,26,0,162,0,5,0,0,0,0,0,0,0,0,231,0,3,15,0,0,0,0,3,0,0,1,0,0,0,0,3338,890,261,874,466,26,30,270,35,0,16,183,6,305,0,59,1176,434,440,706,124,22,0,30,97,2,4,88,25,3,0
0,22,0,242,133,0,0,0,0,0,0,0,0,0,0,0,0,436,0,0,128,5,153,0,22,0,0,0,0,0,0,0,0,12,75,25,57,0,0,0,0,0,2,0,0,0,0,4,19,294,240,228,307,32,285,8,20,0,0,0,0,0,0,0,0,22,22,14,38,0,12,0,0,0,0,8,0,0,0,0,0,15,114,0,7,0,0,0,13,0,0,0,0,0,0,0,0,545,24,81,55,173,53,13,13,0,0,0,0,0,0,0,0,62,53,0,83,0,0,0,9,0,0,0,0,0,0,0,9,265,7,1,36,2,0,0,0,0,3,0,0,0,0,0,0,0,4,0,0,0,0,0,0,0,0,0,0,0,0,0,0,712,155,0,3,0,0,0,2,0,0,0,0,0,0,0,0,256,477,2,151,0,0,0,49,0,0,0,8,0,8,0,0,0,0,0,0,0,0,0,0,0,0,0,0,0,0,0,1,15,1,26,34,0,0,0,26,6,10,0,90,0,0,0,0,159,12,6,54,0,1,0,0,2,2,0,6,14,0,0,5,0,13,0,0,0,0,0,0,7,0,0,0,0,0,0,0,441,20,0,31,0,5,0,0,6,0,0,1,0,0,0,0,19,18,0,35,0,0,0,1,23,1,0,0,0,1,0,9,55,22,10,89,8,0,0,1,0,0,0,0,17,0,0,0,3,1,3,0,1,1,0,0,0,0,0,0,0,0,0,0,4,168,101,57,0,0,0,0,0,6,0,0,0,0,0,0,8,1,1,115,11,65,2,14,16,0,0,0,0,0,0,0,140,44,2,121,0,0,0,5,0,0,0,0,0,0,0,0,9,0,0,3,0,0,0,0,0,0,0,0,13,0,0,0,36,4,2,36,0,0,10,6,0,0,0,4,0,0,0,64,24,1,0,19,0,0,0,109,0,0,0,1,0,0,0,2,35,8,0,10,1,0,0,0,0,1,0,0,0,0,0,0,0,0,0,17,0,0,0,0,0,0,0,0,0,0,0,0,0,0,0,0,0,0,0,2,0,0,0,0,0,0,2,0,39,39,16,156,0,0,0,0,0,0,0,6,0,0,0,0,32,987,27,56,0,13,0,4,0,0,0,0,0,0,0,0,131,0,1,36,113,0,0,0,0,0,0,0,0,0,0,0,0,0,10,304,0,0,0,128,0,0,0,0,0,0,0,0,143,70,0,95,0,0,0,0,0,0,0,0,0,0,0,0,297,33,0,37,19,0,0,0,0,0,0,0,0,0,0,0,25,3,0,16,0,0,1,0,8,0,0,12,0,0,0,0,634,22,22,69,11,14,0,3,200,0,0,39,0,0,0,0,57,7,0,197,36,0,0,2,0,4,0,0,0,0,0,109,1,0,21,18,1,0,0,4,0,0,0,0,0,0,0,0,11,0,0,4,0,0,0,3,0,0,0,0,0,0,0,0,1997,980,454,1290,36,14,13,418,220,0,0,53,2,35,0,168,291,12,125,93,0,0,4,2,1,0,0,6,0,0,0,2,2737,584,696,1671,500,112,464,192,41,504,66,270,0,0,0,4,198,11,6,204,183,10,17,25,0,0,2,11,0,0,0,0,4521,881,1855,2447,410,134,212,76,424,5,163,0,342,3,0,260,4360,2192,2323,6469,367,5,575,1028,33,20,379,271,376,0,0,5,0,16,3,4,0,0,0,6,2,0,0,0,0,0,0,0,753,34,12,115,19,1,0,22,1,0,0,2,0,0,0,0,371,6,8,30,184,3,3,4,5,1,13,13,4,2,0,10,1350,1292,535,417,501,183,6,5,13,2,12,5,5,0,2,0,755,14,19,574,173,282,2,121,11,158,2,8,57,37,0,5,119,74,2,251,29,0,0,17,0,2,0,41,16,1,0,8,545,23,4,223,0,17,0,0,0,0,0,0,0,3,0,0,0,0,0,0,14,0,0,0,0,0,0,0,0,0,0,0,0,111,12,16,0,0,0,0,0,0,0,0,0,0,0,0,5924,2800,1757,6757,186,47,8,817,62,3,54,123,496,171,0,830,1359,433,123,1430,2,20,11,262,21,0,0,195,101,7,1,56,1943,876,1149,2968,287,5,14,1214,133,17,3,360,124,63,6,237,462,16,0,134,0,0,0,0,0,0,0,0,0,6,0,11,5722,2689,1731,7113,292,0,3,340,620,216,475,720,213,64,37,158,0,0,3,26,0,162,0,5,0,0,0,0,0,0,0,0,231,0,3,15,0,0,0,0,3,0,0,1,0,0,0,0,3338,890,261,874,466,26,30,270,35,0,16,183,6,305,0,59,1176,434,440,706,124,22,0,30,97,2,4,88,25,3,0
0,22,0,242,133,0,0,0,0,0,0,0,0,0,0,0,0,436,0,0,128,5,153,0,22,0,0,0,0,0,0,0,0,12,75,25,57,0,0,0,0,0,2,0,0,0,0,4,19,294,240,228,307,32,285,8,20,0,0,0,0,0,0,0,0,22,22,14,38,0,12,0,0,0,0,8,0,0,0,0,0,15,114,0,7,0,0,0,13,0,0,0,0,0,0,0,0,545,24,81,55,173,53,13,13,0,0,0,0,0,0,0,0,62,53,0,83,0,0,0,9,0,0,0,0,0,0,0,9,266,7,1,36,2,0,0,0,0,3,0,0,0,0,0,0,0,4,0,0,0,0,0,0,0,0,0,0,0,0,0,0,712,155,0,3,0,0,0,2,0,0,0,0,0,0,0,0,256,477,2,151,0,0,0,49,0,0,0,8,0,8,0,0,0,0,0,0,0,0,0,0,0,0,0,0,0,0,0,1,15,1,26,34,0,0,0,26,6,10,0,90,0,0,0,0,159,12,6,54,0,1,0,0,2,2,0,6,14,0,0,5,0,13,0,0,0,0,0,0,7,0,0,0,0,0,0,0,441,20,0,31,0,5,0,0,6,0,0,1,0,0,0,0,19,18,0,35,0,0,0,1,23,1,0,0,0,1,0,9,55,22,10,89,8,0,0,1,0,0,0,0,17,0,0,0,3,1,3,0,1,1,0,0,0,0,0,0,0,0,0,0,4,168,101,57,0,0,0,0,0,6,0,0,0,0,0,0,8,1,1,115,11,65,2,14,16,0,0,0,0,0,0,0,140,44,2,121,0,0,0,5,0,0,0,0,0,0,0,0,9,0,0,3,0,0,0,0,0,0,0,0,13,0,0,0,36,4,2,36,0,0,10,6,0,0,0,4,0,0,0,64,24,1,0,19,0,0,0,109,0,0,0,1,0,0,0,2,35,8,0,10,1,0,0,0,0,1,0,0,0,0,0,0,0,0,0,17,0,0,0,0,0,0,0,0,0,0,0,0,0,0,0,0,0,0,0,2,0,0,0,0,0,0,2,0,39,39,16,156,0,0,0,0,0,0,0,6,0,0,0,0,32,987,27,56,0,13,0,4,0,0,0,0,0,0,0,0,131,0,1,36,113,0,0,0,0,0,0,0,0,0,0,0,0,0,10,304,0,0,0,128,0,0,0,0,0,0,0,0,143,70,0,95,0,0,0,0,0,0,0,0,0,0,0,0,297,33,0,37,19,0,0,0,0,0,0,0,0,0,0,0,25,3,0,16,0,0,1,0,8,0,0,12,0,0,0,0,634,22,22,69,11,14,0,3,200,0,0,39,0,0,0,0,57,7,0,197,36,0,0,2,0,4,0,0,0,0,0,109,1,0,21,18,1,0,0,4,0,0,0,0,0,0,0,0,11,0,0,4,0,0,0,3,0,0,0,0,0,0,0,0,1997,980,454,1290,36,14,13,418,220,0,0,53,2,35,0,168,291,12,125,93,0,0,4,2,1,0,0,6,0,0,0,2,2737,584,696,1671,500,112,464,192,41,504,66,270,0,0,0,4,198,11,6,204,183,10,17,25,0,0,2,11,0,0,0,0,4521,881,1855,2447,410,134,212,76,424,5,163,0,342,3,0,260,4360,2194,2324,6472,367,5,576,1028,33,20,379,272,376,0,0,5,0,16,3,4,0,0,0,6,2,0,0,0,0,0,0,0,753,34,12,115,19,1,0,22,1,0,0,2,0,0,0,0,371,6,8,30,184,3,3,4,5,1,13,13,4,2,0,10,1350,1292,535,417,501,183,6,5,13,2,12,5,5,0,2,0,755,14,19,574,173,282,2,121,11,158,2,8,57,37,0,5,119,74,2,251,29,0,0,17,0,2,0,41,16,1,0,8,545,23,4,223,0,17,0,0,0,0,0,0,0,3,0,0,0,0,0,0,14,0,0,0,0,0,0,0,0,0,0,0,0,111,12,16,0,0,0,0,0,0,0,0,0,0,0,0,5924,2800,1757,6757,186,47,8,817,62,3,54,123,496,171,0,830,1359,433,123,1430,2,20,11,262,21,0,0,195,101,7,1,56,1943,878,1149,2968,287,5,14,1214,133,17,3,362,124,63,6,237,462,16,0,134,0,0,0,0,0,0,0,0,0,6,0,11,5722,2689,1731,7117,292,0,3,340,621,216,476,720,213,64,37,158,0,0,3,26,0,163,0,5,0,0,0,0,0,0,0,0,231,0,3,15,0,0,0,0,3,0,0,1,0,0,0,0,3338,890,261,874,466,26,30,270,35,0,16,183,6,305,0,59,1176,434,440,706,124,22,0,30,97,2,4,88,25,3,0
0,22,0,243,133,0,0,0,0,0,0,0,0,0,0,0,0,436,0,0,128,5,153,0,22,0,0,0,0,0,0,0,0,12,75,25,57,0,0,0,0,0,2,0,0,0,0,4,19,294,240,228,307,32,285,8,20,0,0,0,0,0,0,0,0,22,22,14,38,0,12,0,0,0,0,8,0,0,0,0,0,15,114,0,7,0,0,0,13,0,0,0,0,0,0,0,0,545,24,81,55,173,53,13,13,0,0,0,0,0,0,0,0,62,53,0,83,0,0,0,9,0,0,0,0,0,0,0,9,265,7,1,36,2,0,0,0,0,3,0,0,0,0,0,0,0,4,0,0,0,0,0,0,0,0,0,0,0,0,0,0,712,155,0,3,0,0,0,2,0,0,0,0,0,0,0,0,257,477,2,151,0,0,0,49,0,0,0,8,0,8,0,0,0,0,0,0,0,0,0,0,0,0,0,0,0,0,0,1,15,1,26,34,0,0,0,26,6,10,0,90,0,0,0,0,159,12,6,54,0,1,0,0,2,2,0,6,14,0,0,5,0,13,0,0,0,0,0,0,7,0,0,0,0,0,0,0,441,20,0,31,0,5,0,0,6,0,0,1,0,0,0,0,19,18,0,35,0,0,0,1,23,1,0,0,0,1,0,9,55,22,10,89,8,0,0,1,0,0,0,0,17,0,0,0,3,1,3,0,1,1,0,0,0,0,0,0,0,0,0,0,4,168,101,57,0,0,0,0,0,6,0,0,0,0,0,0,8,1,1,115,11,65,2,14,16,0,0,0,0,0,0,0,140,44,2,121,0,0,0,5,0,0,0,0,0,0,0,0,9,0,0,3,0,0,0,0,0,0,0,0,13,0,0,0,36,4,2,36,0,0,10,6,0,0,0,4,0,0,0,64,24,1,0,19,0,0,0,109,0,0,0,1,0,0,0,2,35,8,0,10,1,0,0,0,0,1,0,0,0,0,0,0,0,0,0,17,0,0,0,0,0,0,0,0,0,0,0,0,0,0,0,0,0,0,0,2,0,0,0,0,0,0,2,0,39,39,16,156,0,0,0,0,0,0,0,6,0,0,0,0,32,987,27,56,0,13,0,4,0,0,0,0,0,0,0,0,131,0,1,36,113,0,0,0,0,0,0,0,0,0,0,0,0,0,10,304,0,0,0,128,0,0,0,0,0,0,0,0,143,70,0,95,0,0,0,0,0,0,0,0,0,0,0,0,297,33,0,37,19,0,0,0,0,0,0,0,0,0,0,0,25,3,0,16,0,0,1,0,8,0,0,12,0,0,0,0,635,22,22,69,11,14,0,3,200,0,0,39,0,0,0,0,57,7,0,197,36,0,0,2,0,4,0,0,0,0,0,109,1,0,21,18,1,0,0,4,0,0,0,0,0,0,0,0,11,0,0,4,0,0,0,3,0,0,0,0,0,0,0,0,1997,983,454,1291,36,14,13,419,221,0,0,53,2,35,0,168,291,12,125,93,0,0,4,2,1,0,0,6,0,0,0,2,2737,584,696,1671,500,112,464,192,41,504,66,270,0,0,0,4,198,11,6,204,183,10,17,25,0,0,2,11,0,0,0,0,4521,881,1855,2447,410,134,212,76,424,5,163,0,342,3,0,260,4360,2192,2323,6469,367,5,575,1028,33,20,379,271,376,0,0,5,0,16,3,4,0,0,0,6,2,0,0,0,0,0,0,0,754,34,12,115,19,1,0,22,1,0,0,2,0,0,0,0,371,6,8,30,184,3,3,4,5,1,13,13,4,2,0,10,1351,1292,535,417,501,183,6,5,13,2,12,5,5,0,2,0,755,14,19,574,173,282,2,121,11,158,2,8,57,37,0,5,119,74,2,251,29,0,0,17,0,2,0,41,16,1,0,8,545,23,4,223,0,17,0,0,0,0,0,0,0,3,0,0,0,0,0,0,14,0,0,0,0,0,0,0,0,0,0,0,0,111,12,16,0,0,0,0,0,0,0,0,0,0,0,0,5924,2800,1758,6757,186,47,8,817,62,3,54,123,496,171,0,830,1359,433,123,1430,2,20,11,262,21,0,0,195,101,7,1,56,1943,876,1149,2968,287,5,14,1214,133,17,3,360,124,63,6,237,462,16,0,134,0,0,0,0,0,0,0,0,0,6,0,11,5722,2689,1731,7113,292,0,3,340,620,216,475,720,213,64,37,158,0,0,3,26,0,162,0,5,0,0,0,0,0,0,0,0,231,0,3,15,0,0,0,0,3,0,0,1,0,0,0,0,3339,890,261,874,466,26,30,271,35,0,16,183,6,305,0,59,1176,434,440,706,124,22,0,30,97,2,4,88,25,3,0
0,22,0,242,133,0,0,0,0,0,0,0,0,0,0,0,0,436,0,0,128,5,153,0,22,0,0,0,0,0,0,0,0,12,75,25,57,0,0,0,0,0,2,0,0,0,0,4,19,294,240,228,307,32,285,8,20,0,0,0,0,0,0,0,0,22,22,14,38,0,12,0,0,0,0,8,0,0,0,0,0,15,114,0,7,0,0,0,13,0,0,0,0,0,0,0,0,545,24,81,55,173,53,13,13,0,0,0,0,0,0,0,0,62,53,0,83,0,0,0,9,0,0,0,0,0,0,0,9,265,7,1,36,2,0,0,0,0,3,0,0,0,0,0,0,0,4,0,0,0,0,0,0,0,0,0,0,0,0,0,0,712,155,0,3,0,0,0,2,0,0,0,0,0,0,0,0,256,477,2,151,0,0,0,49,0,0,0,8,0,8,0,0,0,0,0,0,0,0,0,0,0,0,0,0,0,0,0,1,15,1,26,34,0,0,0,26,6,10,0,90,0,0,0,0,159,12,6,54,0,1,0,0,2,2,0,6,14,0,0,5,0,13,0,0,0,0,0,0,7,0,0,0,0,0,0,0,441,20,0,31,0,5,0,0,6,0,0,1,0,0,0,0,19,18,0,35,0,0,0,1,23,1,0,0,0,1,0,9,55,22,10,89,8,0,0,1,0,0,0,0,17,0,0,0,3,1,3,0,1,1,0,0,0,0,0,0,0,0,0,0,4,168,101,57,0,0,0,0,0,6,0,0,0,0,0,0,8,1,1,115,11,65,2,14,16,0,0,0,0,0,0,0,140,44,2,121,0,0,0,5,0,0,0,0,0,0,0,0,9,0,0,3,0,0,0,0,0,0,0,0,13,0,0,0,36,4,2,36,0,0,10,6,0,0,0,4,0,0,0,64,24,1,0,19,0,0,0,109,0,0,0,1,0,0,0,2,35,8,0,10,1,0,0,0,0,1,0,0,0,0,0,0,0,0,0,17,0,0,0,0,0,0,0,0,0,0,0,0,0,0,0,0,0,0,0,2,0,0,0,0,0,0,2,0,39,39,16,156,0,0,0,0,0,0,0,6,0,0,0,0,32,987,27,56,0,13,0,4,0,0,0,0,0,0,0,0,131,0,1,36,113,0,0,0,0,0,0,0,0,0,0,0,0,0,10,304,0,0,0,128,0,0,0,0,0,0,0,0,143,70,0,95,0,0,0,0,0,0,0,0,0,0,0,0,297,33,0,37,19,0,0,0,0,0,0,0,0,0,0,0,25,3,0,16,0,0,1,0,8,0,0,12,0,0,0,0,634,22,22,69,11,14,0,3,200,0,0,39,0,0,0,0,57,7,0,197,36,0,0,2,0,4,0,0,0,0,0,109,1,0,21,18,1,0,0,4,0,0,0,0,0,0,0,0,11,0,0,4,0,0,0,3,0,0,0,0,0,0,0,0,1997,980,454,1290,36,14,13,418,220,0,0,53,2,35,0,168,291,12,125,93,0,0,4,2,1,0,0,6,0,0,0,2,2737,584,696,1671,500,112,464,192,41,504,66,270,0,0,0,4,198,11,6,204,183,10,17,25,0,0,2,11,0,0,0,0,4521,881,1855,2447,410,134,212,76,424,5,163,0,342,3,0,260,4360,2192,2323,6469,367,5,575,1028,33,20,379,271,376,0,0,5,0,16,3,4,0,0,0,6,2,0,0,0,0,0,0,0,753,34,12,115,19,1,0,22,1,0,0,2,0,0,0,0,371,6,8,30,184,3,3,4,5,1,13,13,4,2,0,10,1350,1292,535,417,501,183,6,5,13,2,12,5,5,0,2,0,755,14,19,574,173,282,2,121,11,158,2,8,57,37,0,5,119,74,2,251,29,0,0,17,0,2,0,41,16,1,0,8,545,23,4,223,0,17,0,0,0,0,0,0,0,3,0,0,0,0,0,0,14,0,0,0,0,0,0,0,0,0,0,0,0,111,12,16,0,0,0,0,0,0,0,0,0,0,0,0,5924,2800,1757,6757,186,47,8,817,62,3,54,123,496,171,0,830,1359,433,123,1430,2,20,11,262,21,0,0,195,101,7,1,56,1943,876,1149,2968,287,5,14,1214,133,17,3,360,124,63,6,237,462,16,0,134,0,0,0,0,0,0,0,0,0,6,0,11,5722,2689,1731,7113,292,0,3,340,620,216,475,720,213,64,37,158,0,0,3,26,0,162,0,5,0,0,0,0,0,0,0,0,231,0,3,15,0,0,0,0,3,0,0,1,0,0,0,0,3338,890,261,874,466,26,30,270,35,0,16,183,6,305,0,59,1176,434,440,706,124,22,0,30,97,2,4,88,25,3,0
0,22,0,242,133,0,0,0,0,0,0,0,0,0,0,0,0,436,0,0,128,5,153,0,22,0,0,0,0,0,0,0,0,12,75,25,57,0,0,0,0,0,2,0,0,0,0,4,19,294,240,228,307,32,285,8,20,0,0,0,0,0,0,0,0,22,22,14,38,0,12,0,0,0,0,8,0,0,0,0,0,15,114,0,7,0,0,0,13,0,0,0,0,0,0,0,0,545,24,81,55,173,53,13,13,0,0,0,0,0,0,0,0,62,53,0,83,0,0,0,9,0,0,0,0,0,0,0,9,265,7,1,36,2,0,0,0,0,3,0,0,0,0,0,0,0,4,0,0,0,0,0,0,0,0,0,0,0,0,0,0,712,155,0,3,0,0,0,2,0,0,0,0,0,0,0,0,256,477,2,151,0,0,0,49,0,0,0,8,0,8,0,0,0,0,0,0,0,0,0,0,0,0,0,0,0,0,0,1,15,1,26,34,0,0,0,26,6,10,0,90,0,0,0,0,159,12,6,54,0,1,0,0,2,2,0,6,14,0,0,5,0,13,0,0,0,0,0,0,7,0,0,0,0,0,0,0,441,20,0,31,0,5,0,0,6,0,0,1,0,0,0,0,19,18,0,35,0,0,0,1,23,1,0,0,0,1,0,9,55,22,10,89,8,0,0,1,0,0,0,0,17,0,0,0,3,1,3,0,1,1,0,0,0,0,0,0,0,0,0,0,4,168,101,57,0,0,0,0,0,6,0,0,0,0,0,0,8,1,1,115,11,65,2,14,16,0,0,0,0,0,0,0,140,44,2,121,0,0,0,5,0,0,0,0,0,0,0,0,9,0,0,3,0,0,0,0,0,0,0,0,13,0,0,0,36,4,2,36,0,0,10,6,0,0,0,4,0,0,0,64,24,1,0,19,0,0,0,109,0,0,0,1,0,0,0,2,35,8,0,10,1,0,0,0,0,1,0,0,0,0,0,0,0,0,0,17,0,0,0,0,0,0,0,0,0,0,0,0,0,0,0,0,0,0,0,2,0,0,0,0,0,0,2,0,39,39,16,156,0,0,0,0,0,0,0,6,0,0,0,0,32,988,27,56,0,13,0,4,0,0,0,0,0,0,0,0,131,0,1,36,113,0,0,0,0,0,0,0,0,0,0,0,0,0,10,304,0,0,0,128,0,0,0,0,0,0,0,0,143,70,0,95,0,0,0,0,0,0,0,0,0,0,0,0,297,33,0,37,19,0,0,0,0,0,0,0,0,0,0,0,25,3,0,16,0,0,1,0,8,0,0,12,0,0,0,0,634,22,22,69,11,14,0,3,200,0,0,39,0,0,0,0,57,7,0,197,36,0,0,2,0,4,0,0,0,0,0,109,1,0,21,18,1,0,0,4,0,0,0,0,0,0,0,0,11,0,0,4,0,0,0,3,0,0,0,0,0,0,0,0,1997,980,454,1290,36,14,13,418,220,0,0,53,2,35,0,168,291,12,125,93,0,0,4,2,1,0,0,6,0,0,0,2,2738,584,696,1671,500,112,465,192,41,505,66,270,0,0,0,4,198,11,6,204,183,10,17,25,0,0,2,11,0,0,0,0,4522,881,1855,2447,410,134,212,76,424,5,163,0,342,3,0,260,4360,2192,2324,6469,367,5,576,1029,33,20,379,271,376,0,0,5,0,16,3,4,0,0,0,6,2,0,0,0,0,0,0,0,753,34,12,115,19,1,0,22,1,0,0,2,0,0,0,0,371,6,8,30,184,3,3,4,5,1,13,13,4,2,0,10,1350,1293,535,417,501,183,6,5,13,2,12,5,5,0,2,0,756,14,19,575,173,282,2,121,11,158,2,8,57,37,0,5,119,74,2,251,29,0,0,17,0,2,0,41,16,1,0,8,545,23,4,223,0,17,0,0,0,0,0,0,0,3,0,0,0,0,0,0,14,0,0,0,0,0,0,0,0,0,0,0,0,111,12,16,0,0,0,0,0,0,0,0,0,0,0,0,5926,2800,1758,6759,186,47,8,818,62,3,54,123,496,171,0,830,1359,433,123,1430,2,20,11,262,21,0,0,195,101,7,1,56,1944,876,1149,2968,287,5,14,1216,133,17,3,360,124,63,6,237,462,16,0,134,0,0,0,0,0,0,0,0,0,6,0,11,5722,2689,1731,7114,292,0,3,340,620,216,475,720,213,64,37,158,0,0,3,26,0,162,0,5,0,0,0,0,0,0,0,0,231,0,3,15,0,0,0,0,3,0,0,1,0,0,0,0,3338,890,261,874,466,26,30,270,35,0,16,183,6,305,0,59,1176,434,440,706,124,22,0,30,97,2,4,88,25,3,0
0,22,0,242,133,0,0,0,0,0,0,0,0,0,0,0,0,436,0,0,128,5,153,0,22,0,0,0,0,0,0,0,0,12,75,25,57,0,0,0,0,0,2,0,0,0,0,4,19,294,240,228,307,32,285,8,20,0,0,0,0,0,0,0,0,22,22,14,38,0,12,0,0,0,0,8,0,0,0,0,0,15,114,0,7,0,0,0,13,0,0,0,0,0,0,0,0,545,24,81,55,173,53,13,13,0,0,0,0,0,0,0,0,62,53,0,83,0,0,0,9,0,0,0,0,0,0,0,9,265,7,1,36,2,0,0,0,0,3,0,0,0,0,0,0,0,4,0,0,0,0,0,0,0,0,0,0,0,0,0,0,712,155,0,3,0,0,0,2,0,0,0,0,0,0,0,0,256,477,2,151,0,0,0,49,0,0,0,8,0,8,0,0,0,0,0,0,0,0,0,0,0,0,0,0,0,0,0,1,15,1,26,34,0,0,0,26,6,10,0,90,0,0,0,0,159,12,6,54,0,1,0,0,2,2,0,6,14,0,0,5,0,13,0,0,0,0,0,0,7,0,0,0,0,0,0,0,441,20,0,31,0,5,0,0,6,0,0,1,0,0,0,0,19,18,0,35,0,0,0,1,23,1,0,0,0,1,0,9,55,22,10,89,8,0,0,1,0,0,0,0,17,0,0,0,3,1,3,0,1,1,0,0,0,0,0,0,0,0,0,0,4,168,101,57,0,0,0,0,0,6,0,0,0,0,0,0,8,1,1,115,11,65,2,14,16,0,0,0,0,0,0,0,140,44,2,121,0,0,0,5,0,0,0,0,0,0,0,0,9,0,0,3,0,0,0,0,0,0,0,0,13,0,0,0,36,4,2,36,0,0,10,6,0,0,0,4,0,0,0,64,24,1,0,19,0,0,0,109,0,0,0,1,0,0,0,2,35,8,0,10,1,0,0,0,0,1,0,0,0,0,0,0,0,0,0,17,0,0,0,0,0,0,0,0,0,0,0,0,0,0,0,0,0,0,0,2,0,0,0,0,0,0,2,0,39,39,16,156,0,0,0,0,0,0,0,6,0,0,0,0,32,987,27,56,0,13,0,4,0,0,0,0,0,0,0,0,131,0,1,36,113,0,0,0,0,0,0,0,0,0,0,0,0,0,10,304,0,0,0,128,0,0,0,0,0,0,0,0,143,70,0,95,0,0,0,0,0,0,0,0,0,0,0,0,297,33,0,37,19,0,0,0,0,0,0,0,0,0,0,0,25,3,0,16,0,0,1,0,8,0,0,12,0,0,0,0,634,22,22,69,11,14,0,3,200,0,0,39,0,0,0,0,57,7,0,197,36,0,0,2,0,4,0,0,0,0,0,109,1,0,21,18,1,0,0,4,0,0,0,0,0,0,0,0,11,0,0,4,0,0,0,3,0,0,0,0,0,0,0,0,1997,980,454,1290,36,14,13,418,220,0,0,53,2,35,0,168,291,12,125,93,0,0,4,2,1,0,0,6,0,0,0,2,2737,584,696,1671,500,112,464,192,41,504,66,270,0,0,0,4,198,11,6,204,183,10,17,25,0,0,2,11,0,0,0,0,4521,881,1855,2447,410,134,212,76,424,5,163,0,342,3,0,260,4360,2192,2323,6469,367,5,575,1028,33,20,379,271,376,0,0,5,0,16,3,4,0,0,0,6,2,0,0,0,0,0,0,0,753,34,12,115,19,1,0,22,1,0,0,2,0,0,0,0,371,6,8,30,184,3,3,4,5,1,13,13,4,2,0,10,1350,1292,535,417,501,183,6,5,13,2,12,5,5,0,2,0,755,14,19,574,173,282,2,121,11,158,2,8,57,37,0,5,119,74,2,251,29,0,0,17,0,2,0,41,16,1,0,8,545,23,4,223,0,17,0,0,0,0,0,0,0,3,0,0,0,0,0,0,14,0,0,0,0,0,0,0,0,0,0,0,0,111,12,16,0,0,0,0,0,0,0,0,0,0,0,0,5924,2800,1757,6757,186,47,8,817,62,3,54,123,496,171,0,830,1359,433,123,1430,2,20,11,262,21,0,0,195,101,7,1,56,1943,876,1149,2968,287,5,14,1214,133,17,3,360,124,63,6,237,462,16,0,134,0,0,0,0,0,0,0,0,0,6,0,11,5722,2689,1731,7113,292,0,3,340,620,216,475,720,213,64,37,158,0,0,3,26,0,162,0,5,0,0,0,0,0,0,0,0,231,0,3,15,0,0,0,0,3,0,0,1,0,0,0,0,3338,890,261,874,466,26,30,270,35,0,16,183,6,305,0,59,1176,434,440,706,124,22,0,30,97,2,4,88,25,3,0
0,22,0,242,133,0,0,0,0,0,0,0,0,0,0,0,0,436,0,0,129,5,153,0,22,0,0,0,0,0,0,0,0,12,75,25,57,0,0,0,0,0,2,0,0,0,0,4,19,294,241,228,309,32,285,8,20,0,0,0,0,0,0,0,0,22,22,14,38,0,12,0,0,0,0,8,0,0,0,0,0,15,114,0,7,0,0,0,13,0,0,0,0,0,0,0,0,546,24,81,55,173,53,13,13,0,0,0,0,0,0,0,0,62,53,0,83,0,0,0,9,0,0,0,0,0,0,0,9,266,7,1,36,2,0,0,0,0,3,0,0,0,0,0,0,0,4,0,0,0,0,0,0,0,0,0,0,0,0,0,0,712,155,0,3,0,0,0,2,0,0,0,0,0,0,0,0,256,477,2,151,0,0,0,49,0,0,0,8,0,8,0,0,0,0,0,0,0,0,0,0,0,0,0,0,0,0,0,1,15,1,26,34,0,0,0,26,6,10,0,90,0,0,0,0,159,12,6,54,0,1,0,0,2,2,0,6,14,0,0,5,0,13,0,0,0,0,0,0,7,0,0,0,0,0,0,0,441,20,0,31,0,5,0,0,6,0,0,1,0,0,0,0,19,18,0,35,0,0,0,1,23,1,0,0,0,1,0,9,55,22,10,89,8,0,0,1,0,0,0,0,17,0,0,0,3,1,3,0,1,1,0,0,0,0,0,0,0,0,0,0,4,168,101,57,0,0,0,0,0,6,0,0,0,0,0,0,8,1,1,115,11,65,2,14,16,0,0,0,0,0,0,0,140,44,2,121,0,0,0,5,0,0,0,0,0,0,0,0,9,0,0,3,0,0,0,0,0,0,0,0,13,0,0,0,36,4,2,36,0,0,10,6,0,0,0,4,0,0,0,64,24,1,0,19,0,0,0,109,0,0,0,1,0,0,0,2,35,8,0,10,1,0,0,0,0,1,0,0,0,0,0,0,0,0,0,17,0,0,0,0,0,0,0,0,0,0,0,0,0,0,0,0,0,0,0,2,0,0,0,0,0,0,2,0,39,39,16,156,0,0,0,0,0,0,0,6,0,0,0,0,32,987,27,56,0,13,0,4,0,0,0,0,0,0,0,0,131,0,1,36,113,0,0,0,0,0,0,0,0,0,0,0,0,0,10,304,0,0,0,128,0,0,0,0,0,0,0,0,143,70,0,95,0,0,0,0,0,0,0,0,0,0,0,0,297,33,0,37,19,0,0,0,0,0,0,0,0,0,0,0,25,3,0,16,0,0,1,0,8,0,0,12,0,0,0,0,634,22,22,69,11,14,0,3,200,0,0,39,0,0,0,0,57,7,0,197,36,0,0,2,0,4,0,0,0,0,0,109,1,0,21,18,1,0,0,4,0,0,0,0,0,0,0,0,11,0,0,4,0,0,0,3,0,0,0,0,0,0,0,0,1997,980,454,1290,36,14,13,418,220,0,0,53,2,35,0,168,291,12,125,93,0,0,4,2,1,0,0,6,0,0,0,2,2737,584,696,1671,500,112,464,192,41,504,66,270,0,0,0,4,198,11,6,204,183,10,17,25,0,0,2,11,0,0,0,0,4521,881,1855,2447,410,134,212,76,424,5,163,0,342,3,0,260,4365,2192,2324,6471,368,5,575,1028,33,20,379,271,376,0,0,5,0,16,3,4,0,0,0,6,2,0,0,0,0,0,0,0,753,34,12,115,19,1,0,22,1,0,0,2,0,0,0,0,371,6,8,30,184,3,3,4,5,1,13,13,4,2,0,10,1352,1292,535,417,501,183,6,5,13,2,12,5,5,0,2,0,755,14,19,574,173,282,2,121,11,158,2,8,57,37,0,5,119,75,2,251,29,0,0,17,0,2,0,41,16,1,0,8,545,23,4,223,0,17,0,0,0,0,0,0,0,3,0,0,0,0,0,0,14,0,0,0,0,0,0,0,0,0,0,0,0,111,12,16,0,0,0,0,0,0,0,0,0,0,0,0,5924,2800,1757,6757,186,47,8,817,62,3,54,123,496,171,0,830,1359,433,123,1430,2,20,11,262,21,0,0,195,101,7,1,56,1943,876,1149,2969,287,5,14,1215,133,17,3,360,124,63,6,237,462,16,0,134,0,0,0,0,0,0,0,0,0,6,0,11,5722,2689,1731,7115,292,0,3,340,620,216,475,720,213,64,37,158,0,0,3,26,0,162,0,5,0,0,0,0,0,0,0,0,231,0,3,15,0,0,0,0,3,0,0,1,0,0,0,0,3338,890,261,874,466,26,30,270,35,0,16,183,6,305,0,59,1176,434,440,706,124,22,0,30,97,2,4,88,25,3,0
0,22,0,242,133,0,0,0,0,0,0,0,0,0,0,0,0,436,0,0,128,5,153,0,22,0,0,0,0,0,0,0,0,12,75,25,57,0,0,0,0,0,2,0,0,0,0,4,19,294,240,228,307,32,285,8,20,0,0,0,0,0,0,0,0,22,22,14,38,0,12,0,0,0,0,8,0,0,0,0,0,15,114,0,7,0,0,0,13,0,0,0,0,0,0,0,0,545,24,81,55,173,53,13,13,0,0,0,0,0,0,0,0,62,53,0,83,0,0,0,9,0,0,0,0,0,0,0,9,265,7,1,36,2,0,0,0,0,3,0,0,0,0,0,0,0,4,0,0,0,0,0,0,0,0,0,0,0,0,0,0,712,155,0,3,0,0,0,2,0,0,0,0,0,0,0,0,256,477,2,151,0,0,0,49,0,0,0,8,0,8,0,0,0,0,0,0,0,0,0,0,0,0,0,0,0,0,0,1,15,1,26,34,0,0,0,26,6,10,0,90,0,0,0,0,159,12,6,54,0,1,0,0,2,2,0,6,14,0,0,5,0,13,0,0,0,0,0,0,7,0,0,0,0,0,0,0,441,20,0,31,0,5,0,0,6,0,0,1,0,0,0,0,19,18,0,35,0,0,0,1,23,1,0,0,0,1,0,9,55,22,10,89,8,0,0,1,0,0,0,0,17,0,0,0,3,1,3,0,1,1,0,0,0,0,0,0,0,0,0,0,4,168,101,57,0,0,0,0,0,6,0,0,0,0,0,0,8,1,1,115,11,65,2,14,16,0,0,0,0,0,0,0,140,44,2,121,0,0,0,5,0,0,0,0,0,0,0,0,9,0,0,3,0,0,0,0,0,0,0,0,13,0,0,0,36,4,2,36,0,0,10,6,0,0,0,4,0,0,0,64,24,1,0,19,0,0,0,109,0,0,0,1,0,0,0,2,35,8,0,10,1,0,0,0,0,1,0,0,0,0,0,0,0,0,0,17,0,0,0,0,0,0,0,0,0,0,0,0,0,0,0,0,0,0,0,2,0,0,0,0,0,0,2,0,39,39,16,156,0,0,0,0,0,0,0,6,0,0,0,0,32,987,27,56,0,13,0,4,0,0,0,0,0,0,0,0,131,0,1,36,113,0,0,0,0,0,0,0,0,0,0,0,0,0,10,304,0,0,0,128,0,0,0,0,0,0,0,0,143,70,0,95,0,0,0,0,0,0,0,0,0,0,0,0,297,33,0,37,19,0,0,0,0,0,0,0,0,0,0,0,25,3,0,16,0,0,1,0,8,0,0,12,0,0,0,0,634,22,22,69,11,14,0,3,200,0,0,39,0,0,0,0,57,7,0,197,36,0,0,2,0,4,0,0,0,0,0,109,1,0,21,18,1,0,0,4,0,0,0,0,0,0,0,0,11,0,0,4,0,0,0,3,0,0,0,0,0,0,0,0,1997,980,454,1290,36,14,13,418,220,0,0,53,2,35,0,168,291,12,125,93,0,0,4,2,1,0,0,6,0,0,0,2,2737,584,696,1671,500,112,464,192,41,504,66,270,0,0,0,4,198,11,6,204,183,10,17,25,0,0,2,11,0,0,0,0,4521,881,1855,2447,410,134,212,76,424,5,163,0,342,3,0,260,4360,2192,2323,6469,367,5,575,1028,33,20,379,271,376,0,0,5,0,16,3,4,0,0,0,6,2,0,0,0,0,0,0,0,753,34,12,115,19,1,0,22,1,0,0,2,0,0,0,0,371,6,8,30,184,3,3,4,5,1,13,13,4,2,0,10,1350,1292,535,417,501,183,6,5,13,2,12,5,5,0,2,0,755,14,19,574,173,282,2,121,11,158,2,8,57,37,0,5,119,74,2,251,29,0,0,17,0,2,0,41,16,1,0,8,545,23,4,223,0,17,0,0,0,0,0,0,0,3,0,0,0,0,0,0,14,0,0,0,0,0,0,0,0,0,0,0,0,111,12,16,0,0,0,0,0,0,0,0,0,0,0,0,5924,2800,1757,6757,186,47,8,817,62,3,54,123,496,171,0,830,1359,433,123,1430,2,20,11,262,21,0,0,195,101,7,1,56,1943,876,1149,2968,287,5,14,1214,133,17,3,360,124,63,6,237,462,16,0,134,0,0,0,0,0,0,0,0,0,6,0,11,5722,2689,1731,7114,292,0,3,340,620,216,475,720,213,64,37,158,0,0,3,26,0,162,0,5,0,0,0,0,0,0,0,0,231,0,3,15,0,0,0,0,3,0,0,1,0,0,0,0,3338,890,261,874,466,26,30,270,35,0,16,183,6,305,0,59,1176,434,440,706,124,22,0,30,97,2,4,88,25,3,0
0,22,0,242,133,0,0,0,0,0,0,0,0,0,0,0,0,436,0,0,128,5,153,0,22,0,0,0,0,0,0,0,0,12,75,25,57,0,0,0,0,0,2,0,0,0,0,4,19,294,240,228,307,32,285,8,20,0,0,0,0,0,0,0,0,22,22,14,38,0,12,0,0,0,0,8,0,0,0,0,0,15,114,0,7,0,0,0,13,0,0,0,0,0,0,0,0,545,24,81,55,173,53,13,13,0,0,0,0,0,0,0,0,62,53,0,83,0,0,0,9,0,0,0,0,0,0,0,9,265,7,1,36,2,0,0,0,0,3,0,0,0,0,0,0,0,4,0,0,0,0,0,0,0,0,0,0,0,0,0,0,712,155,0,3,0,0,0,2,0,0,0,0,0,0,0,0,256,477,2,151,0,0,0,49,0,0,0,8,0,8,0,0,0,0,0,0,0,0,0,0,0,0,0,0,0,0,0,1,15,1,26,34,0,0,0,26,6,10,0,90,0,0,0,0,159,12,6,54,0,1,0,0,2,2,0,6,14,0,0,5,0,13,0,0,0,0,0,0,7,0,0,0,0,0,0,0,441,20,0,31,0,5,0,0,6,0,0,1,0,0,0,0,19,18,0,35,0,0,0,1,23,1,0,0,0,1,0,9,55,22,10,89,8,0,0,1,0,0,0,0,17,0,0,0,3,1,3,0,1,1,0,0,0,0,0,0,0,0,0,0,4,168,101,57,0,0,0,0,0,6,0,0,0,0,0,0,8,1,1,115,11,65,2,14,16,0,0,0,0,0,0,0,140,44,2,121,0,0,0,5,0,0,0,0,0,0,0,0,9,0,0,3,0,0,0,0,0,0,0,0,13,0,0,0,36,4,2,36,0,0,10,6,0,0,0,4,0,0,0,64,24,1,0,19,0,0,0,109,0,0,0,1,0,0,0,2,35,8,0,10,1,0,0,0,0,1,0,0,0,0,0,0,0,0,0,17,0,0,0,0,0,0,0,0,0,0,0,0,0,0,0,0,0,0,0,2,0,0,0,0,0,0,2,0,39,39,16,156,0,0,0,0,0,0,0,6,0,0,0,0,32,987,27,56,0,13,0,4,0,0,0,0,0,0,0,0,131,0,1,36,113,0,0,0,0,0,0,0,0,0,0,0,0,0,10,304,0,0,0,128,0,0,0,0,0,0,0,0,143,70,0,95,0,0,0,0,0,0,0,0,0,0,0,0,297,33,0,37,19,0,0,0,0,0,0,0,0,0,0,0,25,3,0,16,0,0,1,0,8,0,0,12,0,0,0,0,634,22,22,69,11,14,0,3,200,0,0,39,0,0,0,0,57,7,0,197,36,0,0,2,0,4,0,0,0,0,0,109,1,0,21,18,1,0,0,4,0,0,0,0,0,0,0,0,11,0,0,4,0,0,0,3,0,0,0,0,0,0,0,0,1997,980,454,1290,36,14,13,418,220,0,0,53,2,35,0,168,291,12,125,93,0,0,4,2,1,0,0,6,0,0,0,2,2738,584,696,1671,500,112,464,192,41,504,66,270,0,0,0,4,198,11,6,204,183,10,17,25,0,0,2,11,0,0,0,0,4522,881,1855,2447,410,134,212,76,424,5,163,0,342,3,0,260,4360,2192,2323,6471,367,5,575,1029,33,20,379,271,376,0,0,5,0,16,3,4,0,0,0,6,2,0,0,0,0,0,0,0,753,34,12,115,19,1,0,22,1,0,0,2,0,0,0,0,371,6,8,30,184,3,3,4,5,1,13,13,4,2,0,10,1350,1292,535,417,501,183,6,5,13,2,12,5,5,0,2,0,755,14,19,574,173,282,2,121,11,158,2,8,57,37,0,5,119,74,2,251,29,0,0,17,0,2,0,41,16,1,0,8,545,23,4,223,0,17,0,0,0,0,0,0,0,3,0,0,0,0,0,0,14,0,0,0,0,0,0,0,0,0,0,0,0,111,12,16,0,0,0,0,0,0,0,0,0,0,0,0,5924,2801,1757,6757,186,47,8,817,62,3,54,123,496,171,0,830,1359,433,123,1430,2,20,11,262,21,0,0,195,101,7,1,56,1943,876,1149,2968,288,5,14,1214,133,17,3,360,124,63,6,237,462,16,0,134,0,0,0,0,0,0,0,0,0,6,0,11,5722,2689,1732,7115,293,0,3,340,620,216,475,720,213,64,37,158,0,0,3,26,0,162,0,5,0,0,0,0,0,0,0,0,231,0,3,15,0,0,0,0,3,0,0,1,0,0,0,0,3338,890,261,874,466,26,30,270,35,0,16,183,6,305,0,59,1176,434,440,706,124,22,0,30,97,2,4,88,25,3,0
0,22,0,242,133,0,0,0,0,0,0,0,0,0,0,0,0,436,0,0,128,5,153,0,22,0,0,0,0,0,0,0,0,12,75,25,57,0,0,0,0,0,2,0,0,0,0,4,19,294,240,228,307,32,285,8,20,0,0,0,0,0,0,0,0,22,22,14,38,0,12,0,0,0,0,8,0,0,0,0,0,15,114,0,7,0,0,0,13,0,0,0,0,0,0,0,0,545,24,81,55,173,53,13,13,0,0,0,0,0,0,0,0,62,53,0,83,0,0,0,9,0,0,0,0,0,0,0,9,265,7,1,36,2,0,0,0,0,3,0,0,0,0,0,0,0,4,0,0,0,0,0,0,0,0,0,0,0,0,0,0,712,155,0,3,0,0,0,2,0,0,0,0,0,0,0,0,256,477,2,151,0,0,0,49,0,0,0,8,0,8,0,0,0,0,0,0,0,0,0,0,0,0,0,0,0,0,0,1,15,1,26,34,0,0,0,26,6,10,0,90,0,0,0,0,159,12,6,54,0,1,0,0,2,2,0,6,14,0,0,5,0,13,0,0,0,0,0,0,7,0,0,0,0,0,0,0,441,20,0,31,0,5,0,0,6,0,0,1,0,0,0,0,19,18,0,35,0,0,0,1,23,1,0,0,0,1,0,9,55,22,10,89,8,0,0,1,0,0,0,0,17,0,0,0,3,1,3,0,1,1,0,0,0,0,0,0,0,0,0,0,4,168,101,57,0,0,0,0,0,6,0,0,0,0,0,0,8,1,1,115,11,65,2,14,16,0,0,0,0,0,0,0,140,44,2,121,0,0,0,5,0,0,0,0,0,0,0,0,9,0,0,3,0,0,0,0,0,0,0,0,13,0,0,0,36,4,2,36,0,0,10,6,0,0,0,4,0,0,0,64,24,1,0,19,0,0,0,109,0,0,0,1,0,0,0,2,35,8,0,10,1,0,0,0,0,1,0,0,0,0,0,0,0,0,0,17,0,0,0,0,0,0,0,0,0,0,0,0,0,0,0,0,0,0,0,2,0,0,0,0,0,0,2,0,39,39,16,156,0,0,0,0,0,0,0,6,0,0,0,0,32,987,27,56,0,13,0,4,0,0,0,0,0,0,0,0,131,0,1,36,113,0,0,0,0,0,0,0,0,0,0,0,0,0,10,304,0,0,0,128,0,0,0,0,0,0,0,0,143,70,0,95,0,0,0,0,0,0,0,0,0,0,0,0,297,33,0,37,19,0,0,0,0,0,0,0,0,0,0,0,25,3,0,16,0,0,1,0,8,0,0,12,0,0,0,0,634,22,22,69,11,14,0,3,200,0,0,39,0,0,0,0,57,7,0,197,36,0,0,2,0,4,0,0,0,0,0,109,1,0,21,18,1,0,0,4,0,0,0,0,0,0,0,0,11,0,0,4,0,0,0,3,0,0,0,0,0,0,0,0,1997,980,454,1290,36,14,13,418,220,0,0,53,2,35,0,168,291,12,125,93,0,0,4,2,1,0,0,6,0,0,0,2,2737,584,696,1671,500,112,464,192,41,504,66,270,0,0,0,4,198,11,6,205,184,10,17,25,0,0,2,11,0,0,0,0,4521,881,1855,2447,410,134,212,76,424,5,163,0,342,3,0,260,4360,2192,2323,6469,367,5,575,1028,33,20,379,271,376,0,0,5,0,16,3,4,0,0,0,6,2,0,0,0,0,0,0,0,753,34,12,115,19,1,0,22,1,0,0,2,0,0,0,0,371,6,8,30,184,3,3,4,5,1,13,13,4,2,0,10,1350,1292,535,417,501,183,6,5,13,2,12,5,5,0,2,0,755,14,19,574,173,282,2,121,11,158,2,8,57,37,0,5,119,74,2,252,29,0,0,17,0,2,0,41,16,1,0,8,545,23,4,224,0,17,0,0,0,0,0,0,0,3,0,0,0,0,0,0,14,0,0,0,0,0,0,0,0,0,0,0,0,111,12,16,0,0,0,0,0,0,0,0,0,0,0,0,5924,2800,1757,6757,186,47,8,817,62,3,54,123,496,171,0,830,1359,433,123,1430,2,20,11,262,21,0,0,195,101,7,1,56,1943,876,1149,2968,287,5,14,1214,133,17,3,360,124,63,6,237,462,16,0,134,0,0,0,0,0,0,0,0,0,6,0,11,5722,2689,1731,7114,292,0,3,340,620,216,475,720,213,64,37,158,0,0,3,26,0,162,0,5,0,0,0,0,0,0,0,0,231,0,3,15,0,0,0,0,3,0,0,1,0,0,0,0,3338,890,261,874,466,26,30,270,35,0,16,183,6,305,0,59,1176,434,440,706,124,22,0,30,97,2,4,88,25,3,0
0,22,0,242,133,0,0,0,0,0,0,0,0,0,0,0,0,436,0,0,128,5,153,0,22,0,0,0,0,0,0,0,0,12,75,25,57,0,0,0,0,0,2,0,0,0,0,4,19,294,240,228,307,32,285,8,20,0,0,0,0,0,0,0,0,22,22,14,38,0,12,0,0,0,0,8,0,0,0,0,0,15,114,0,7,0,0,0,13,0,0,0,0,0,0,0,0,545,24,81,55,173,53,13,13,0,0,0,0,0,0,0,0,62,53,0,83,0,0,0,9,0,0,0,0,0,0,0,9,265,7,1,36,2,0,0,0,0,3,0,0,0,0,0,0,0,4,0,0,0,0,0,0,0,0,0,0,0,0,0,0,712,155,0,3,0,0,0,2,0,0,0,0,0,0,0,0,256,477,2,151,0,0,0,49,0,0,0,8,0,8,0,0,0,0,0,0,0,0,0,0,0,0,0,0,0,0,0,1,15,1,26,34,0,0,0,26,6,10,0,90,0,0,0,0,159,12,6,54,0,1,0,0,2,2,0,6,14,0,0,5,0,13,0,0,0,0,0,0,7,0,0,0,0,0,0,0,441,20,0,31,0,5,0,0,6,0,0,1,0,0,0,0,19,18,0,35,0,0,0,1,23,1,0,0,0,1,0,9,55,22,10,89,8,0,0,1,0,0,0,0,17,0,0,0,3,1,3,0,1,1,0,0,0,0,0,0,0,0,0,0,4,168,101,57,0,0,0,0,0,6,0,0,0,0,0,0,8,1,1,115,11,65,2,14,16,0,0,0,0,0,0,0,140,44,2,121,0,0,0,5,0,0,0,0,0,0,0,0,9,0,0,3,0,0,0,0,0,0,0,0,13,0,0,0,36,4,2,36,0,0,10,6,0,0,0,4,0,0,0,64,24,1,0,19,0,0,0,109,0,0,0,1,0,0,0,2,35,8,0,10,1,0,0,0,0,1,0,0,0,0,0,0,0,0,0,17,0,0,0,0,0,0,0,0,0,0,0,0,0,0,0,0,0,0,0,2,0,0,0,0,0,0,2,0,39,39,16,156,0,0,0,0,0,0,0,6,0,0,0,0,32,987,27,56,0,13,0,4,0,0,0,0,0,0,0,0,131,0,1,36,113,0,0,0,0,0,0,0,0,0,0,0,0,0,10,304,0,0,0,128,0,0,0,0,0,0,0,0,143,70,0,95,0,0,0,0,0,0,0,0,0,0,0,0,297,33,0,37,19,0,0,0,0,0,0,0,0,0,0,0,25,3,0,16,0,0,1,0,8,0,0,12,0,0,0,0,634,22,22,69,11,14,0,3,200,0,0,39,0,0,0,0,57,7,0,197,36,0,0,2,0,4,0,0,0,0,0,109,1,0,21,18,1,0,0,4,0,0,0,0,0,0,0,0,11,0,0,4,0,0,0,3,0,0,0,0,0,0,0,0,1997,980,454,1290,36,14,13,418,220,0,0,53,2,35,0,168,291,12,125,93,0,0,4,2,1,0,0,6,0,0,0,2,2737,584,696,1672,500,112,464,192,41,504,66,270,0,0,0,4,198,11,6,204,183,10,17,25,0,0,2,11,0,0,0,0,4521,881,1855,2448,410,134,212,76,424,5,163,0,342,3,0,260,4360,2192,2323,6469,367,5,575,1028,33,20,379,271,376,0,0,5,0,16,3,4,0,0,0,6,2,0,0,0,0,0,0,0,753,34,12,115,19,1,0,22,1,0,0,2,0,0,0,0,371,6,8,30,184,3,3,4,5,1,13,13,4,2,0,10,1350,1292,535,417,501,183,6,5,13,2,12,5,5,0,2,0,755,14,19,574,173,282,2,121,11,158,2,8,57,37,0,5,119,74,2,251,29,0,0,17,0,2,0,41,16,1,0,8,545,23,4,223,0,17,0,0,0,0,0,0,0,3,0,0,0,0,0,0,14,0,0,0,0,0,0,0,0,0,0,0,0,111,12,16,0,0,0,0,0,0,0,0,0,0,0,0,5924,2800,1757,6757,186,47,8,817,62,3,54,123,496,171,0,830,1360,433,123,1431,2,20,11,263,21,0,0,195,101,7,1,56,1943,876,1149,2968,287,5,14,1214,133,17,3,360,124,63,6,237,463,16,0,135,0,0,0,0,0,0,0,0,0,6,0,11,5722,2689,1731,7113,292,0,3,340,620,216,475,720,213,64,37,158,0,0,3,26,0,162,0,5,0,0,0,0,0,0,0,0,231,0,3,15,0,0,0,0,3,0,0,1,0,0,0,0,3338,890,261,874,466,26,30,270,35,0,16,183,6,305,0,59,1176,434,440,706,124,22,0,30,97,2,4,88,25,3,0
0,22,0,242,133,0,0,0,0,0,0,0,0,0,0,0,0,436,0,0,128,5,153,0,22,0,0,0,0,0,0,0,0,12,75,25,57,0,0,0,0,0,2,0,0,0,0,4,19,294,240,228,307,32,285,8,20,0,0,0,0,0,0,0,0,22,22,14,38,0,12,0,0,0,0,8,0,0,0,0,0,15,114,0,7,0,0,0,13,0,0,0,0,0,0,0,0,545,24,81,55,173,53,13,13,0,0,0,0,0,0,0,0,62,53,0,83,0,0,0,9,0,0,0,0,0,0,0,9,265,7,1,36,2,0,0,0,0,3,0,0,0,0,0,0,0,4,0,0,0,0,0,0,0,0,0,0,0,0,0,0,712,155,0,3,0,0,0,2,0,0,0,0,0,0,0,0,256,477,2,151,0,0,0,49,0,0,0,8,0,8,0,0,0,0,0,0,0,0,0,0,0,0,0,0,0,0,0,1,15,1,26,34,0,0,0,26,6,10,0,90,0,0,0,0,159,12,6,54,0,1,0,0,2,2,0,6,14,0,0,5,0,13,0,0,0,0,0,0,7,0,0,0,0,0,0,0,441,20,0,31,0,5,0,0,6,0,0,1,0,0,0,0,19,18,0,35,0,0,0,1,23,1,0,0,0,1,0,9,55,22,10,89,8,0,0,1,0,0,0,0,17,0,0,0,3,1,3,0,1,1,0,0,0,0,0,0,0,0,0,0,4,168,101,57,0,0,0,0,0,6,0,0,0,0,0,0,8,1,1,115,11,65,2,14,16,0,0,0,0,0,0,0,140,44,2,121,0,0,0,5,0,0,0,0,0,0,0,0,9,0,0,3,0,0,0,0,0,0,0,0,13,0,0,0,36,4,2,36,0,0,10,6,0,0,0,4,0,0,0,64,24,1,0,19,0,0,0,109,0,0,0,1,0,0,0,2,35,8,0,10,1,0,0,0,0,1,0,0,0,0,0,0,0,0,0,17,0,0,0,0,0,0,0,0,0,0,0,0,0,0,0,0,0,0,0,2,0,0,0,0,0,0,2,0,39,39,16,156,0,0,0,0,0,0,0,6,0,0,0,0,32,987,28,56,0,13,0,4,0,0,0,0,0,0,0,0,131,0,1,36,113,0,0,0,0,0,0,0,0,0,0,0,0,0,10,304,0,0,0,128,0,0,0,0,0,0,0,0,143,71,0,95,0,0,0,0,0,0,0,0,0,0,0,0,297,33,0,37,19,0,0,0,0,0,0,0,0,0,0,0,25,3,0,16,0,0,1,0,8,0,0,12,0,0,0,0,634,22,22,69,11,14,0,3,200,0,0,39,0,0,0,0,57,7,0,197,36,0,0,2,0,4,0,0,0,0,0,109,1,0,21,18,1,0,0,4,0,0,0,0,0,0,0,0,11,0,0,4,0,0,0,3,0,0,0,0,0,0,0,0,1997,980,456,1290,36,14,13,418,220,0,0,53,2,35,0,168,291,12,125,93,0,0,4,2,1,0,0,6,0,0,0,2,2737,584,696,1671,500,112,464,192,41,504,66,270,0,0,0,4,198,11,6,204,183,10,17,25,0,0,2,11,0,0,0,0,4521,881,1855,2447,410,134,212,76,424,5,163,0,342,3,0,260,4360,2192,2323,6469,367,5,575,1028,33,20,379,271,376,0,0,5,0,16,3,4,0,0,0,6,2,0,0,0,0,0,0,0,753,34,12,115,19,1,0,22,1,0,0,2,0,0,0,0,371,6,8,30,184,3,3,4,5,1,13,13,4,2,0,10,1350,1292,535,417,501,183,6,5,13,2,12,5,5,0,2,0,755,14,19,574,173,282,2,121,11,158,2,8,57,37,0,5,119,74,2,251,29,0,0,17,0,2,0,41,16,1,0,8,545,23,4,223,0,17,0,0,0,0,0,0,0,3,0,0,0,0,0,0,14,0,0,0,0,0,0,0,0,0,0,0,0,111,12,16,0,0,0,0,0,0,0,0,0,0,0,0,5926,2801,1757,6759,186,47,8,817,62,3,54,123,496,171,0,830,1359,433,123,1431,2,20,11,262,21,0,0,195,101,7,1,56,1943,876,1149,2968,287,5,14,1214,133,17,3,360,124,63,6,237,462,16,0,134,0,0,0,0,0,0,0,0,0,6,0,11,5722,2689,1731,7113,292,0,3,340,620,216,475,720,213,64,37,158,0,0,3,26,0,162,0,5,0,0,0,0,0,0,0,0,231,0,3,15,0,0,0,0,3,0,0,1,0,0,0,0,3338,890,261,874,466,26,30,270,35,0,16,183,6,305,0,59,1176,434,440,706,124,22,0,30,97,2,4,88,25,3,0
0,22,0,242,133,0,0,0,0,0,0,0,0,0,0,0,0,436,0,0,128,5,153,0,22,0,0,0,0,0,0,0,0,12,75,25,57,0,0,0,0,0,2,0,0,0,0,4,19,294,240,228,307,32,285,8,20,0,0,0,0,0,0,0,0,22,22,14,38,0,12,0,0,0,0,8,0,0,0,0,0,15,114,0,7,0,0,0,13,0,0,0,0,0,0,0,0,545,24,81,55,173,53,13,13,0,0,0,0,0,0,0,0,62,53,0,83,0,0,0,9,0,0,0,0,0,0,0,9,265,7,1,36,2,0,0,0,0,3,0,0,0,0,0,0,0,4,0,0,0,0,0,0,0,0,0,0,0,0,0,0,712,155,0,3,0,0,0,2,0,0,0,0,0,0,0,0,256,477,2,151,0,0,0,49,0,0,0,8,0,8,0,0,0,0,0,0,0,0,0,0,0,0,0,0,0,0,0,1,15,1,26,34,0,0,0,26,6,10,0,90,0,0,0,0,159,12,6,54,0,1,0,0,2,2,0,6,14,0,0,5,0,13,0,0,0,0,0,0,7,0,0,0,0,0,0,0,441,20,0,31,0,5,0,0,6,0,0,1,0,0,0,0,19,18,0,35,0,0,0,1,23,1,0,0,0,1,0,9,55,22,10,89,8,0,0,1,0,0,0,0,17,0,0,0,3,1,3,0,1,1,0,0,0,0,0,0,0,0,0,0,4,168,101,57,0,0,0,0,0,6,0,0,0,0,0,0,8,1,1,115,11,65,2,14,16,0,0,0,0,0,0,0,140,44,2,121,0,0,0,5,0,0,0,0,0,0,0,0,9,0,0,3,0,0,0,0,0,0,0,0,13,0,0,0,36,4,2,36,0,0,10,6,0,0,0,4,0,0,0,64,24,1,0,19,0,0,0,109,0,0,0,1,0,0,0,2,35,8,0,10,1,0,0,0,0,1,0,0,0,0,0,0,0,0,0,17,0,0,0,0,0,0,0,0,0,0,0,0,0,0,0,0,0,0,0,2,0,0,0,0,0,0,2,0,39,39,16,156,0,0,0,0,0,0,0,6,0,0,0,0,32,987,27,56,0,13,0,4,0,0,0,0,0,0,0,0,131,0,1,36,113,0,0,0,0,0,0,0,0,0,0,0,0,0,10,304,0,0,0,128,0,0,0,0,0,0,0,0,143,70,0,95,0,0,0,0,0,0,0,0,0,0,0,0,297,33,0,37,19,0,0,0,0,0,0,0,0,0,0,0,25,3,0,16,0,0,1,0,8,0,0,12,0,0,0,0,634,22,22,69,11,14,0,3,200,0,0,39,0,0,0,0,57,7,0,197,36,0,0,2,0,4,0,0,0,0,0,109,1,0,21,18,1,0,0,4,0,0,0,0,0,0,0,0,11,0,0,4,0,0,0,3,0,0,0,0,0,0,0,0,1997,980,454,1291,36,14,13,418,220,0,0,53,2,35,0,168,292,12,126,93,0,0,4,2,1,0,0,6,0,0,0,2,2737,584,696,1671,500,112,464,192,41,504,66,270,0,0,0,4,198,11,6,204,183,10,17,25,0,0,2,11,0,0,0,0,4521,881,1855,2447,410,134,212,76,424,5,163,0,342,3,0,260,4360,2192,2323,6469,367,5,575,1028,33,20,379,271,376,0,0,5,0,16,3,4,0,0,0,6,2,0,0,0,0,0,0,0,753,34,12,115,19,1,0,22,1,0,0,2,0,0,0,0,374,6,8,30,184,3,3,4,5,1,13,13,4,2,0,10,1350,1292,535,417,501,183,6,5,13,2,12,5,5,0,2,0,755,14,19,574,173,282,2,121,11,158,2,8,57,37,0,5,119,74,2,251,29,0,0,17,0,2,0,41,16,1,0,8,545,23,4,223,0,17,0,0,0,0,0,0,0,3,0,0,0,0,0,0,14,0,0,0,0,0,0,0,0,0,0,0,0,112,12,16,0,0,0,0,0,0,0,0,0,0,0,0,5924,2800,1757,6757,186,47,8,817,62,3,54,123,496,171,0,830,1360,433,123,1432,2,20,11,262,21,0,0,195,101,7,1,56,1943,876,1149,2968,287,5,14,1214,133,17,3,360,124,63,6,237,462,16,0,134,0,0,0,0,0,0,0,0,0,6,0,11,5722,2689,1731,7113,292,0,3,340,620,216,475,720,213,64,37,158,0,0,3,26,0,162,0,5,0,0,0,0,0,0,0,0,233,0,3,15,0,0,0,0,3,0,0,1,0,0,0,0,3338,890,261,875,466,26,30,270,35,0,16,183,6,305,0,59,1176,436,440,707,124,22,0,30,97,2,4,88,25,3,0
0,22,0,242,133,0,0,0,0,0,0,0,0,0,0,0,0,436,0,0,128,5,153,0,22,0,0,0,0,0,0,0,0,12,75,25,59,0,0,0,0,0,2,0,0,0,0,4,19,294,240,228,307,32,285,8,20,0,0,0,0,0,0,0,0,22,22,14,38,0,12,0,0,0,0,8,0,0,0,0,0,15,114,0,7,0,0,0,13,0,0,0,0,0,0,0,0,545,24,81,55,173,53,13,13,0,0,0,0,0,0,0,0,63,53,0,83,0,0,0,9,0,0,0,0,0,0,0,10,265,7,1,36,2,0,0,0,0,3,0,0,0,0,0,0,0,4,0,0,0,0,0,0,0,0,0,0,0,0,0,0,712,155,0,3,0,0,0,2,0,0,0,0,0,0,0,0,256,477,2,151,0,0,0,49,0,0,0,8,0,8,0,0,0,0,0,0,0,0,0,0,0,0,0,0,0,0,0,1,15,1,26,34,0,0,0,26,6,10,0,90,0,0,0,0,159,12,6,54,0,1,0,0,2,2,0,6,14,0,0,5,0,13,0,0,0,0,0,0,7,0,0,0,0,0,0,0,441,20,0,31,0,5,0,0,6,0,0,1,0,0,0,0,19,18,0,36,0,0,0,1,23,1,0,0,0,1,0,10,55,22,10,89,8,0,0,1,0,0,0,0,17,0,0,0,3,1,3,0,1,1,0,0,0,0,0,0,0,0,0,0,4,168,101,57,0,0,0,0,0,6,0,0,0,0,0,0,8,1,1,115,11,65,2,14,16,0,0,0,0,0,0,0,140,44,2,121,0,0,0,5,0,0,0,0,0,0,0,0,9,0,0,3,0,0,0,0,0,0,0,0,13,0,0,0,36,4,2,37,0,0,10,6,0,0,0,4,0,0,0,64,25,1,0,19,0,0,0,109,0,0,0,1,0,0,0,2,35,8,0,10,1,0,0,0,0,1,0,0,0,0,0,0,0,0,0,17,0,0,0,0,0,0,0,0,0,0,0,0,0,0,0,0,0,0,0,2,0,0,0,0,0,0,2,0,39,39,16,157,0,0,0,0,0,0,0,6,0,0,0,0,32,987,27,56,0,13,0,4,0,0,0,0,0,0,0,0,131,0,1,36,113,0,0,0,0,0,0,0,0,0,0,0,0,0,10,304,0,0,0,128,0,0,0,0,0,0,0,0,143,70,0,95,0,0,0,0,0,0,0,0,0,0,0,0,297,33,0,37,19,0,0,0,0,0,0,0,0,0,0,0,25,3,0,17,0,0,1,0,8,0,0,13,0,0,0,0,634,22,22,69,11,14,0,3,200,0,0,39,0,0,0,0,57,7,0,197,36,0,0,2,0,4,0,0,0,0,0,109,1,0,21,18,1,0,0,4,0,0,0,0,0,0,0,0,11,0,0,4,0,0,0,3,0,0,0,0,0,0,0,0,1997,980,454,1290,36,14,13,418,220,0,0,53,2,35,0,168,291,12,125,93,0,0,4,2,1,0,0,6,0,0,0,2,2737,584,696,1671,500,112,464,192,41,504,66,270,0,0,0,4,198,11,6,204,183,10,17,25,0,0,2,11,0,0,0,0,4521,881,1855,2447,410,134,212,76,424,5,163,0,342,3,0,260,4360,2192,2323,6469,367,5,575,1028,33,20,379,271,376,0,0,5,0,16,3,4,0,0,0,6,2,0,0,0,0,0,0,0,753,34,12,115,19,1,0,22,1,0,0,2,0,0,0,0,371,6,8,30,184,3,3,4,5,1,13,13,4,2,0,10,1350,1292,535,417,501,183,6,5,13,2,12,5,5,0,2,0,755,14,19,574,173,282,2,121,11,158,2,8,57,37,0,5,119,74,2,251,29,0,0,17,0,2,0,41,16,1,0,8,545,23,4,223,0,17,0,0,0,0,0,0,0,3,0,0,0,0,0,0,14,0,0,0,0,0,0,0,0,0,0,0,0,111,12,16,0,0,0,0,0,0,0,0,0,0,0,0,5924,2800,1757,6757,186,47,8,817,62,3,54,123,496,171,0,830,1359,433,123,1431,2,20,11,262,21,0,0,195,101,7,1,56,1943,876,1149,2969,287,5,14,1214,133,17,3,360,124,63,6,237,462,16,0,134,0,0,0,0,0,0,0,0,0,6,0,11,5722,2689,1731,7113,292,0,3,340,620,216,475,720,213,64,37,158,0,0,3,26,0,162,0,5,0,0,0,0,0,0,0,0,231,0,3,15,0,0,0,0,3,0,0,1,0,0,0,0,3338,890,261,874,466,26,30,270,35,0,16,183,6,305,0,59,1177,434,440,706,124,22,0,30,97,2,4,88,25,3,0
0,22,0,242,133,0,0,0,0,0,0,0,0,0,0,0,0,436,0,0,128,5,153,0,22,0,0,0,0,0,0,0,0,12,75,25,57,0,0,0,0,0,2,0,0,0,0,4,19,294,240,228,307,32,285,8,20,0,0,0,0,0,0,0,0,22,22,14,38,0,12,0,0,0,0,8,0,0,0,0,0,15,114,0,7,0,0,0,13,0,0,0,0,0,0,0,0,545,24,81,55,173,53,13,13,0,0,0,0,0,0,0,0,62,53,0,83,0,0,0,9,0,0,0,0,0,0,0,9,265,7,1,36,2,0,0,0,0,3,0,0,0,0,0,0,0,4,0,0,0,0,0,0,0,0,0,0,0,0,0,0,712,155,0,3,0,0,0,2,0,0,0,0,0,0,0,0,256,477,2,151,0,0,0,49,0,0,0,8,0,8,0,0,0,0,0,0,0,0,0,0,0,0,0,0,0,0,0,1,15,1,26,34,0,0,0,26,6,10,0,90,0,0,0,0,159,12,6,54,0,1,0,0,2,2,0,6,14,0,0,5,0,13,0,0,0,0,0,0,7,0,0,0,0,0,0,0,441,20,0,31,0,5,0,0,6,0,0,1,0,0,0,0,19,18,0,35,0,0,0,1,23,1,0,0,0,1,0,9,55,22,10,89,8,0,0,1,0,0,0,0,17,0,0,0,3,1,3,0,1,1,0,0,0,0,0,0,0,0,0,0,4,168,101,57,0,0,0,0,0,6,0,0,0,0,0,0,8,1,1,115,11,65,2,14,16,0,0,0,0,0,0,0,140,44,2,121,0,0,0,5,0,0,0,0,0,0,0,0,9,0,0,3,0,0,0,0,0,0,0,0,13,0,0,0,36,4,2,36,0,0,10,6,0,0,0,4,0,0,0,64,24,1,0,19,0,0,0,109,0,0,0,1,0,0,0,2,35,8,0,10,1,0,0,0,0,1,0,0,0,0,0,0,0,0,0,17,0,0,0,0,0,0,0,0,0,0,0,0,0,0,0,0,0,0,0,2,0,0,0,0,0,0,2,0,39,39,16,156,0,0,0,0,0,0,0,6,0,0,0,0,32,987,27,56,0,13,0,4,0,0,0,0,0,0,0,0,131,0,1,36,113,0,0,0,0,0,0,0,0,0,0,0,0,0,10,304,0,0,0,128,0,0,0,0,0,0,0,0,143,70,0,95,0,0,0,0,0,0,0,0,0,0,0,0,297,33,0,37,19,0,0,0,0,0,0,0,0,0,0,0,25,3,0,16,0,0,1,0,8,0,0,12,0,0,0,0,634,22,22,69,11,14,0,3,200,0,0,39,0,0,0,0,57,7,0,197,36,0,0,2,0,4,0,0,0,0,0,109,1,0,21,18,1,0,0,4,0,0,0,0,0,0,0,0,11,0,0,4,0,0,0,3,0,0,0,0,0,0,0,0,1997,980,454,1290,36,14,13,418,220,0,0,53,2,35,0,168,291,12,125,93,0,0,4,2,1,0,0,6,0,0,0,2,2737,584,696,1671,500,112,464,192,41,504,66,270,0,0,0,4,198,11,6,204,183,10,17,25,0,0,2,11,0,0,0,0,4521,881,1855,2447,410,134,212,76,424,5,163,0,342,3,0,260,4360,2192,2323,6469,367,5,575,1028,33,20,379,271,376,0,0,5,0,16,3,4,0,0,0,6,2,0,0,0,0,0,0,0,753,34,12,115,19,1,0,22,1,0,0,2,0,0,0,0,371,6,8,30,184,3,3,4,5,1,13,13,4,2,0,10,1350,1292,535,417,501,183,6,5,13,2,12,5,5,0,2,0,755,14,19,574,173,282,2,121,11,158,2,8,57,37,0,5,119,74,2,251,29,0,0,17,0,2,0,41,16,1,0,8,545,23,4,223,0,17,0,0,0,0,0,0,0,3,0,0,0,0,0,0,14,0,0,0,0,0,0,0,0,0,0,0,0,111,12,16,0,0,0,0,0,0,0,0,0,0,0,0,5924,2800,1757,6757,186,47,8,817,62,3,54,123,496,171,0,830,1359,433,123,1430,2,20,11,262,21,0,0,195,101,7,1,56,1943,876,1149,2968,287,5,14,1214,133,17,3,360,124,63,6,237,462,16,0,134,0,0,0,0,0,0,0,0,0,6,0,11,5722,2689,1731,7113,292,0,3,340,620,216,475,720,213,64,37,158,0,0,3,26,0,162,0,5,0,0,0,0,0,0,0,0,231,0,3,15,0,0,0,0,3,0,0,1,0,0,0,0,3338,890,261,874,466,26,30,270,35,0,16,183,6,305,0,59,1176,434,440,706,124,22,0,30,97,2,4,88,25,3,0
0,22,0,242,133,0,0,0,0,0,0,0,0,0,0,0,0,436,0,0,128,5,153,0,22,0,0,0,0,0,0,0,0,12,75,25,57,0,0,0,0,0,2,0,0,0,0,4,19,294,240,228,307,32,285,8,20,0,0,0,0,0,0,0,0,22,22,14,38,0,12,0,0,0,0,8,0,0,0,0,0,15,114,0,7,0,0,0,13,0,0,0,0,0,0,0,0,545,24,81,55,173,53,13,13,0,0,0,0,0,0,0,0,62,53,0,83,0,0,0,9,0,0,0,0,0,0,0,9,265,7,1,36,2,0,0,0,0,3,0,0,0,0,0,0,0,4,0,0,0,0,0,0,0,0,0,0,0,0,0,0,712,155,0,3,0,0,0,2,0,0,0,0,0,0,0,0,256,477,2,151,0,0,0,49,0,0,0,8,0,8,0,0,0,0,0,0,0,0,0,0,0,0,0,0,0,0,0,1,15,1,26,34,0,0,0,26,6,10,0,90,0,0,0,0,159,12,6,54,0,1,0,0,2,2,0,6,14,0,0,5,0,13,0,0,0,0,0,0,7,0,0,0,0,0,0,0,441,20,0,31,0,5,0,0,6,0,0,1,0,0,0,0,19,18,0,35,0,0,0,1,23,1,0,0,0,1,0,9,55,22,10,89,8,0,0,1,0,0,0,0,17,0,0,0,3,1,3,0,1,1,0,0,0,0,0,0,0,0,0,0,4,168,101,57,0,0,0,0,0,6,0,0,0,0,0,0,8,1,1,115,11,65,2,14,16,0,0,0,0,0,0,0,140,44,2,121,0,0,0,5,0,0,0,0,0,0,0,0,9,0,0,3,0,0,0,0,0,0,0,0,13,0,0,0,36,4,2,36,0,0,10,6,0,0,0,4,0,0,0,64,24,1,0,19,0,0,0,109,0,0,0,1,0,0,0,2,35,8,0,10,1,0,0,0,0,1,0,0,0,0,0,0,0,0,0,17,0,0,0,0,0,0,0,0,0,0,0,0,0,0,0,0,0,0,0,2,0,0,0,0,0,0,2,0,39,39,16,156,0,0,0,0,0,0,0,6,0,0,0,0,32,987,27,56,0,13,0,4,0,0,0,0,0,0,0,0,131,0,1,36,113,0,0,0,0,0,0,0,0,0,0,0,0,0,10,304,0,0,0,128,0,0,0,0,0,0,0,0,143,70,0,95,0,0,0,0,0,0,0,0,0,0,0,0,297,33,0,37,19,0,0,0,0,0,0,0,0,0,0,0,25,3,0,16,0,0,1,0,8,0,0,12,0,0,0,0,634,22,22,69,11,14,0,3,200,0,0,39,0,0,0,0,57,7,0,197,36,0,0,2,0,4,0,0,0,0,0,109,1,0,21,18,1,0,0,4,0,0,0,0,0,0,0,0,11,0,0,4,0,0,0,3,0,0,0,0,0,0,0,0,1997,980,454,1290,36,14,13,418,220,0,0,53,2,35,0,168,291,12,125,93,0,0,4,2,1,0,0,6,0,0,0,2,2737,584,696,1671,500,112,464,192,41,504,66,270,0,0,0,4,198,11,6,204,183,10,17,25,0,0,2,11,0,0,0,0,4521,882,1855,2448,410,134,212,76,424,5,163,0,342,3,0,260,4361,2192,2323,6469,367,5,575,1028,33,20,379,271,376,0,0,5,0,16,3,4,0,0,0,6,2,0,0,0,0,0,0,0,753,34,12,115,19,1,0,22,1,0,0,2,0,0,0,0,371,6,8,30,184,3,3,4,5,1,13,13,4,2,0,10,1350,1292,535,417,501,183,6,5,13,2,12,5,5,0,2,0,755,14,19,574,173,282,2,121,11,158,2,8,57,37,0,5,119,74,2,251,29,0,0,17,0,2,0,41,16,1,0,8,545,23,4,223,0,17,0,0,0,0,0,0,0,3,0,0,0,0,0,0,14,0,0,0,0,0,0,0,0,0,0,0,0,111,12,16,0,0,0,0,0,0,0,0,0,0,0,0,5925,2800,1757,6757,186,47,8,817,62,3,54,123,496,171,0,830,1359,433,123,1430,2,20,11,262,21,0,0,195,101,7,1,56,1943,876,1149,2968,287,5,14,1214,133,17,3,360,124,63,6,237,462,16,0,134,0,0,0,0,0,0,0,0,0,6,0,11,5722,2689,1731,7114,292,0,3,340,620,216,475,720,213,64,37,159,0,0,3,26,0,162,0,5,0,0,0,0,0,0,0,0,231,0,3,15,0,0,0,0,3,0,0,1,0,0,0,0,3339,890,261,874,466,26,30,270,35,0,16,183,6,305,0,59,1176,434,440,706,124,22,0,30,97,2,4,88,25,3,0
0,22,0,242,133,0,0,0,0,0,0,0,0,0,0,0,0,436,0,0,128,5,153,0,22,0,0,0,0,0,0,0,0,12,75,25,57,0,0,0,0,0,2,0,0,0,0,4,19,294,240,228,307,32,285,8,20,0,0,0,0,0,0,0,0,22,22,14,38,0,12,0,0,0,0,8,0,0,0,0,0,15,114,0,7,0,0,0,13,0,0,0,0,0,0,0,0,545,24,81,55,173,53,13,13,0,0,0,0,0,0,0,0,62,53,0,83,0,0,0,9,0,0,0,0,0,0,0,9,265,7,1,36,2,0,0,0,0,3,0,0,0,0,0,0,0,4,0,0,0,0,0,0,0,0,0,0,0,0,0,0,712,155,0,3,0,0,0,2,0,0,0,0,0,0,0,0,256,477,2,151,0,0,0,49,0,0,0,8,0,8,0,0,0,0,0,0,0,0,0,0,0,0,0,0,0,0,0,1,15,1,26,34,0,0,0,26,6,10,0,90,0,0,0,0,159,12,6,54,0,1,0,0,2,2,0,6,14,0,0,5,0,13,0,0,0,0,0,0,7,0,0,0,0,0,0,0,441,20,0,31,0,5,0,0,6,0,0,1,0,0,0,0,19,18,0,35,0,0,0,1,23,1,0,0,0,1,0,9,55,22,10,89,8,0,0,1,0,0,0,0,17,0,0,0,3,1,3,0,1,1,0,0,0,0,0,0,0,0,0,0,4,168,101,57,0,0,0,0,0,6,0,0,0,0,0,0,8,1,1,115,11,65,2,14,16,0,0,0,0,0,0,0,140,44,2,121,0,0,0,5,0,0,0,0,0,0,0,0,9,0,0,3,0,0,0,0,0,0,0,0,13,0,0,0,36,4,2,36,0,0,10,6,0,0,0,4,0,0,0,64,24,1,0,19,0,0,0,109,0,0,0,1,0,0,0,2,35,8,0,10,1,0,0,0,0,1,0,0,0,0,0,0,0,0,0,17,0,0,0,0,0,0,0,0,0,0,0,0,0,0,0,0,0,0,0,2,0,0,0,0,0,0,2,0,39,39,16,156,0,0,0,0,0,0,0,6,0,0,0,0,32,987,27,56,0,13,0,4,0,0,0,0,0,0,0,0,131,0,1,36,113,0,0,0,0,0,0,0,0,0,0,0,0,0,10,304,0,0,0,128,0,0,0,0,0,0,0,0,143,70,0,95,0,0,0,0,0,0,0,0,0,0,0,0,297,33,0,37,19,0,0,0,0,0,0,0,0,0,0,0,25,3,0,16,0,0,1,0,8,0,0,12,0,0,0,0,634,22,22,69,11,14,0,3,200,0,0,39,0,0,0,0,57,7,0,197,36,0,0,2,0,4,0,0,0,0,0,109,1,0,21,18,1,0,0,4,0,0,0,0,0,0,0,0,11,0,0,4,0,0,0,3,0,0,0,0,0,0,0,0,1997,980,454,1290,36,14,13,418,220,0,0,53,2,35,0,168,291,12,125,93,0,0,4,2,1,0,0,6,0,0,0,2,2737,584,696,1671,500,112,464,192,41,504,66,270,0,0,0,4,198,11,6,204,183,10,17,25,0,0,2,11,0,0,0,0,4521,881,1855,2447,410,134,212,76,424,5,163,0,342,3,0,260,4360,2192,2323,6469,367,5,575,1028,33,20,379,271,376,0,0,5,0,16,3,4,0,0,0,6,2,0,0,0,0,0,0,0,753,34,12,115,19,1,0,22,1,0,0,2,0,0,0,0,371,6,8,30,184,3,3,4,5,1,13,13,4,2,0,10,1350,1292,535,418,501,183,6,5,13,2,12,5,5,0,2,0,755,14,19,574,173,282,2,121,11,158,2,8,57,37,0,5,119,74,2,251,29,0,0,17,0,2,0,41,16,1,0,8,545,23,4,223,0,17,0,0,0,0,0,0,0,3,0,0,0,0,0,0,14,0,0,0,0,0,0,0,0,0,0,0,0,111,12,16,0,0,0,0,0,0,0,0,0,0,0,0,5924,2800,1757,6757,186,47,8,817,62,3,54,123,496,171,0,830,1359,433,123,1430,2,20,11,262,21,0,0,195,101,7,1,56,1943,876,1149,2968,287,5,14,1214,133,17,3,360,124,63,6,237,462,16,0,134,0,0,0,0,0,0,0,0,0,6,0,11,5722,2689,1731,7113,292,0,3,340,620,216,475,720,213,64,37,158,0,0,3,26,0,162,0,5,0,0,0,0,0,0,0,0,231,0,3,15,0,0,0,0,3,0,0,1,0,0,0,0,3338,890,261,874,466,26,30,270,35,0,16,183,6,305,0,59,1176,434,440,706,124,22,0,30,97,2,4,88,25,3,0
0,22,0,242,133,0,0,0,0,0,0,0,0,0,0,0,0,436,0,0,128,5,153,0,22,0,0,0,0,0,0,0,0,12,75,25,57,0,0,0,0,0,2,0,0,0,0,4,19,294,240,228,307,32,285,8,20,0,0,0,0,0,0,0,0,22,22,14,38,0,12,0,0,0,0,8,0,0,0,0,0,15,114,0,7,0,0,0,13,0,0,0,0,0,0,0,0,545,24,81,55,173,53,13,13,0,0,0,0,0,0,0,0,62,53,0,83,0,0,0,9,0,0,0,0,0,0,0,9,265,7,1,36,2,0,0,0,0,3,0,0,0,0,0,0,0,4,0,0,0,0,0,0,0,0,0,0,0,0,0,0,712,155,0,3,0,0,0,2,0,0,0,0,0,0,0,0,256,477,2,151,0,0,0,49,0,0,0,8,0,8,0,0,0,0,0,0,0,0,0,0,0,0,0,0,0,0,0,1,15,1,26,34,0,0,0,26,6,10,0,90,0,0,0,0,159,12,6,54,0,1,0,0,2,2,0,6,14,0,0,5,0,13,0,0,0,0,0,0,7,0,0,0,0,0,0,0,441,20,0,31,0,5,0,0,6,0,0,1,0,0,0,0,19,18,0,35,0,0,0,1,23,1,0,0,0,1,0,9,55,22,10,89,8,0,0,1,0,0,0,0,17,0,0,0,3,1,3,0,1,1,0,0,0,0,0,0,0,0,0,0,4,168,101,57,0,0,0,0,0,6,0,0,0,0,0,0,8,1,1,115,11,65,2,14,16,0,0,0,0,0,0,0,140,44,2,121,0,0,0,5,0,0,0,0,0,0,0,0,9,0,0,3,0,0,0,0,0,0,0,0,13,0,0,0,36,4,2,36,0,0,10,6,0,0,0,4,0,0,0,64,24,1,0,19,0,0,0,109,0,0,0,1,0,0,0,2,35,8,0,10,1,0,0,0,0,1,0,0,0,0,0,0,0,0,0,17,0,0,0,0,0,0,0,0,0,0,0,0,0,0,0,0,0,0,0,2,0,0,0,0,0,0,2,0,39,39,16,156,0,0,0,0,0,0,0,6,0,0,0,0,32,987,27,56,0,13,0,4,0,0,0,0,0,0,0,0,131,0,1,36,113,0,0,0,0,0,0,0,0,0,0,0,0,0,10,304,0,0,0,128,0,0,0,0,0,0,0,0,143,70,0,95,0,0,0,0,0,0,0,0,0,0,0,0,297,33,0,37,19,0,0,0,0,0,0,0,0,0,0,0,25,3,0,16,0,0,1,0,8,0,0,12,0,0,0,0,634,22,22,69,11,14,0,3,200,0,0,39,0,0,0,0,57,7,0,198,36,0,0,2,0,4,0,0,0,0,0,109,1,0,21,18,1,0,0,4,0,0,0,0,0,0,0,0,11,0,0,4,0,0,0,3,0,0,0,0,0,0,0,0,1997,980,454,1290,36,14,13,418,220,0,0,53,2,35,0,168,291,12,125,93,0,0,4,2,1,0,0,6,0,0,0,2,2737,584,696,1672,501,112,464,192,41,504,66,270,0,0,0,4,198,11,6,204,183,10,17,25,0,0,2,11,0,0,0,0,4521,881,1855,2449,410,134,212,76,424,5,164,0,342,3,0,260,4360,2192,2323,6471,367,5,575,1028,33,20,379,271,376,0,0,5,0,16,3,4,0,0,0,6,2,0,0,0,0,0,0,0,753,34,12,115,19,1,0,22,1,0,0,2,0,0,0,0,371,6,8,30,184,3,3,4,5,1,13,13,4,2,0,10,1350,1292,536,418,501,183,6,5,13,2,12,5,5,0,2,0,755,14,19,574,173,282,2,121,11,158,2,8,57,37,0,5,119,74,2,251,29,0,0,17,0,2,0,41,16,1,0,8,545,23,4,223,0,17,0,0,0,0,0,0,0,3,0,0,0,0,0,0,14,0,0,0,0,0,0,0,0,0,0,0,0,111,12,16,0,0,0,0,0,0,0,0,0,0,0,0,5924,2800,1757,6757,186,47,8,817,62,3,54,123,496,171,0,830,1359,433,123,1430,2,20,11,262,21,0,0,195,101,7,1,56,1943,876,1149,2968,287,5,14,1214,133,17,3,360,124,63,6,237,462,16,0,134,0,0,0,0,0,0,0,0,0,6,0,11,5722,2689,1731,7114,292,0,3,340,620,216,475,720,213,64,37,158,0,0,3,26,0,162,0,5,0,0,0,0,0,0,0,0,231,0,3,15,0,0,0,0,3,0,0,1,0,0,0,0,3338,890,261,874,466,26,30,270,35,0,16,183,6,305,0,59,1176,434,440,706,124,22,0,30,97,2,4,88,25,3,0
0,22,0,242,133,0,0,0,0,0,0,0,0,0,0,0,0,436,0,0,128,5,153,0,22,0,0,0,0,0,0,0,0,12,75,25,57,0,0,0,0,0,2,0,0,0,0,4,19,294,240,228,307,32,285,8,20,0,0,0,0,0,0,0,0,22,22,14,38,0,12,0,0,0,0,8,0,0,0,0,0,15,114,0,7,0,0,0,13,0,0,0,0,0,0,0,0,545,24,81,55,173,53,13,13,0,0,0,0,0,0,0,0,62,53,0,83,0,0,0,9,0,0,0,0,0,0,0,9,265,7,1,36,2,0,0,0,0,3,0,0,0,0,0,0,0,4,0,0,0,0,0,0,0,0,0,0,0,0,0,0,712,155,0,3,0,0,0,2,0,0,0,0,0,0,0,0,256,477,2,151,0,0,0,49,0,0,0,8,0,8,0,0,0,0,0,0,0,0,0,0,0,0,0,0,0,0,0,1,15,1,26,34,0,0,0,26,6,10,0,90,0,0,0,0,159,12,6,54,0,1,0,0,2,2,0,6,14,0,0,5,0,13,0,0,0,0,0,0,7,0,0,0,0,0,0,0,441,20,0,31,0,5,0,0,6,0,0,1,0,0,0,0,19,18,0,35,0,0,0,1,23,1,0,0,0,1,0,9,55,22,10,89,8,0,0,1,0,0,0,0,17,0,0,0,3,1,3,0,1,1,0,0,0,0,0,0,0,0,0,0,4,168,101,57,0,0,0,0,0,6,0,0,0,0,0,0,8,1,1,115,11,65,2,14,16,0,0,0,0,0,0,0,140,44,2,121,0,0,0,5,0,0,0,0,0,0,0,0,9,0,0,3,0,0,0,0,0,0,0,0,13,0,0,0,36,4,2,36,0,0,10,6,0,0,0,4,0,0,0,64,24,1,0,19,0,0,0,109,0,0,0,1,0,0,0,2,35,8,0,10,1,0,0,0,0,1,0,0,0,0,0,0,0,0,0,17,0,0,0,0,0,0,0,0,0,0,0,0,0,0,0,0,0,0,0,2,0,0,0,0,0,0,2,0,39,39,16,156,0,0,0,0,0,0,0,6,0,0,0,0,32,987,27,56,0,13,0,4,0,0,0,0,0,0,0,0,131,0,1,36,113,0,0,0,0,0,0,0,0,0,0,0,0,0,10,304,0,0,0,128,0,0,0,0,0,0,0,0,143,70,0,95,0,0,0,0,0,0,0,0,0,0,0,0,297,33,0,37,19,0,0,0,0,0,0,0,0,0,0,0,25,3,0,16,0,0,1,0,8,0,0,12,0,0,0,0,634,22,22,69,11,14,0,3,200,0,0,39,0,0,0,0,57,7,0,197,36,0,0,2,0,4,0,0,0,0,0,109,1,0,21,18,1,0,0,4,0,0,0,0,0,0,0,0,11,0,0,4,0,0,0,3,0,0,0,0,0,0,0,0,1997,980,454,1290,36,14,13,418,220,0,0,53,2,35,0,168,291,12,125,93,0,0,4,2,1,0,0,6,0,0,0,2,2737,584,696,1671,500,112,464,192,41,504,66,270,0,0,0,4,198,11,6,204,183,10,17,25,0,0,2,11,0,0,0,0,4521,881,1856,2447,410,134,212,76,424,5,163,0,342,3,0,260,4360,2192,2323,6469,367,5,575,1028,33,20,379,271,376,0,0,5,0,16,3,4,0,0,0,6,2,0,0,0,0,0,0,0,753,34,12,115,19,1,0,22,1,0,0,2,0,0,0,0,371,6,8,30,184,3,3,4,5,1,13,13,4,2,0,10,1350,1292,535,417,501,183,6,5,13,2,12,5,5,0,2,0,755,14,19,574,173,282,2,121,11,158,2,8,57,37,0,5,119,74,2,251,29,0,0,17,0,2,0,41,16,1,0,8,545,23,4,223,0,17,0,0,0,0,0,0,0,3,0,0,0,0,0,0,14,0,0,0,0,0,0,0,0,0,0,0,0,111,12,16,0,0,0,0,0,0,0,0,0,0,0,0,5925,2800,1757,6757,186,47,8,817,62,3,54,123,496,171,0,830,1359,433,123,1430,2,20,11,262,21,0,0,195,101,7,1,56,1943,876,1149,2968,287,5,14,1214,133,17,3,360,124,63,6,237,462,16,0,134,0,0,0,0,0,0,0,0,0,6,0,11,5723,2689,1731,7113,292,0,3,340,620,216,475,720,213,64,37,158,0,0,3,26,0,162,0,5,0,0,0,0,0,0,0,0,231,0,3,15,0,0,0,0,3,0,0,1,0,0,0,0,3338,890,261,874,466,26,30,270,35,0,16,183,6,305,0,59,1176,434,440,706,124,22,0,30,97,2,4,88,25,3,0
0,22,0,242,133,0,0,0,0,0,0,0,0,0,0,0,0,436,0,0,128,5,153,0,22,0,0,0,0,0,0,0,0,12,75,25,57,0,0,0,0,0,2,0,0,0,0,4,19,294,240,228,307,32,285,8,20,0,0,0,0,0,0,0,0,22,22,14,38,0,12,0,0,0,0,8,0,0,0,0,0,15,114,0,7,0,0,0,13,0,0,0,0,0,0,0,0,545,24,81,55,173,53,13,13,0,0,0,0,0,0,0,0,62,53,0,83,0,0,0,9,0,0,0,0,0,0,0,9,265,7,1,36,2,0,0,0,0,3,0,0,0,0,0,0,0,4,0,0,0,0,0,0,0,0,0,0,0,0,0,0,712,155,0,3,0,0,0,2,0,0,0,0,0,0,0,0,256,477,2,151,0,0,0,49,0,0,0,8,0,8,0,0,0,0,0,0,0,0,0,0,0,0,0,0,0,0,0,1,15,1,26,34,0,0,0,26,6,10,0,90,0,0,0,0,159,12,6,54,0,1,0,0,2,2,0,6,14,0,0,5,0,13,0,0,0,0,0,0,7,0,0,0,0,0,0,0,441,20,0,31,0,5,0,0,6,0,0,1,0,0,0,0,19,18,0,35,0,0,0,1,23,1,0,0,0,1,0,9,55,22,10,89,8,0,0,1,0,0,0,0,17,0,0,0,3,1,3,0,1,1,0,0,0,0,0,0,0,0,0,0,4,168,101,57,0,0,0,0,0,6,0,0,0,0,0,0,8,1,1,115,11,65,2,14,16,0,0,0,0,0,0,0,140,44,2,121,0,0,0,5,0,0,0,0,0,0,0,0,9,0,0,3,0,0,0,0,0,0,0,0,13,0,0,0,36,4,2,36,0,0,10,6,0,0,0,4,0,0,0,64,24,1,0,19,0,0,0,109,0,0,0,1,0,0,0,2,35,8,0,10,1,0,0,0,0,1,0,0,0,0,0,0,0,0,0,17,0,0,0,0,0,0,0,0,0,0,0,0,0,0,0,0,0,0,0,2,0,0,0,0,0,0,2,0,39,39,16,156,0,0,0,0,0,0,0,6,0,0,0,0,32,987,27,56,0,13,0,4,0,0,0,0,0,0,0,0,131,0,1,36,113,0,0,0,0,0,0,0,0,0,0,0,0,0,10,304,0,0,0,128,0,0,0,0,0,0,0,0,143,70,0,95,0,0,0,0,0,0,0,0,0,0,0,0,297,33,0,37,19,0,0,0,0,0,0,0,0,0,0,0,25,3,0,16,0,0,1,0,8,0,0,12,0,0,0,0,634,22,22,69,11,14,0,3,200,0,0,39,0,0,0,0,57,7,0,197,36,0,0,2,0,4,0,0,0,0,0,109,1,0,21,18,1,0,0,4,0,0,0,0,0,0,0,0,11,0,0,4,0,0,0,3,0,0,0,0,0,0,0,0,1997,980,454,1290,36,14,13,418,220,0,0,53,2,35,0,168,291,12,125,93,0,0,4,2,1,0,0,6,0,0,0,2,2737,584,696,1671,500,112,464,192,41,504,66,270,0,0,0,4,198,11,6,204,183,10,17,25,0,0,2,11,0,0,0,0,4521,881,1855,2447,410,134,212,76,424,5,163,0,342,3,0,260,4360,2192,2323,6469,367,5,575,1028,33,20,379,271,376,0,0,5,0,16,3,4,0,0,0,6,2,0,0,0,0,0,0,0,753,34,12,115,19,1,0,22,1,0,0,2,0,0,0,0,371,6,8,30,184,3,3,4,5,1,13,13,4,2,0,10,1350,1292,535,417,501,183,6,5,13,2,12,5,5,0,2,0,755,14,19,574,173,282,2,121,11,158,2,8,57,37,0,5,119,74,2,251,29,0,0,17,0,2,0,41,16,1,0,8,545,23,4,223,0,17,0,0,0,0,0,0,0,3,0,0,0,0,0,0,14,0,0,0,0,0,0,0,0,0,0,0,0,111,12,16,0,0,0,0,0,0,0,0,0,0,0,0,5924,2800,1757,6757,186,47,8,817,62,3,54,123,496,171,0,830,1359,433,123,1430,2,20,11,262,21,0,0,195,101,7,1,56,1943,876,1149,2968,287,5,14,1214,133,17,3,360,124,63,6,237,462,16,0,134,0,0,0,0,0,0,0,0,0,6,0,11,5722,2689,1731,7113,292,0,3,340,620,216,475,720,213,64,37,158,0,0,3,26,0,162,0,5,0,0,0,0,0,0,0,0,231,0,3,15,0,0,0,0,3,0,0,1,0,0,0,0,3338,890,261,874,466,26,30,270,35,0,16,183,6,305,0,59,1176,434,440,706,124,22,0,30,97,2,4,88,25,3,0
0,22,0,242,133,0,0,0,0,0,0,0,0,0,0,0,0,436,0,0,128,5,153,0,22,0,0,0,0,0,0,0,0,12,75,25,57,0,0,0,0,0,2,0,0,0,0,4,19,294,240,228,307,32,285,8,20,0,0,0,0,0,0,0,0,22,22,14,38,0,12,0,0,0,0,8,0,0,0,0,0,15,114,0,7,0,0,0,13,0,0,0,0,0,0,0,0,545,24,81,55,173,53,13,13,0,0,0,0,0,0,0,0,62,53,0,83,0,0,0,9,0,0,0,0,0,0,0,9,265,7,1,36,2,0,0,0,0,3,0,0,0,0,0,0,0,4,0,0,0,0,0,0,0,0,0,0,0,0,0,0,712,155,0,3,0,0,0,2,0,0,0,0,0,0,0,0,256,477,2,151,0,0,0,49,0,0,0,8,0,8,0,0,0,0,0,0,0,0,0,0,0,0,0,0,0,0,0,1,15,1,26,34,0,0,0,26,6,10,0,90,0,0,0,0,159,12,6,54,0,1,0,0,2,2,0,6,14,0,0,5,0,13,0,0,0,0,0,0,7,0,0,0,0,0,0,0,441,20,0,31,0,5,0,0,6,0,0,1,0,0,0,0,19,18,0,35,0,0,0,1,23,1,0,0,0,1,0,9,55,22,10,89,8,0,0,1,0,0,0,0,17,0,0,0,3,1,3,0,1,1,0,0,0,0,0,0,0,0,0,0,4,168,101,57,0,0,0,0,0,6,0,0,0,0,0,0,8,1,1,115,11,65,2,14,16,0,0,0,0,0,0,0,140,44,2,121,0,0,0,5,0,0,0,0,0,0,0,0,9,0,0,3,0,0,0,0,0,0,0,0,13,0,0,0,36,4,2,36,0,0,10,6,0,0,0,4,0,0,0,64,24,1,0,19,0,0,0,109,0,0,0,1,0,0,0,2,35,8,0,10,1,0,0,0,0,1,0,0,0,0,0,0,0,0,0,17,0,0,0,0,0,0,0,0,0,0,0,0,0,0,0,0,0,0,0,2,0,0,0,0,0,0,2,0,39,39,16,156,0,0,0,0,0,0,0,6,0,0,0,0,32,987,27,56,0,13,0,4,0,0,0,0,0,0,0,0,131,0,1,36,113,0,0,0,0,0,0,0,0,0,0,0,0,0,10,304,0,0,0,128,0,0,0,0,0,0,0,0,143,70,0,95,0,0,0,0,0,0,0,0,0,0,0,0,297,33,0,37,19,0,0,0,0,0,0,0,0,0,0,0,25,3,0,16,0,0,1,0,8,0,0,12,0,0,0,0,634,22,22,69,11,14,0,3,200,0,0,39,0,0,0,0,57,7,0,197,36,0,0,2,0,4,0,0,0,0,0,109,1,0,21,18,1,0,0,4,0,0,0,0,0,0,0,0,11,0,0,4,0,0,0,3,0,0,0,0,0,0,0,0,1997,980,454,1290,36,14,13,418,220,0,0,53,2,35,0,168,291,12,125,93,0,0,4,2,1,0,0,6,0,0,0,2,2737,584,696,1671,500,112,464,192,41,504,66,270,0,0,0,4,198,11,6,204,183,10,17,25,0,0,2,11,0,0,0,0,4521,881,1855,2447,410,134,212,76,424,5,163,0,342,3,0,260,4360,2192,2323,6469,367,5,575,1028,33,20,379,271,376,0,0,5,0,16,3,4,0,0,0,6,2,0,0,0,0,0,0,0,753,34,12,115,19,1,0,22,1,0,0,2,0,0,0,0,371,6,8,30,184,3,3,4,5,1,13,13,4,2,0,10,1350,1292,535,417,501,183,6,5,13,2,12,5,5,0,2,0,755,14,19,574,173,282,2,121,11,158,2,8,57,37,0,5,119,74,2,251,29,0,0,17,0,2,0,41,16,1,0,8,545,23,4,223,0,17,0,0,0,0,0,0,0,3,0,0,0,0,0,0,14,0,0,0,0,0,0,0,0,0,0,0,0,111,12,16,0,0,0,0,0,0,0,0,0,0,0,0,5924,2800,1757,6757,186,47,8,817,62,3,54,123,496,171,0,830,1359,433,123,1430,2,20,11,262,21,0,0,195,101,7,1,56,1943,876,1149,2968,287,5,14,1214,133,17,3,360,124,63,6,237,462,16,0,134,0,0,0,0,0,0,0,0,0,6,0,11,5722,2689,1731,7113,292,0,3,340,620,216,475,720,213,64,37,158,0,0,3,26,0,162,0,5,0,0,0,0,0,0,0,0,231,0,3,15,0,0,0,0,3,0,0,1,0,0,0,0,3338,890,261,874,466,26,30,270,35,0,16,183,6,305,0,59,1176,434,440,706,124,22,0,30,97,2,4,88,25,3,0
0,22,0,242,133,0,0,0,0,0,0,0,0,0,0,0,0,436,0,0,128,5,153,0,22,0,0,0,0,0,0,0,0,12,75,25,57,0,0,0,0,0,2,0,0,0,0,4,19,294,240,228,307,32,285,8,20,0,0,0,0,0,0,0,0,22,22,14,38,0,12,0,0,0,0,8,0,0,0,0,0,15,114,0,7,0,0,0,13,0,0,0,0,0,0,0,0,545,24,81,55,173,53,13,13,0,0,0,0,0,0,0,0,62,53,0,83,0,0,0,9,0,0,0,0,0,0,0,9,265,7,1,36,2,0,0,0,0,3,0,0,0,0,0,0,0,4,0,0,0,0,0,0,0,0,0,0,0,0,0,0,712,155,0,3,0,0,0,2,0,0,0,0,0,0,0,0,256,477,2,151,0,0,0,49,0,0,0,8,0,8,0,0,0,0,0,0,0,0,0,0,0,0,0,0,0,0,0,1,15,1,26,34,0,0,0,26,6,10,0,90,0,0,0,0,159,12,6,54,0,1,0,0,2,2,0,6,14,0,0,5,0,13,0,0,0,0,0,0,7,0,0,0,0,0,0,0,441,20,0,31,0,5,0,0,6,0,0,1,0,0,0,0,19,18,0,35,0,0,0,1,23,1,0,0,0,1,0,9,55,22,10,89,8,0,0,1,0,0,0,0,17,0,0,0,3,1,3,0,1,1,0,0,0,0,0,0,0,0,0,0,4,168,101,57,0,0,0,0,0,6,0,0,0,0,0,0,8,1,1,115,11,65,2,14,16,0,0,0,0,0,0,0,140,44,2,121,0,0,0,5,0,0,0,0,0,0,0,0,9,0,0,3,0,0,0,0,0,0,0,0,13,0,0,0,36,4,2,36,0,0,10,6,0,0,0,4,0,0,0,64,24,1,0,19,0,0,0,109,0,0,0,1,0,0,0,2,35,8,0,10,1,0,0,0,0,1,0,0,0,0,0,0,0,0,0,17,0,0,0,0,0,0,0,0,0,0,0,0,0,0,0,0,0,0,0,2,0,0,0,0,0,0,2,0,39,39,16,156,0,0,0,0,0,0,0,6,0,0,0,0,32,988,27,56,0,13,0,4,0,0,0,0,0,0,0,0,131,0,1,36,113,0,0,0,0,0,0,0,0,0,0,0,0,0,10,304,0,0,0,128,0,0,0,0,0,0,0,0,143,70,0,95,0,0,0,0,0,0,0,0,0,0,0,0,297,33,0,37,19,0,0,0,0,0,0,0,0,0,0,0,25,3,0,16,0,0,1,0,8,0,0,12,0,0,0,0,634,22,22,69,11,14,0,3,200,0,0,39,0,0,0,0,57,7,0,197,36,0,0,2,0,4,0,0,0,0,0,109,1,0,21,18,1,0,0,4,0,0,0,0,0,0,0,0,11,0,0,4,0,0,0,3,0,0,0,0,0,0,0,0,1997,980,454,1290,36,14,13,418,220,0,0,53,2,35,0,168,291,12,125,93,0,0,4,2,1,0,0,6,0,0,0,2,2738,584,696,1671,500,112,465,192,41,505,66,270,0,0,0,4,198,11,6,204,183,10,17,25,0,0,2,11,0,0,0,0,4522,881,1855,2447,410,134,212,76,424,5,163,0,342,3,0,260,4360,2192,2324,6469,367,5,576,1029,33,20,379,271,376,0,0,5,0,16,3,4,0,0,0,6,2,0,0,0,0,0,0,0,753,34,12,115,19,1,0,22,1,0,0,2,0,0,0,0,371,6,8,30,184,3,3,4,5,1,13,13,4,2,0,10,1350,1293,535,417,501,183,6,5,13,2,12,5,5,0,2,0,756,14,19,575,173,282,2,121,11,158,2,8,57,37,0,5,119,74,2,251,29,0,0,17,0,2,0,41,16,1,0,8,545,23,4,223,0,17,0,0,0,0,0,0,0,3,0,0,0,0,0,0,14,0,0,0,0,0,0,0,0,0,0,0,0,111,12,16,0,0,0,0,0,0,0,0,0,0,0,0,5926,2800,1758,6759,186,47,8,818,62,3,54,123,496,171,0,830,1359,433,123,1430,2,20,11,262,21,0,0,195,101,7,1,56,1944,876,1149,2968,287,5,14,1216,133,17,3,360,124,63,6,237,462,16,0,134,0,0,0,0,0,0,0,0,0,6,0,11,5722,2689,1731,7114,292,0,3,340,620,216,475,720,213,64,37,158,0,0,3,26,0,162,0,5,0,0,0,0,0,0,0,0,231,0,3,15,0,0,0,0,3,0,0,1,0,0,0,0,3338,890,261,874,466,26,30,270,35,0,16,183,6,305,0,59,1176,434,440,706,124,22,0,30,97,2,4,88,25,3,0
0,22,0,242,133,0,0,0,0,0,0,0,0,0,0,0,0,436,0,0,128,5,153,0,22,0,0,0,0,0,0,0,0,12,75,25,57,0,0,0,0,0,2,0,0,0,0,4,19,294,240,228,307,32,285,8,20,0,0,0,0,0,0,0,0,22,22,14,38,0,12,0,0,0,0,8,0,0,0,0,0,15,114,0,7,0,0,0,13,0,0,0,0,0,0,0,0,545,24,81,55,173,53,13,13,0,0,0,0,0,0,0,0,62,53,0,83,0,0,0,9,0,0,0,0,0,0,0,9,266,7,1,36,2,0,0,0,0,3,0,0,0,0,0,0,0,4,0,0,0,0,0,0,0,0,0,0,0,0,0,0,712,155,0,3,0,0,0,2,0,0,0,0,0,0,0,0,256,477,2,151,0,0,0,49,0,0,0,8,0,8,0,0,0,0,0,0,0,0,0,0,0,0,0,0,0,0,0,1,15,1,26,34,0,0,0,26,6,10,0,90,0,0,0,0,159,12,6,54,0,1,0,0,2,2,0,6,14,0,0,5,0,13,0,0,0,0,0,0,7,0,0,0,0,0,0,0,441,20,0,31,0,5,0,0,6,0,0,1,0,0,0,0,19,18,0,35,0,0,0,1,23,1,0,0,0,1,0,9,55,22,10,89,8,0,0,1,0,0,0,0,17,0,0,0,3,1,3,0,1,1,0,0,0,0,0,0,0,0,0,0,4,168,101,57,0,0,0,0,0,6,0,0,0,0,0,0,8,1,1,115,11,65,2,14,16,0,0,0,0,0,0,0,140,44,2,121,0,0,0,5,0,0,0,0,0,0,0,0,9,0,0,3,0,0,0,0,0,0,0,0,13,0,0,0,36,4,2,36,0,0,10,6,0,0,0,4,0,0,0,64,24,1,0,19,0,0,0,109,0,0,0,1,0,0,0,2,35,8,0,10,1,0,0,0,0,1,0,0,0,0,0,0,0,0,0,17,0,0,0,0,0,0,0,0,0,0,0,0,0,0,0,0,0,0,0,2,0,0,0,0,0,0,2,0,39,39,16,156,0,0,0,0,0,0,0,6,0,0,0,0,32,987,27,56,0,13,0,4,0,0,0,0,0,0,0,0,131,0,1,36,113,0,0,0,0,0,0,0,0,0,0,0,0,0,10,304,0,0,0,128,0,0,0,0,0,0,0,0,143,70,0,95,0,0,0,0,0,0,0,0,0,0,0,0,297,33,0,37,19,0,0,0,0,0,0,0,0,0,0,0,25,3,0,16,0,0,1,0,8,0,0,12,0,0,0,0,634,22,22,69,11,14,0,3,200,0,0,39,0,0,0,0,57,7,0,197,36,0,0,2,0,4,0,0,0,0,0,109,1,0,21,18,1,0,0,4,0,0,0,0,0,0,0,0,11,0,0,4,0,0,0,3,0,0,0,0,0,0,0,0,1997,980,454,1290,36,14,13,418,220,0,0,53,2,35,0,168,291,12,125,93,0,0,4,2,1,0,0,6,0,0,0,2,2737,584,696,1671,500,112,464,192,41,504,66,270,0,0,0,4,198,11,6,204,183,10,17,25,0,0,2,11,0,0,0,0,4521,881,1855,2447,410,134,212,76,424,5,163,0,342,3,0,260,4360,2194,2324,6472,367,5,576,1028,33,20,379,272,376,0,0,5,0,16,3,4,0,0,0,6,2,0,0,0,0,0,0,0,753,34,12,115,19,1,0,22,1,0,0,2,0,0,0,0,371,6,8,30,184,3,3,4,5,1,13,13,4,2,0,10,1350,1292,535,417,501,183,6,5,13,2,12,5,5,0,2,0,755,14,19,574,173,282,2,121,11,158,2,8,57,37,0,5,119,74,2,251,29,0,0,17,0,2,0,41,16,1,0,8,545,23,4,223,0,17,0,0,0,0,0,0,0,3,0,0,0,0,0,0,14,0,0,0,0,0,0,0,0,0,0,0,0,111,12,16,0,0,0,0,0,0,0,0,0,0,0,0,5924,2800,1757,6757,186,47,8,817,62,3,54,123,496,171,0,830,1359,433,123,1430,2,20,11,262,21,0,0,195,101,7,1,56,1943,878,1149,2968,287,5,14,1214,133,17,3,362,124,63,6,237,462,16,0,134,0,0,0,0,0,0,0,0,0,6,0,11,5722,2689,1731,7117,292,0,3,340,621,216,476,720,213,64,37,158,0,0,3,26,0,163,0,5,0,0,0,0,0,0,0,0,231,0,3,15,0,0,0,0,3,0,0,1,0,0,0,0,3338,890,261,874,466,26,30,270,35,0,16,183,6,305,0,59,1176,434,440,706,124,22,0,30,97,2,4,88,25,3,0
0,22,0,242,133,0,0,0,0,0,0,0,0,0,0,0,0,437,0,0,128,5,153,0,22,0,0,0,0,0,0,0,0,12,75,25,57,0,0,0,0,0,2,0,0,0,0,4,19,294,240,229,307,32,285,8,20,0,0,0,0,0,0,0,0,22,22,14,38,0,12,0,0,0,0,8,0,0,0,0,0,15,114,0,7,0,0,0,13,0,0,0,0,0,0,0,0,545,24,81,55,174,53,13,13,0,0,0,0,0,0,0,0,62,53,0,83,0,0,0,9,0,0,0,0,0,0,0,9,265,7,1,36,2,0,0,0,0,3,0,0,0,0,0,0,0,4,0,0,0,0,0,0,0,0,0,0,0,0,0,0,712,155,0,3,0,0,0,2,0,0,0,0,0,0,0,0,256,477,2,151,0,0,0,49,0,0,0,8,0,8,0,0,0,0,0,0,0,0,0,0,0,0,0,0,0,0,0,1,15,1,26,34,0,0,0,26,6,10,0,90,0,0,0,0,159,12,6,54,0,1,0,0,2,2,0,6,14,0,0,5,0,13,0,0,0,0,0,0,7,0,0,0,0,0,0,0,441,20,0,31,0,5,0,0,6,0,0,1,0,0,0,0,19,18,0,35,0,0,0,1,23,1,0,0,0,1,0,9,55,22,10,89,8,0,0,1,0,0,0,0,17,0,0,0,3,1,3,0,1,1,0,0,0,0,0,0,0,0,0,0,4,168,101,57,0,0,0,0,0,6,0,0,0,0,0,0,8,1,1,115,11,65,2,14,16,0,0,0,0,0,0,0,140,44,2,121,0,0,0,5,0,0,0,0,0,0,0,0,9,0,0,3,0,0,0,0,0,0,0,0,13,0,0,0,36,4,2,36,0,0,10,6,0,0,0,4,0,0,0,64,24,1,0,19,0,0,0,109,0,0,0,1,0,0,0,2,35,8,0,10,1,0,0,0,0,1,0,0,0,0,0,0,0,0,0,17,0,0,0,0,0,0,0,0,0,0,0,0,0,0,0,0,0,0,0,2,0,0,0,0,0,0,2,0,39,39,16,156,0,0,0,0,0,0,0,6,0,0,0,0,32,987,27,56,0,13,0,4,0,0,0,0,0,0,0,0,131,0,1,36,113,0,0,0,0,0,0,0,0,0,0,0,0,0,10,304,0,0,0,128,0,0,0,0,0,0,0,0,143,70,0,95,0,0,0,0,0,0,0,0,0,0,0,0,297,33,0,37,19,0,0,0,0,0,0,0,0,0,0,0,25,3,0,16,0,0,1,0,8,0,0,12,0,0,0,0,634,22,22,69,11,14,0,3,200,0,0,39,0,0,0,0,57,7,0,197,36,0,0,2,0,4,0,0,0,0,0,109,1,0,21,18,1,0,0,4,0,0,0,0,0,0,0,0,11,0,0,4,0,0,0,3,0,0,0,0,0,0,0,0,1997,980,454,1290,36,14,13,418,220,0,0,53,2,35,0,168,291,12,125,93,0,0,4,2,1,0,0,6,0,0,0,2,2737,584,696,1671,500,112,464,192,41,504,66,270,0,0,0,4,198,11,6,204,183,10,17,25,0,0,2,11,0,0,0,0,4521,881,1856,2447,410,134,212,76,424,5,163,0,342,3,0,260,4360,2192,2323,6470,367,5,575,1029,33,20,379,271,376,0,0,5,0,16,3,4,0,0,0,6,2,0,0,0,0,0,0,0,753,34,12,115,19,1,0,22,1,0,0,2,0,0,0,0,371,6,8,30,184,3,3,4,5,1,13,13,4,2,0,10,1350,1292,535,417,501,183,6,5,13,2,12,5,5,0,2,0,755,14,19,574,173,282,2,121,11,158,2,8,57,37,0,5,119,74,2,251,29,0,0,17,0,2,0,41,16,1,0,8,545,23,4,223,0,17,0,0,0,0,0,0,0,3,0,0,0,0,0,0,14,0,0,0,0,0,0,0,0,0,0,0,0,111,12,16,0,0,0,0,0,0,0,0,0,0,0,0,5925,2800,1757,6757,186,47,8,817,62,3,54,123,496,171,0,830,1359,433,123,1430,2,20,11,262,21,0,0,195,101,7,1,56,1943,876,1149,2968,287,5,14,1214,133,17,3,360,124,63,6,237,462,16,0,134,0,0,0,0,0,0,0,0,0,6,0,11,5723,2689,1731,7113,292,0,3,340,621,216,475,720,213,64,37,158,0,0,3,26,0,162,0,5,0,0,0,0,0,0,0,0,231,0,3,15,0,0,0,0,3,0,0,1,0,0,0,0,3338,890,261,874,466,26,30,270,35,0,16,183,6,305,0,59,1176,434,440,706,124,22,0,30,97,2,4,88,25,3,0
0,22,0,242,133,0,0,0,0,0,0,0,0,0,0,0,0,436,0,0,128,5,153,0,22,0,0,0,0,0,0,0,0,12,75,25,57,0,0,0,0,0,2,0,0,0,0,4,19,294,240,228,307,32,285,8,20,0,0,0,0,0,0,0,0,22,22,14,38,0,12,0,0,0,0,8,0,0,0,0,0,15,114,0,7,0,0,0,13,0,0,0,0,0,0,0,0,545,24,81,55,173,53,13,13,0,0,0,0,0,0,0,0,62,53,0,83,0,0,0,9,0,0,0,0,0,0,0,9,265,7,1,36,2,0,0,0,0,3,0,0,0,0,0,0,0,4,0,0,0,0,0,0,0,0,0,0,0,0,0,0,712,155,0,3,0,0,0,2,0,0,0,0,0,0,0,0,256,477,2,151,0,0,0,49,0,0,0,8,0,8,0,0,0,0,0,0,0,0,0,0,0,0,0,0,0,0,0,1,15,1,26,34,0,0,0,26,6,10,0,90,0,0,0,0,159,12,6,54,0,1,0,0,2,2,0,6,14,0,0,5,0,13,0,0,0,0,0,0,7,0,0,0,0,0,0,0,441,20,0,31,0,5,0,0,6,0,0,1,0,0,0,0,19,18,0,35,0,0,0,1,23,1,0,0,0,1,0,9,55,22,10,89,8,0,0,1,0,0,0,0,17,0,0,0,3,1,3,0,1,1,0,0,0,0,0,0,0,0,0,0,4,168,101,57,0,0,0,0,0,6,0,0,0,0,0,0,8,1,1,115,11,65,2,14,16,0,0,0,0,0,0,0,140,44,2,121,0,0,0,5,0,0,0,0,0,0,0,0,9,0,0,3,0,0,0,0,0,0,0,0,13,0,0,0,36,4,2,36,0,0,10,6,0,0,0,4,0,0,0,64,24,1,0,19,0,0,0,109,0,0,0,1,0,0,0,2,35,8,0,10,1,0,0,0,0,1,0,0,0,0,0,0,0,0,0,17,0,0,0,0,0,0,0,0,0,0,0,0,0,0,0,0,0,0,0,2,0,0,0,0,0,0,2,0,39,39,16,156,0,0,0,0,0,0,0,6,0,0,0,0,32,987,27,56,0,13,0,4,0,0,0,0,0,0,0,0,131,0,1,36,113,0,0,0,0,0,0,0,0,0,0,0,0,0,10,304,0,0,0,128,0,0,0,0,0,0,0,0,143,70,0,95,0,0,0,0,0,0,0,0,0,0,0,0,297,33,0,37,19,0,0,0,0,0,0,0,0,0,0,0,25,3,0,16,0,0,1,0,8,0,0,12,0,0,0,0,634,22,22,69,11,14,0,3,200,0,0,39,0,0,0,0,57,7,0,197,36,0,0,2,0,4,0,0,0,0,0,109,1,0,21,18,1,0,0,4,0,0,0,0,0,0,0,0,11,0,0,4,0,0,0,3,0,0,0,0,0,0,0,0,1997,980,454,1290,36,14,13,418,220,0,0,53,2,35,0,168,291,12,125,93,0,0,4,2,1,0,0,6,0,0,0,2,2737,584,696,1671,500,112,464,192,41,504,66,270,0,0,0,4,198,11,6,204,183,10,17,25,0,0,2,11,0,0,0,0,4523,881,1855,2447,410,134,212,76,424,5,163,0,342,3,0,260,4361,2193,2323,6469,367,5,575,1028,33,20,379,271,376,0,0,5,0,16,3,4,0,0,0,6,2,0,0,0,0,0,0,0,753,34,12,115,19,1,0,22,1,0,0,2,0,0,0,0,371,6,8,30,184,3,3,4,5,1,13,13,4,2,0,10,1350,1292,535,417,501,183,6,5,13,2,12,5,5,0,2,0,755,14,19,574,173,282,2,121,11,158,2,8,57,37,0,5,119,74,2,251,29,0,0,17,0,2,0,41,16,1,0,8,545,23,4,223,0,17,0,0,0,0,0,0,0,3,0,0,0,0,0,0,14,0,0,0,0,0,0,0,0,0,0,0,0,111,12,16,0,0,0,0,0,0,0,0,0,0,0,0,5924,2800,1757,6757,186,47,8,817,62,3,54,123,496,171,0,830,1359,433,123,1430,2,20,11,262,21,0,0,195,101,7,1,56,1943,876,1149,2968,287,5,14,1214,133,17,3,360,124,63,6,237,462,16,0,134,0,0,0,0,0,0,0,0,0,6,0,11,5724,2689,1731,7113,292,0,3,340,620,216,475,720,213,64,37,158,0,0,3,26,0,162,0,5,0,0,0,0,0,0,0,0,231,0,3,15,0,0,0,0,3,0,0,1,0,0,0,0,3338,890,261,874,466,26,30,270,35,0,16,183,6,305,0,59,1176,434,440,706,124,22,0,30,97,2,4,88,25,3,0
0,22,0,242,133,0,0,0,0,0,0,0,0,0,0,0,0,436,0,0,128,5,153,0,22,0,0,0,0,0,0,0,0,12,75,25,57,0,0,0,0,0,2,0,0,0,0,4,19,294,240,228,307,32,285,8,20,0,0,0,0,0,0,0,0,22,22,14,38,0,12,0,0,0,0,8,0,0,0,0,0,15,114,0,7,0,0,0,13,0,0,0,0,0,0,0,0,545,24,81,55,173,53,13,13,0,0,0,0,0,0,0,0,62,53,0,83,0,0,0,9,0,0,0,0,0,0,0,9,265,7,1,36,2,0,0,0,0,3,0,0,0,0,0,0,0,4,0,0,0,0,0,0,0,0,0,0,0,0,0,0,712,155,0,3,0,0,0,2,0,0,0,0,0,0,0,0,256,477,2,151,0,0,0,49,0,0,0,8,0,8,0,0,0,0,0,0,0,0,0,0,0,0,0,0,0,0,0,1,15,1,26,34,0,0,0,26,6,10,0,90,0,0,0,0,159,12,6,54,0,1,0,0,2,2,0,6,14,0,0,5,0,13,0,0,0,0,0,0,7,0,0,0,0,0,0,0,441,20,0,31,0,5,0,0,6,0,0,1,0,0,0,0,19,18,0,35,0,0,0,1,23,1,0,0,0,1,0,9,55,22,10,89,8,0,0,1,0,0,0,0,17,0,0,0,3,1,3,0,1,1,0,0,0,0,0,0,0,0,0,0,4,168,101,57,0,0,0,0,0,6,0,0,0,0,0,0,8,1,1,115,11,65,2,14,16,0,0,0,0,0,0,0,140,44,2,121,0,0,0,5,0,0,0,0,0,0,0,0,9,0,0,3,0,0,0,0,0,0,0,0,13,0,0,0,36,4,2,36,0,0,10,6,0,0,0,4,0,0,0,64,24,1,0,19,0,0,0,109,0,0,0,1,0,0,0,2,35,8,0,10,1,0,0,0,0,1,0,0,0,0,0,0,0,0,0,17,0,0,0,0,0,0,0,0,0,0,0,0,0,0,0,0,0,0,0,2,0,0,0,0,0,0,2,0,39,39,16,156,0,0,0,0,0,0,0,6,0,0,0,0,32,987,27,56,0,13,0,4,0,0,0,0,0,0,0,0,131,0,1,36,113,0,0,0,0,0,0,0,0,0,0,0,0,0,10,304,0,0,0,128,0,0,0,0,0,0,0,0,143,70,0,95,0,0,0,0,0,0,0,0,0,0,0,0,297,33,0,37,19,0,0,0,0,0,0,0,0,0,0,0,25,3,0,16,0,0,1,0,8,0,0,12,0,0,0,0,634,22,22,69,11,14,0,3,200,0,0,39,0,0,0,0,57,7,0,197,36,0,0,2,0,4,0,0,0,0,0,109,1,0,21,18,1,0,0,4,0,0,0,0,0,0,0,0,11,0,0,4,0,0,0,3,0,0,0,0,0,0,0,0,1997,980,454,1290,36,14,13,418,220,0,0,53,2,35,0,168,291,12,125,93,0,0,4,2,1,0,0,6,0,0,0,2,2737,584,696,1671,500,112,464,192,41,504,66,270,0,0,0,4,198,11,6,204,183,10,17,25,0,0,2,11,0,0,0,0,4521,881,1855,2447,410,134,212,76,424,5,163,0,342,3,0,260,4360,2192,2323,6469,367,5,575,1028,33,20,379,271,376,0,0,5,0,16,3,4,0,0,0,6,2,0,0,0,0,0,0,0,753,34,12,115,19,1,0,22,1,0,0,2,0,0,0,0,371,6,8,30,184,3,3,4,5,1,13,13,4,2,0,10,1350,1292,535,417,501,183,6,5,13,2,12,5,5,0,2,0,755,14,19,574,173,282,2,121,11,158,2,8,57,37,0,5,119,74,2,251,29,0,0,17,0,2,0,41,16,1,0,8,545,23,4,223,0,17,0,0,0,0,0,0,0,3,0,0,0,0,0,0,14,0,0,0,0,0,0,0,0,0,0,0,0,111,12,16,0,0,0,0,0,0,0,0,0,0,0,0,5924,2800,1757,6757,186,47,8,817,62,3,54,123,496,171,0,830,1359,433,123,1430,2,20,11,262,21,0,0,195,101,7,1,56,1943,876,1149,2968,287,5,14,1214,133,17,3,360,124,63,6,237,462,16,0,134,0,0,0,0,0,0,0,0,0,6,0,11,5722,2689,1731,7113,292,0,3,340,620,216,475,720,213,64,37,158,0,0,3,26,0,162,0,5,0,0,0,0,0,0,0,0,231,0,3,15,0,0,0,0,3,0,0,1,0,0,0,0,3338,890,261,874,466,26,30,270,35,0,16,183,6,305,0,59,1176,434,440,706,124,22,0,30,97,2,4,88,25,3,0
0,22,0,242,133,0,0,0,0,0,0,0,0,0,0,0,0,436,0,0,128,5,153,0,22,0,0,0,0,0,0,0,0,12,75,25,57,0,0,0,0,0,2,0,0,0,0,4,19,294,240,228,307,32,285,8,20,0,0,0,0,0,0,0,0,22,22,14,38,0,12,0,0,0,0,8,0,0,0,0,0,15,114,0,7,0,0,0,13,0,0,0,0,0,0,0,0,545,24,81,55,173,53,13,13,0,0,0,0,0,0,0,0,62,53,0,83,0,0,0,9,0,0,0,0,0,0,0,9,265,7,1,36,2,0,0,0,0,3,0,0,0,0,0,0,0,4,0,0,0,0,0,0,0,0,0,0,0,0,0,0,712,155,0,3,0,0,0,2,0,0,0,0,0,0,0,0,256,477,2,151,0,0,0,49,0,0,0,8,0,8,0,0,0,0,0,0,0,0,0,0,0,0,0,0,0,0,0,1,15,1,26,34,0,0,0,26,6,10,0,90,0,0,0,0,159,12,6,54,0,1,0,0,2,2,0,6,14,0,0,5,0,13,0,0,0,0,0,0,7,0,0,0,0,0,0,0,441,20,0,31,0,5,0,0,6,0,0,1,0,0,0,0,19,18,0,35,0,0,0,1,23,1,0,0,0,1,0,9,55,22,10,89,8,0,0,1,0,0,0,0,17,0,0,0,3,1,3,0,1,1,0,0,0,0,0,0,0,0,0,0,4,168,101,57,0,0,0,0,0,6,0,0,0,0,0,0,8,1,1,115,11,65,2,14,16,0,0,0,0,0,0,0,140,44,2,121,0,0,0,5,0,0,0,0,0,0,0,0,9,0,0,3,0,0,0,0,0,0,0,0,13,0,0,0,36,4,2,36,0,0,10,6,0,0,0,4,0,0,0,64,24,1,0,19,0,0,0,109,0,0,0,1,0,0,0,2,35,8,0,10,1,0,0,0,0,1,0,0,0,0,0,0,0,0,0,17,0,0,0,0,0,0,0,0,0,0,0,0,0,0,0,0,0,0,0,2,0,0,0,0,0,0,2,0,39,39,16,156,0,0,0,0,0,0,0,6,0,0,0,0,32,987,27,56,0,13,0,4,0,0,0,0,0,0,0,0,131,0,1,36,113,0,0,0,0,0,0,0,0,0,0,0,0,0,10,304,0,0,0,128,0,0,0,0,0,0,0,0,143,70,0,95,0,0,0,0,0,0,0,0,0,0,0,0,297,33,0,37,19,0,0,0,0,0,0,0,0,0,0,0,25,3,0,16,0,0,1,0,8,0,0,12,0,0,0,0,634,22,22,69,11,14,0,3,200,0,0,39,0,0,0,0,57,7,0,197,36,0,0,2,0,4,0,0,0,0,0,109,1,0,21,18,1,0,0,4,0,0,0,0,0,0,0,0,11,0,0,4,0,0,0,3,0,0,0,0,0,0,0,0,1997,980,454,1290,36,14,13,418,220,0,0,53,2,35,0,168,291,12,125,93,0,0,4,2,1,0,0,6,0,0,0,2,2737,584,696,1671,500,112,464,192,41,504,66,270,0,0,0,4,198,11,6,204,183,10,17,25,0,0,2,11,0,0,0,0,4523,881,1855,2447,410,134,212,76,424,5,163,0,342,3,0,260,4361,2193,2323,6469,367,5,575,1028,33,20,379,271,376,0,0,5,0,16,3,4,0,0,0,6,2,0,0,0,0,0,0,0,753,34,12,115,19,1,0,22,1,0,0,2,0,0,0,0,371,6,8,30,184,3,3,4,5,1,13,13,4,2,0,10,1350,1292,535,417,501,183,6,5,13,2,12,5,5,0,2,0,755,14,19,574,173,282,2,121,11,158,2,8,57,37,0,5,119,74,2,251,29,0,0,17,0,2,0,41,16,1,0,8,545,23,4,223,0,17,0,0,0,0,0,0,0,3,0,0,0,0,0,0,14,0,0,0,0,0,0,0,0,0,0,0,0,111,12,16,0,0,0,0,0,0,0,0,0,0,0,0,5924,2800,1757,6757,186,47,8,817,62,3,54,123,496,171,0,830,1359,433,123,1430,2,20,11,262,21,0,0,195,101,7,1,56,1943,876,1149,2968,287,5,14,1214,133,17,3,360,124,63,6,237,462,16,0,134,0,0,0,0,0,0,0,0,0,6,0,11,5724,2689,1731,7113,292,0,3,340,620,216,475,720,213,64,37,158,0,0,3,26,0,162,0,5,0,0,0,0,0,0,0,0,231,0,3,15,0,0,0,0,3,0,0,1,0,0,0,0,3338,890,261,874,466,26,30,270,35,0,16,183,6,305,0,59,1176,434,440,706,124,22,0,30,97,2,4,88,25,3,0
0,22,0,242,133,0,0,0,0,0,0,0,0,0,0,0,0,436,0,0,128,5,153,0,22,0,0,0,0,0,0,0,0,12,75,25,57,0,0,0,0,0,2,0,0,0,0,4,19,294,240,228,307,32,285,8,20,0,0,0,0,0,0,0,0,22,22,14,38,0,12,0,0,0,0,8,0,0,0,0,0,15,114,0,7,0,0,0,13,0,0,0,0,0,0,0,0,545,24,81,55,173,53,13,13,0,0,0,0,0,0,0,0,62,53,0,83,0,0,0,9,0,0,0,0,0,0,0,9,265,7,1,36,2,0,0,0,0,3,0,0,0,0,0,0,0,4,0,0,0,0,0,0,0,0,0,0,0,0,0,0,712,155,0,3,0,0,0,2,0,0,0,0,0,0,0,0,256,477,2,151,0,0,0,49,0,0,0,8,0,8,0,0,0,0,0,0,0,0,0,0,0,0,0,0,0,0,0,1,15,1,26,34,0,0,0,26,6,10,0,90,0,0,0,0,159,12,6,54,0,1,0,0,2,2,0,6,14,0,0,5,0,13,0,0,0,0,0,0,7,0,0,0,0,0,0,0,441,20,0,31,0,5,0,0,6,0,0,1,0,0,0,0,19,18,0,35,0,0,0,1,23,1,0,0,0,1,0,9,55,22,10,89,8,0,0,1,0,0,0,0,17,0,0,0,3,1,3,0,1,1,0,0,0,0,0,0,0,0,0,0,4,168,101,57,0,0,0,0,0,6,0,0,0,0,0,0,8,1,1,115,11,65,2,14,16,0,0,0,0,0,0,0,140,44,2,121,0,0,0,5,0,0,0,0,0,0,0,0,9,0,0,3,0,0,0,0,0,0,0,0,13,0,0,0,36,4,2,36,0,0,10,6,0,0,0,4,0,0,0,64,24,1,0,19,0,0,0,109,0,0,0,1,0,0,0,2,35,8,0,10,1,0,0,0,0,1,0,0,0,0,0,0,0,0,0,17,0,0,0,0,0,0,0,0,0,0,0,0,0,0,0,0,0,0,0,2,0,0,0,0,0,0,2,0,39,39,16,156,0,0,0,0,0,0,0,6,0,0,0,0,32,987,27,56,0,13,0,4,0,0,0,0,0,0,0,0,131,0,1,36,113,0,0,0,0,0,0,0,0,0,0,0,0,0,10,304,0,0,0,128,0,0,0,0,0,0,0,0,143,70,0,95,0,0,0,0,0,0,0,0,0,0,0,0,297,33,0,37,19,0,0,0,0,0,0,0,0,0,0,0,25,3,0,16,0,0,1,0,8,0,0,12,0,0,0,0,634,22,22,69,11,14,0,3,200,0,0,39,0,0,0,0,57,7,0,197,36,0,0,2,0,4,0,0,0,0,0,109,1,0,21,18,1,0,0,4,0,0,0,0,0,0,0,0,11,0,0,4,0,0,0,3,0,0,0,0,0,0,0,0,1997,980,454,1290,36,14,13,418,220,0,0,53,2,35,0,168,291,12,125,93,0,0,4,2,1,0,0,6,0,0,0,2,2737,584,696,1671,500,112,464,192,41,504,66,270,0,0,0,4,198,11,6,204,183,10,17,25,0,0,2,11,0,0,0,0,4521,881,1856,2447,410,134,212,76,424,5,163,0,342,3,0,260,4360,2192,2323,6469,367,5,575,1028,33,20,379,271,376,0,0,5,0,16,3,4,0,0,0,6,2,0,0,0,0,0,0,0,753,34,12,115,19,1,0,22,1,0,0,2,0,0,0,0,371,6,8,30,184,3,3,4,5,1,13,13,4,2,0,10,1350,1292,535,417,501,183,6,5,13,2,12,5,5,0,2,0,755,14,19,574,173,282,2,121,11,158,2,8,57,37,0,5,119,74,2,251,29,0,0,17,0,2,0,41,16,1,0,8,545,23,4,223,0,17,0,0,0,0,0,0,0,3,0,0,0,0,0,0,14,0,0,0,0,0,0,0,0,0,0,0,0,111,12,16,0,0,0,0,0,0,0,0,0,0,0,0,5925,2800,1757,6757,186,47,8,817,62,3,54,123,496,171,0,830,1359,433,123,1430,2,20,11,262,21,0,0,195,101,7,1,56,1943,876,1149,2968,287,5,14,1214,133,17,3,360,124,63,6,237,462,16,0,134,0,0,0,0,0,0,0,0,0,6,0,11,5723,2689,1731,7113,292,0,3,340,620,216,475,720,213,64,37,158,0,0,3,26,0,162,0,5,0,0,0,0,0,0,0,0,231,0,3,15,0,0,0,0,3,0,0,1,0,0,0,0,3338,890,261,874,466,26,30,270,35,0,16,183,6,305,0,59,1176,434,440,706,124,22,0,30,97,2,4,88,25,3,0
0,22,0,242,133,0,0,0,0,0,0,0,0,0,0,0,0,436,0,0,128,5,153,0,22,0,0,0,0,0,0,0,0,12,75,25,57,0,0,0,0,0,2,0,0,0,0,4,19,294,240,228,307,32,285,8,20,0,0,0,0,0,0,0,0,22,22,14,38,0,12,0,0,0,0,8,0,0,0,0,0,15,114,0,7,0,0,0,13,0,0,0,0,0,0,0,0,545,24,81,55,173,53,13,13,0,0,0,0,0,0,0,0,62,53,0,83,0,0,0,9,0,0,0,0,0,0,0,9,265,7,1,36,2,0,0,0,0,3,0,0,0,0,0,0,0,4,0,0,0,0,0,0,0,0,0,0,0,0,0,0,712,155,0,3,0,0,0,2,0,0,0,0,0,0,0,0,256,477,2,151,0,0,0,49,0,0,0,8,0,8,0,0,0,0,0,0,0,0,0,0,0,0,0,0,0,0,0,1,15,1,26,34,0,0,0,26,6,10,0,90,0,0,0,0,159,12,6,54,0,1,0,0,2,2,0,6,14,0,0,5,0,13,0,0,0,0,0,0,7,0,0,0,0,0,0,0,441,20,0,31,0,5,0,0,6,0,0,1,0,0,0,0,19,18,0,35,0,0,0,1,23,1,0,0,0,1,0,9,55,22,10,89,8,0,0,1,0,0,0,0,17,0,0,0,3,1,3,0,1,1,0,0,0,0,0,0,0,0,0,0,4,168,101,57,0,0,0,0,0,6,0,0,0,0,0,0,8,1,1,115,11,65,2,14,16,0,0,0,0,0,0,0,140,44,2,121,0,0,0,5,0,0,0,0,0,0,0,0,9,0,0,3,0,0,0,0,0,0,0,0,13,0,0,0,36,4,2,36,0,0,10,6,0,0,0,4,0,0,0,64,24,1,0,19,0,0,0,109,0,0,0,1,0,0,0,2,35,8,0,10,1,0,0,0,0,1,0,0,0,0,0,0,0,0,0,17,0,0,0,0,0,0,0,0,0,0,0,0,0,0,0,0,0,0,0,2,0,0,0,0,0,0,2,0,39,39,16,156,0,0,0,0,0,0,0,6,0,0,0,0,32,987,27,56,0,13,0,4,0,0,0,0,0,0,0,0,131,0,1,36,113,0,0,0,0,0,0,0,0,0,0,0,0,0,10,304,0,0,0,128,0,0,0,0,0,0,0,0,143,70,0,95,0,0,0,0,0,0,0,0,0,0,0,0,297,33,0,37,19,0,0,0,0,0,0,0,0,0,0,0,25,3,0,16,0,0,1,0,8,0,0,12,0,0,0,0,634,22,22,69,11,14,0,3,200,0,0,39,0,0,0,0,57,7,0,197,36,0,0,2,0,4,0,0,0,0,0,109,1,0,21,18,1,0,0,4,0,0,0,0,0,0,0,0,11,0,0,4,0,0,0,3,0,0,0,0,0,0,0,0,1997,980,454,1290,36,14,13,418,220,0,0,53,2,35,0,168,291,12,125,93,0,0,4,2,1,0,0,6,0,0,0,2,2737,584,696,1671,500,112,464,192,41,504,66,270,0,0,0,4,198,11,6,204,183,10,17,25,0,0,2,11,0,0,0,0,4523,881,1855,2447,410,134,212,76,424,5,163,0,342,3,0,260,4361,2193,2323,6469,367,5,575,1028,33,20,379,271,376,0,0,5,0,16,3,4,0,0,0,6,2,0,0,0,0,0,0,0,753,34,12,115,19,1,0,22,1,0,0,2,0,0,0,0,371,6,8,30,184,3,3,4,5,1,13,13,4,2,0,10,1350,1292,535,417,501,183,6,5,13,2,12,5,5,0,2,0,755,14,19,574,173,282,2,121,11,158,2,8,57,37,0,5,119,74,2,251,29,0,0,17,0,2,0,41,16,1,0,8,545,23,4,223,0,17,0,0,0,0,0,0,0,3,0,0,0,0,0,0,14,0,0,0,0,0,0,0,0,0,0,0,0,111,12,16,0,0,0,0,0,0,0,0,0,0,0,0,5924,2800,1757,6757,186,47,8,817,62,3,54,123,496,171,0,830,1359,433,123,1430,2,20,11,262,21,0,0,195,101,7,1,56,1943,876,1149,2968,287,5,14,1214,133,17,3,360,124,63,6,237,462,16,0,134,0,0,0,0,0,0,0,0,0,6,0,11,5724,2689,1731,7113,292,0,3,340,620,216,475,720,213,64,37,158,0,0,3,26,0,162,0,5,0,0,0,0,0,0,0,0,231,0,3,15,0,0,0,0,3,0,0,1,0,0,0,0,3338,890,261,874,466,26,30,270,35,0,16,183,6,305,0,59,1176,434,440,706,124,22,0,30,97,2,4,88,25,3,0
0,22,0,242,133,0,0,0,0,0,0,0,0,0,0,0,0,436,0,0,128,5,153,0,22,0,0,0,0,0,0,0,0,12,75,25,57,0,0,0,0,0,2,0,0,0,0,4,19,294,240,228,307,32,285,8,20,0,0,0,0,0,0,0,0,22,22,14,38,0,12,0,0,0,0,8,0,0,0,0,0,15,114,0,7,0,0,0,13,0,0,0,0,0,0,0,0,545,24,81,55,173,53,13,13,0,0,0,0,0,0,0,0,62,53,0,83,0,0,0,9,0,0,0,0,0,0,0,9,265,7,1,36,2,0,0,0,0,3,0,0,0,0,0,0,0,4,0,0,0,0,0,0,0,0,0,0,0,0,0,0,712,155,0,3,0,0,0,2,0,0,0,0,0,0,0,0,256,477,2,151,0,0,0,49,0,0,0,8,0,8,0,0,0,0,0,0,0,0,0,0,0,0,0,0,0,0,0,1,15,1,26,34,0,0,0,26,6,10,0,90,0,0,0,0,159,12,6,54,0,1,0,0,2,2,0,6,14,0,0,5,0,13,0,0,0,0,0,0,7,0,0,0,0,0,0,0,441,20,0,31,0,5,0,0,6,0,0,1,0,0,0,0,19,18,0,35,0,0,0,1,23,1,0,0,0,1,0,9,55,22,10,89,8,0,0,1,0,0,0,0,17,0,0,0,3,1,3,0,1,1,0,0,0,0,0,0,0,0,0,0,4,168,101,57,0,0,0,0,0,6,0,0,0,0,0,0,8,1,1,115,11,65,2,14,16,0,0,0,0,0,0,0,140,44,2,121,0,0,0,5,0,0,0,0,0,0,0,0,9,0,0,3,0,0,0,0,0,0,0,0,13,0,0,0,36,4,2,36,0,0,10,6,0,0,0,4,0,0,0,64,24,1,0,19,0,0,0,109,0,0,0,1,0,0,0,2,35,8,0,10,1,0,0,0,0,1,0,0,0,0,0,0,0,0,0,17,0,0,0,0,0,0,0,0,0,0,0,0,0,0,0,0,0,0,0,2,0,0,0,0,0,0,2,0,39,39,16,156,0,0,0,0,0,0,0,6,0,0,0,0,32,988,27,56,0,13,0,4,0,0,0,0,0,0,0,0,131,0,1,36,113,0,0,0,0,0,0,0,0,0,0,0,0,0,10,304,0,0,0,128,0,0,0,0,0,0,0,0,143,70,0,95,0,0,0,0,0,0,0,0,0,0,0,0,297,33,0,37,19,0,0,0,0,0,0,0,0,0,0,0,25,3,0,16,0,0,1,0,8,0,0,12,0,0,0,0,634,22,22,69,11,14,0,3,200,0,0,39,0,0,0,0,57,7,0,197,36,0,0,2,0,4,0,0,0,0,0,109,1,0,21,18,1,0,0,4,0,0,0,0,0,0,0,0,11,0,0,4,0,0,0,3,0,0,0,0,0,0,0,0,1997,980,454,1290,36,14,13,418,220,0,0,53,2,35,0,168,291,12,125,93,0,0,4,2,1,0,0,6,0,0,0,2,2738,584,696,1671,500,112,465,192,41,505,66,270,0,0,0,4,198,11,6,204,183,10,17,25,0,0,2,11,0,0,0,0,4522,881,1855,2447,410,134,212,76,424,5,163,0,342,3,0,260,4360,2192,2324,6469,367,5,576,1029,33,20,379,271,376,0,0,5,0,16,3,4,0,0,0,6,2,0,0,0,0,0,0,0,753,34,12,115,19,1,0,22,1,0,0,2,0,0,0,0,371,6,8,30,184,3,3,4,5,1,13,13,4,2,0,10,1350,1293,535,417,501,183,6,5,13,2,12,5,5,0,2,0,756,14,19,575,173,282,2,121,11,158,2,8,57,37,0,5,119,74,2,251,29,0,0,17,0,2,0,41,16,1,0,8,545,23,4,223,0,17,0,0,0,0,0,0,0,3,0,0,0,0,0,0,14,0,0,0,0,0,0,0,0,0,0,0,0,111,12,16,0,0,0,0,0,0,0,0,0,0,0,0,5926,2800,1758,6759,186,47,8,818,62,3,54,123,496,171,0,830,1359,433,123,1430,2,20,11,262,21,0,0,195,101,7,1,56,1944,876,1149,2968,287,5,14,1216,133,17,3,360,124,63,6,237,462,16,0,134,0,0,0,0,0,0,0,0,0,6,0,11,5722,2689,1731,7114,292,0,3,340,620,216,475,720,213,64,37,158,0,0,3,26,0,162,0,5,0,0,0,0,0,0,0,0,231,0,3,15,0,0,0,0,3,0,0,1,0,0,0,0,3338,890,261,874,466,26,30,270,35,0,16,183,6,305,0,59,1176,434,440,706,124,22,0,30,97,2,4,88,25,3,0
0,22,0,242,133,0,0,0,0,0,0,0,0,0,0,0,0,437,0,0,128,5,153,0,22,0,0,0,0,0,0,0,0,12,75,25,57,0,0,0,0,0,2,0,0,0,0,4,19,295,240,228,307,32,285,8,20,0,0,0,0,0,0,0,0,22,22,14,38,0,12,0,0,0,0,8,0,0,0,0,0,15,114,0,7,0,0,0,13,0,0,0,0,0,0,0,0,546,24,81,55,173,53,13,13,0,0,0,0,0,0,0,0,62,53,0,83,0,0,0,9,0,0,0,0,0,0,0,9,265,7,1,36,2,0,0,0,0,3,0,0,0,0,0,0,0,4,0,0,0,0,0,0,0,0,0,0,0,0,0,0,712,155,0,3,0,0,0,2,0,0,0,0,0,0,0,0,256,477,2,151,0,0,0,49,0,0,0,8,0,8,0,0,0,0,0,0,0,0,0,0,0,0,0,0,0,0,0,1,15,1,26,34,0,0,0,26,6,10,0,90,0,0,0,0,159,12,6,54,0,1,0,0,2,2,0,6,14,0,0,5,0,13,0,0,0,0,0,0,7,0,0,0,0,0,0,0,442,20,0,31,0,5,0,0,6,0,0,1,0,0,0,0,19,18,0,35,0,0,0,1,23,1,0,0,0,1,0,9,55,22,10,89,8,0,0,1,0,0,0,0,17,0,0,0,3,1,3,0,1,1,0,0,0,0,0,0,0,0,0,0,4,168,101,57,0,0,0,0,0,6,0,0,0,0,0,0,8,1,1,115,11,65,2,14,16,0,0,0,0,0,0,0,140,44,2,121,0,0,0,5,0,0,0,0,0,0,0,0,9,0,0,3,0,0,0,0,0,0,0,0,13,0,0,0,36,4,2,36,0,0,10,6,0,0,0,4,0,0,0,64,24,1,0,19,0,0,0,109,0,0,0,1,0,0,0,2,35,8,0,10,1,0,0,0,0,1,0,0,0,0,0,0,0,0,0,17,0,0,0,0,0,0,0,0,0,0,0,0,0,0,0,0,0,0,0,2,0,0,0,0,0,0,2,0,39,39,16,156,0,0,0,0,0,0,0,6,0,0,0,0,32,987,27,56,0,13,0,4,0,0,0,0,0,0,0,0,131,0,1,36,113,0,0,0,0,0,0,0,0,0,0,0,0,0,10,304,0,0,0,128,0,0,0,0,0,0,0,0,143,70,0,95,0,0,0,0,0,0,0,0,0,0,0,0,297,33,0,37,19,0,0,0,0,0,0,0,0,0,0,0,25,3,0,16,0,0,1,0,8,0,0,12,0,0,0,0,634,22,22,69,11,14,0,3,200,0,0,39,0,0,0,0,57,7,0,197,36,0,0,2,0,4,0,0,0,0,0,109,1,0,21,18,1,0,0,4,0,0,0,0,0,0,0,0,11,0,0,4,0,0,0,3,0,0,0,0,0,0,0,0,1997,980,454,1290,36,14,13,418,220,0,0,53,2,35,0,168,291,12,125,93,0,0,4,2,1,0,0,6,0,0,0,2,2737,584,696,1671,500,112,464,192,41,504,66,270,0,0,0,4,198,11,6,204,183,10,17,25,0,0,2,11,0,0,0,0,4522,881,1855,2448,410,134,212,76,424,5,163,0,342,3,0,260,4360,2192,2323,6469,367,5,575,1028,33,20,379,271,376,0,0,5,0,16,3,4,0,0,0,6,2,0,0,0,0,0,0,0,753,34,12,115,19,1,0,22,1,0,0,2,0,0,0,0,371,6,8,30,184,3,3,4,5,1,13,13,4,2,0,10,1350,1292,535,417,501,183,6,5,13,2,12,5,5,0,2,0,755,14,19,574,173,282,2,121,11,158,2,8,57,37,0,5,119,74,2,251,29,0,0,17,0,2,0,41,16,1,0,8,545,23,4,223,0,17,0,0,0,0,0,0,0,3,0,0,0,0,0,0,14,0,0,0,0,0,0,0,0,0,0,0,0,111,12,16,0,0,0,0,0,0,0,0,0,0,0,0,5925,2800,1757,6757,186,47,8,817,62,3,54,123,496,171,0,830,1359,433,123,1430,2,20,11,262,21,0,0,195,101,7,1,56,1943,876,1150,2968,287,5,14,1215,133,17,3,360,124,63,6,237,462,16,0,134,0,0,0,0,0,0,0,0,0,6,0,11,5723,2689,1731,7113,292,0,3,341,620,216,475,720,213,64,37,158,0,0,3,26,0,162,0,5,0,0,0,0,0,0,0,0,231,0,3,15,0,0,0,0,3,0,0,1,0,0,0,0,3338,890,261,874,466,26,30,270,35,0,16,183,6,305,0,59,1176,434,440,706,124,22,0,30,97,2,4,88,25,3,0
0,22,0,242,133,0,0,0,0,0,0,0,0,0,0,0,0,436,0,0,128,5,153,0,22,0,0,0,0,0,0,0,0,12,75,25,57,0,0,0,0,0,2,0,0,0,0,4,19,294,240,228,307,32,285,8,20,0,0,0,0,0,0,0,0,22,22,14,38,0,12,0,0,0,0,8,0,0,0,0,0,15,114,0,7,0,0,0,13,0,0,0,0,0,0,0,0,545,24,81,55,173,53,13,13,0,0,0,0,0,0,0,0,62,53,0,83,0,0,0,9,0,0,0,0,0,0,0,9,265,7,1,36,2,0,0,0,0,3,0,0,0,0,0,0,0,4,0,0,0,0,0,0,0,0,0,0,0,0,0,0,712,155,0,3,0,0,0,2,0,0,0,0,0,0,0,0,256,477,2,151,0,0,0,49,0,0,0,8,0,8,0,0,0,0,0,0,0,0,0,0,0,0,0,0,0,0,0,1,15,1,26,34,0,0,0,26,6,10,0,90,0,0,0,0,159,12,6,54,0,1,0,0,2,2,0,6,14,0,0,5,0,13,0,0,0,0,0,0,7,0,0,0,0,0,0,0,441,20,0,31,0,5,0,0,6,0,0,1,0,0,0,0,19,18,0,35,0,0,0,1,23,1,0,0,0,1,0,9,55,22,10,89,8,0,0,1,0,0,0,0,17,0,0,0,3,1,3,0,1,1,0,0,0,0,0,0,0,0,0,0,4,168,101,57,0,0,0,0,0,6,0,0,0,0,0,0,8,1,1,115,11,65,2,14,16,0,0,0,0,0,0,0,140,44,2,121,0,0,0,5,0,0,0,0,0,0,0,0,9,0,0,3,0,0,0,0,0,0,0,0,13,0,0,0,36,4,2,36,0,0,10,6,0,0,0,4,0,0,0,64,24,1,0,19,0,0,0,109,0,0,0,1,0,0,0,2,35,8,0,10,1,0,0,0,0,1,0,0,0,0,0,0,0,0,0,17,0,0,0,0,0,0,0,0,0,0,0,0,0,0,0,0,0,0,0,2,0,0,0,0,0,0,2,0,39,39,16,156,0,0,0,0,0,0,0,6,0,0,0,0,32,987,27,56,0,13,0,4,0,0,0,0,0,0,0,0,131,0,1,36,113,0,0,0,0,0,0,0,0,0,0,0,0,0,10,304,0,0,0,128,0,0,0,0,0,0,0,0,143,70,0,95,0,0,0,0,0,0,0,0,0,0,0,0,297,33,0,37,19,0,0,0,0,0,0,0,0,0,0,0,25,3,0,16,0,0,1,0,8,0,0,12,0,0,0,0,634,22,22,69,11,14,0,3,200,0,0,39,0,0,0,0,57,7,0,197,36,0,0,2,0,4,0,0,0,0,0,109,1,0,21,18,1,0,0,4,0,0,0,0,0,0,0,0,11,0,0,4,0,0,0,3,0,0,0,0,0,0,0,0,1997,980,454,1290,36,14,13,418,220,0,0,53,2,35,0,168,291,12,125,93,0,0,4,2,1,0,0,6,0,0,0,2,2737,584,696,1671,500,112,464,192,41,504,66,270,0,0,0,4,198,11,6,204,183,10,17,25,0,0,2,11,0,0,0,0,4521,881,1855,2447,410,134,212,76,424,5,163,0,342,3,0,260,4360,2192,2323,6469,367,5,575,1028,33,20,379,271,376,0,0,5,0,16,3,4,0,0,0,6,2,0,0,0,0,0,0,0,753,34,12,115,19,1,0,22,1,0,0,2,0,0,0,0,371,6,8,30,184,3,3,4,5,1,13,13,4,2,0,10,1350,1292,535,417,501,183,6,5,13,2,12,5,5,0,2,0,755,14,19,574,173,282,2,121,11,158,2,8,57,37,0,5,119,74,2,251,29,0,0,17,0,2,0,41,16,1,0,8,545,23,4,223,0,17,0,0,0,0,0,0,0,3,0,0,0,0,0,0,14,0,0,0,0,0,0,0,0,0,0,0,0,111,12,16,0,0,0,0,0,0,0,0,0,0,0,0,5924,2800,1757,6757,186,47,8,817,62,3,54,123,496,171,0,830,1359,433,123,1430,2,20,11,262,21,0,0,195,101,7,1,56,1943,876,1149,2968,287,5,14,1214,133,17,3,360,124,63,6,237,462,16,0,134,0,0,0,0,0,0,0,0,0,6,0,11,5722,2689,1731,7113,292,0,3,340,620,216,475,720,213,64,37,158,0,0,3,26,0,162,0,5,0,0,0,0,0,0,0,0,231,0,3,15,0,0,0,0,3,0,0,1,0,0,0,0,3338,890,261,874,466,26,30,270,35,0,16,183,6,305,0,59,1176,434,440,706,124,22,0,30,97,2,4,88,25,3,0
0,22,0,242,133,0,0,0,0,0,0,0,0,0,0,0,0,436,0,0,128,5,153,0,22,0,0,0,0,0,0,0,0,12,75,25,57,0,0,0,0,0,2,0,0,0,0,4,19,294,240,228,307,33,285,8,20,0,0,0,0,0,0,0,0,22,22,14,38,0,12,0,0,0,0,8,0,0,0,0,0,15,114,0,7,0,0,0,13,0,0,0,0,0,0,0,0,545,24,81,55,173,53,13,13,0,0,0,0,0,0,0,0,62,53,0,83,0,0,0,9,0,0,0,0,0,0,0,9,265,7,1,36,2,0,0,0,0,3,0,0,0,0,0,0,0,4,0,0,0,0,0,0,0,0,0,0,0,0,0,0,712,155,0,3,0,0,0,2,0,0,0,0,0,0,0,0,256,477,2,151,0,0,0,49,0,0,0,8,0,8,0,0,0,0,0,0,0,0,0,0,0,0,0,0,0,0,0,1,15,1,26,34,0,0,0,26,6,10,0,90,0,0,0,0,159,12,6,54,0,1,0,0,2,2,0,6,14,0,0,5,0,13,0,0,0,0,0,0,7,0,0,0,0,0,0,0,441,20,0,31,0,5,0,0,6,0,0,1,0,0,0,0,19,18,0,35,0,0,0,1,23,1,0,0,0,1,0,9,55,22,10,89,8,0,0,1,0,0,0,0,17,0,0,0,3,1,3,0,1,1,0,0,0,0,0,0,0,0,0,0,4,168,101,57,0,0,0,0,0,6,0,0,0,0,0,0,8,1,1,115,11,65,2,14,16,0,0,0,0,0,0,0,140,44,2,121,0,0,0,5,0,0,0,0,0,0,0,0,9,0,0,3,0,0,0,0,0,0,0,0,13,0,0,0,36,4,2,36,0,0,10,6,0,0,0,4,0,0,0,64,24,1,0,19,0,0,0,109,0,0,0,1,0,0,0,2,35,8,0,10,1,0,0,0,0,1,0,0,0,0,0,0,0,0,0,17,0,0,0,0,0,0,0,0,0,0,0,0,0,0,0,0,0,0,0,2,0,0,0,0,0,0,2,0,39,39,16,156,0,0,0,0,0,0,0,6,0,0,0,0,32,987,27,56,0,13,0,4,0,0,0,0,0,0,0,0,131,0,1,36,113,0,0,0,0,0,0,0,0,0,0,0,0,0,10,304,0,0,0,128,0,0,0,0,0,0,0,0,143,70,0,95,0,0,0,0,0,0,0,0,0,0,0,0,297,33,0,37,19,0,0,0,0,0,0,0,0,0,0,0,25,3,0,16,0,0,1,0,8,0,0,12,0,0,0,0,634,22,22,69,11,14,0,3,200,0,0,39,0,0,0,0,57,7,0,197,36,0,0,2,0,4,0,0,0,0,0,109,1,0,21,18,1,0,0,4,0,0,0,0,0,0,0,0,11,0,0,4,0,0,0,3,0,0,0,0,0,0,0,0,1997,980,454,1290,36,14,13,418,220,0,0,53,2,35,0,168,291,12,125,93,0,0,4,2,1,0,0,6,0,0,0,2,2737,584,696,1671,500,112,464,192,41,504,66,270,0,0,0,4,198,11,6,204,183,10,17,25,0,0,2,11,0,0,0,0,4521,881,1855,2447,410,134,212,76,424,5,163,0,342,3,0,260,4360,2194,2323,6469,367,5,575,1028,33,20,379,271,376,0,0,5,0,16,3,4,0,0,0,6,2,0,0,0,0,0,0,0,753,34,12,115,19,1,0,22,1,0,0,2,0,0,0,0,371,6,8,30,184,3,3,4,5,1,13,13,4,2,0,10,1350,1292,535,417,501,183,6,5,13,2,12,5,5,0,2,0,755,14,19,574,173,282,2,121,11,158,2,8,57,37,0,5,119,74,2,251,29,0,0,17,0,2,0,41,16,1,0,8,545,23,4,223,0,17,0,0,0,0,0,0,0,3,0,0,0,0,0,0,14,0,0,0,0,0,0,0,0,0,0,0,0,111,12,16,0,0,0,0,0,0,0,0,0,0,0,0,5925,2800,1757,6757,186,47,8,817,62,3,54,123,496,171,0,830,1359,433,123,1430,2,20,11,262,21,0,0,195,101,7,1,56,1943,876,1149,2969,287,5,14,1214,133,17,3,360,124,63,6,237,462,16,0,134,0,0,0,0,0,0,0,0,0,6,0,11,5722,2689,1731,7113,292,0,3,340,620,216,475,720,213,64,37,158,0,0,3,26,0,162,0,5,0,0,0,0,0,0,0,0,231,0,3,15,0,0,0,0,3,0,0,1,0,0,0,0,3338,890,261,874,466,26,30,270,35,0,16,183,6,305,0,59,1176,434,440,706,124,22,0,30,97,2,4,88,25,3,0
0,22,0,242,133,0,0,0,0,0,0,0,0,0,0,0,0,436,0,0,128,5,153,0,22,0,0,0,0,0,0,0,0,12,75,25,57,0,0,0,0,0,2,0,0,0,0,4,19,294,240,228,307,32,285,8,20,0,0,0,0,0,0,0,0,22,22,14,38,0,12,0,0,0,0,8,0,0,0,0,0,15,114,0,7,0,0,0,13,0,0,0,0,0,0,0,0,545,24,81,55,173,53,13,13,0,0,0,0,0,0,0,0,62,53,0,83,0,0,0,9,0,0,0,0,0,0,0,9,265,7,1,36,2,0,0,0,0,3,0,0,0,0,0,0,0,4,0,0,0,0,0,0,0,0,0,0,0,0,0,0,712,155,0,3,0,0,0,2,0,0,0,0,0,0,0,0,256,477,2,151,0,0,0,49,0,0,0,8,0,8,0,0,0,0,0,0,0,0,0,0,0,0,0,0,0,0,0,1,15,1,26,34,0,0,0,26,6,10,0,90,0,0,0,0,159,12,6,54,0,1,0,0,2,2,0,6,14,0,0,5,0,13,0,0,0,0,0,0,7,0,0,0,0,0,0,0,441,20,0,31,0,5,0,0,6,0,0,1,0,0,0,0,19,18,0,35,0,0,0,1,23,1,0,0,0,1,0,9,55,22,10,89,8,0,0,1,0,0,0,0,17,0,0,0,3,1,3,0,1,1,0,0,0,0,0,0,0,0,0,0,4,168,101,57,0,0,0,0,0,6,0,0,0,0,0,0,8,1,1,115,11,65,2,14,16,0,0,0,0,0,0,0,140,44,2,121,0,0,0,5,0,0,0,0,0,0,0,0,9,0,0,3,0,0,0,0,0,0,0,0,13,0,0,0,36,4,2,36,0,0,10,6,0,0,0,4,0,0,0,64,24,1,0,19,0,0,0,109,0,0,0,1,0,0,0,2,35,8,0,10,1,0,0,0,0,1,0,0,0,0,0,0,0,0,0,17,0,0,0,0,0,0,0,0,0,0,0,0,0,0,0,0,0,0,0,2,0,0,0,0,0,0,2,0,39,39,16,156,0,0,0,0,0,0,0,6,0,0,0,0,32,987,27,56,0,13,0,4,0,0,0,0,0,0,0,0,131,0,1,36,113,0,0,0,0,0,0,0,0,0,0,0,0,0,10,304,0,0,0,128,0,0,0,0,0,0,0,0,143,70,0,95,0,0,0,0,0,0,0,0,0,0,0,0,297,33,0,37,19,0,0,0,0,0,0,0,0,0,0,0,25,3,0,16,0,0,1,0,8,0,0,12,0,0,0,0,634,22,22,69,11,14,0,3,200,0,0,39,0,0,0,0,57,7,0,197,36,0,0,2,0,4,0,0,0,0,0,109,1,0,21,18,1,0,0,4,0,0,0,0,0,0,0,0,11,0,0,4,0,0,0,3,0,0,0,0,0,0,0,0,1997,980,454,1290,36,14,13,418,220,0,0,53,2,35,0,168,291,12,125,93,0,0,4,2,1,0,0,6,0,0,0,2,2737,584,696,1671,500,112,464,192,41,504,66,270,0,0,0,4,198,11,6,204,183,10,17,25,0,0,2,11,0,0,0,0,4521,881,1855,2447,410,134,212,76,424,5,163,0,342,3,0,260,4360,2192,2323,6469,367,5,575,1028,33,20,379,271,376,0,0,5,0,16,3,4,0,0,0,6,2,0,0,0,0,0,0,0,753,34,12,115,19,1,0,22,1,0,0,2,0,0,0,0,371,6,8,30,184,3,3,4,5,1,13,13,4,2,0,10,1350,1292,535,417,501,183,6,5,13,2,12,5,5,0,2,0,755,14,19,574,173,282,2,121,11,158,2,8,57,37,0,5,119,74,2,251,29,0,0,17,0,2,0,41,16,1,0,8,545,23,4,223,0,17,0,0,0,0,0,0,0,3,0,0,0,0,0,0,14,0,0,0,0,0,0,0,0,0,0,0,0,111,12,16,0,0,0,0,0,0,0,0,0,0,0,0,5925,2800,1757,6757,186,47,8,817,62,3,54,123,496,171,0,830,1360,433,123,1430,2,20,11,262,21,0,0,195,101,7,1,56,1943,876,1149,2968,287,5,14,1214,133,17,3,360,124,63,6,237,463,16,0,134,0,0,0,0,0,0,0,0,0,6,0,11,5722,2689,1731,7113,292,0,3,340,620,216,475,721,213,64,37,158,0,0,3,26,0,162,0,5,0,0,0,0,0,0,0,0,231,0,3,15,0,0,0,0,3,0,0,1,0,0,0,0,3338,890,261,874,466,26,30,270,35,0,16,183,6,305,0,59,1176,434,440,706,124,22,0,30,97,2,4,88,25,3,0
0,22,0,242,133,0,0,0,0,0,0,0,0,0,0,0,0,437,0,0,128,5,153,0,22,0,0,0,0,0,0,0,0,12,75,25,57,0,0,0,0,0,2,0,0,0,0,4,19,294,240,229,307,32,285,8,20,0,0,0,0,0,0,0,0,22,22,14,38,0,12,0,0,0,0,8,0,0,0,0,0,15,114,0,7,0,0,0,13,0,0,0,0,0,0,0,0,545,24,81,55,174,53,13,13,0,0,0,0,0,0,0,0,62,53,0,83,0,0,0,9,0,0,0,0,0,0,0,9,265,7,1,36,2,0,0,0,0,3,0,0,0,0,0,0,0,4,0,0,0,0,0,0,0,0,0,0,0,0,0,0,712,155,0,3,0,0,0,2,0,0,0,0,0,0,0,0,256,477,2,151,0,0,0,49,0,0,0,8,0,8,0,0,0,0,0,0,0,0,0,0,0,0,0,0,0,0,0,1,15,1,26,34,0,0,0,26,6,10,0,90,0,0,0,0,159,12,6,54,0,1,0,0,2,2,0,6,14,0,0,5,0,13,0,0,0,0,0,0,7,0,0,0,0,0,0,0,441,20,0,31,0,5,0,0,6,0,0,1,0,0,0,0,19,18,0,35,0,0,0,1,23,1,0,0,0,1,0,9,55,22,10,89,8,0,0,1,0,0,0,0,17,0,0,0,3,1,3,0,1,1,0,0,0,0,0,0,0,0,0,0,4,168,101,57,0,0,0,0,0,6,0,0,0,0,0,0,8,1,1,115,11,65,2,14,16,0,0,0,0,0,0,0,140,44,2,121,0,0,0,5,0,0,0,0,0,0,0,0,9,0,0,3,0,0,0,0,0,0,0,0,13,0,0,0,36,4,2,36,0,0,10,6,0,0,0,4,0,0,0,64,24,1,0,19,0,0,0,109,0,0,0,1,0,0,0,2,35,8,0,10,1,0,0,0,0,1,0,0,0,0,0,0,0,0,0,17,0,0,0,0,0,0,0,0,0,0,0,0,0,0,0,0,0,0,0,2,0,0,0,0,0,0,2,0,39,39,16,156,0,0,0,0,0,0,0,6,0,0,0,0,32,987,27,56,0,13,0,4,0,0,0,0,0,0,0,0,131,0,1,36,113,0,0,0,0,0,0,0,0,0,0,0,0,0,10,304,0,0,0,128,0,0,0,0,0,0,0,0,143,70,0,95,0,0,0,0,0,0,0,0,0,0,0,0,297,33,0,37,19,0,0,0,0,0,0,0,0,0,0,0,25,3,0,16,0,0,1,0,8,0,0,12,0,0,0,0,634,22,22,69,11,14,0,3,200,0,0,39,0,0,0,0,57,7,0,197,36,0,0,2,0,4,0,0,0,0,0,109,1,0,21,18,1,0,0,4,0,0,0,0,0,0,0,0,11,0,0,4,0,0,0,3,0,0,0,0,0,0,0,0,1997,980,454,1290,36,14,13,418,220,0,0,53,2,35,0,168,291,12,125,93,0,0,4,2,1,0,0,6,0,0,0,2,2737,584,696,1671,500,112,464,192,41,504,66,270,0,0,0,4,198,11,6,204,183,10,17,25,0,0,2,11,0,0,0,0,4521,881,1856,2447,410,134,212,76,424,5,163,0,342,3,0,260,4360,2192,2323,6470,367,5,575,1029,33,20,379,271,376,0,0,5,0,16,3,4,0,0,0,6,2,0,0,0,0,0,0,0,753,34,12,115,19,1,0,22,1,0,0,2,0,0,0,0,371,6,8,30,184,3,3,4,5,1,13,13,4,2,0,10,1350,1292,535,417,501,183,6,5,13,2,12,5,5,0,2,0,755,14,19,574,173,282,2,121,11,158,2,8,57,37,0,5,119,74,2,251,29,0,0,17,0,2,0,41,16,1,0,8,545,23,4,223,0,17,0,0,0,0,0,0,0,3,0,0,0,0,0,0,14,0,0,0,0,0,0,0,0,0,0,0,0,111,12,16,0,0,0,0,0,0,0,0,0,0,0,0,5925,2800,1757,6757,186,47,8,817,62,3,54,123,496,171,0,830,1359,433,123,1430,2,20,11,262,21,0,0,195,101,7,1,56,1943,876,1149,2968,287,5,14,1214,133,17,3,360,124,63,6,237,462,16,0,134,0,0,0,0,0,0,0,0,0,6,0,11,5723,2689,1731,7113,292,0,3,340,621,216,475,720,213,64,37,158,0,0,3,26,0,162,0,5,0,0,0,0,0,0,0,0,231,0,3,15,0,0,0,0,3,0,0,1,0,0,0,0,3338,890,261,874,466,26,30,270,35,0,16,183,6,305,0,59,1176,434,440,706,124,22,0,30,97,2,4,88,25,3,0
0,22,0,242,133,0,0,0,0,0,0,0,0,0,0,0,0,436,0,0,128,5,153,0,22,0,0,0,0,0,0,0,0,12,75,25,57,0,0,0,0,0,2,0,0,0,0,4,19,294,240,228,307,32,285,8,20,0,0,0,0,0,0,0,0,22,22,14,38,0,12,0,0,0,0,8,0,0,0,0,0,15,114,0,7,0,0,0,13,0,0,0,0,0,0,0,0,545,24,81,55,173,53,13,13,0,0,0,0,0,0,0,0,62,53,0,83,0,0,0,9,0,0,0,0,0,0,0,9,265,7,1,36,2,0,0,0,0,3,0,0,0,0,0,0,0,4,0,0,0,0,0,0,0,0,0,0,0,0,0,0,712,155,0,3,0,0,0,2,0,0,0,0,0,0,0,0,256,477,2,151,0,0,0,49,0,0,0,8,0,8,0,0,0,0,0,0,0,0,0,0,0,0,0,0,0,0,0,1,15,1,26,34,0,0,0,26,6,10,0,90,0,0,0,0,159,12,6,54,0,1,0,0,2,2,0,6,14,0,0,5,0,13,0,0,0,0,0,0,7,0,0,0,0,0,0,0,441,20,0,31,0,5,0,0,6,0,0,1,0,0,0,0,19,18,0,35,0,0,0,1,23,1,0,0,0,1,0,9,55,22,10,89,8,0,0,1,0,0,0,0,17,0,0,0,3,1,3,0,1,1,0,0,0,0,0,0,0,0,0,0,4,168,101,57,0,0,0,0,0,6,0,0,0,0,0,0,8,1,1,115,11,65,2,14,16,0,0,0,0,0,0,0,140,44,2,121,0,0,0,5,0,0,0,0,0,0,0,0,9,0,0,3,0,0,0,0,0,0,0,0,13,0,0,0,36,4,2,36,0,0,10,6,0,0,0,4,0,0,0,64,24,1,0,19,0,0,0,109,0,0,0,1,0,0,0,2,35,8,0,10,1,0,0,0,0,1,0,0,0,0,0,0,0,0,0,17,0,0,0,0,0,0,0,0,0,0,0,0,0,0,0,0,0,0,0,2,0,0,0,0,0,0,2,0,39,39,16,156,0,0,0,0,0,0,0,6,0,0,0,0,32,987,27,56,0,13,0,4,0,0,0,0,0,0,0,0,131,0,1,36,113,0,0,0,0,0,0,0,0,0,0,0,0,0,10,304,0,0,0,128,0,0,0,0,0,0,0,0,143,70,0,95,0,0,0,0,0,0,0,0,0,0,0,0,297,33,0,37,19,0,0,0,0,0,0,0,0,0,0,0,25,3,0,16,0,0,1,0,8,0,0,12,0,0,0,0,634,22,22,69,11,14,0,3,200,0,0,39,0,0,0,0,57,7,0,197,36,0,0,2,0,4,0,0,0,0,0,109,1,0,21,18,1,0,0,4,0,0,0,0,0,0,0,0,11,0,0,4,0,0,0,3,0,0,0,0,0,0,0,0,1997,980,454,1290,36,14,13,418,220,0,0,53,2,35,0,168,291,12,125,93,0,0,4,2,1,0,0,6,0,0,0,2,2737,584,696,1671,500,112,464,192,41,504,66,270,0,0,0,4,198,11,6,204,183,10,17,25,0,0,2,11,0,0,0,0,4523,881,1855,2447,410,134,212,76,424,5,163,0,342,3,0,260,4361,2193,2323,6469,367,5,575,1028,33,20,379,271,376,0,0,5,0,16,3,4,0,0,0,6,2,0,0,0,0,0,0,0,753,34,12,115,19,1,0,22,1,0,0,2,0,0,0,0,371,6,8,30,184,3,3,4,5,1,13,13,4,2,0,10,1350,1292,535,417,501,183,6,5,13,2,12,5,5,0,2,0,755,14,19,574,173,282,2,121,11,158,2,8,57,37,0,5,119,74,2,251,29,0,0,17,0,2,0,41,16,1,0,8,545,23,4,223,0,17,0,0,0,0,0,0,0,3,0,0,0,0,0,0,14,0,0,0,0,0,0,0,0,0,0,0,0,111,12,16,0,0,0,0,0,0,0,0,0,0,0,0,5924,2800,1757,6757,186,47,8,817,62,3,54,123,496,171,0,830,1359,433,123,1430,2,20,11,262,21,0,0,195,101,7,1,56,1943,876,1149,2968,287,5,14,1214,133,17,3,360,124,63,6,237,462,16,0,134,0,0,0,0,0,0,0,0,0,6,0,11,5724,2689,1731,7113,292,0,3,340,620,216,475,720,213,64,37,158,0,0,3,26,0,162,0,5,0,0,0,0,0,0,0,0,231,0,3,15,0,0,0,0,3,0,0,1,0,0,0,0,3338,890,261,874,466,26,30,270,35,0,16,183,6,305,0,59,1176,434,440,706,124,22,0,30,97,2,4,88,25,3,0
0,22,0,242,133,0,0,0,0,0,0,0,0,0,0,0,0,436,0,0,128,5,153,0,22,0,0,0,0,0,0,0,0,12,75,25,57,0,0,0,0,0,2,0,0,0,0,4,19,294,240,228,307,32,285,8,20,0,0,0,0,0,0,0,0,22,22,14,38,0,12,0,0,0,0,8,0,0,0,0,0,15,114,0,7,0,0,0,13,0,0,0,0,0,0,0,0,545,24,81,55,173,53,13,13,0,0,0,0,0,0,0,0,62,53,0,83,0,0,0,9,0,0,0,0,0,0,0,9,265,7,1,36,2,0,0,0,0,3,0,0,0,0,0,0,0,4,0,0,0,0,0,0,0,0,0,0,0,0,0,0,712,155,0,3,0,0,0,2,0,0,0,0,0,0,0,0,256,477,2,151,0,0,0,49,0,0,0,8,0,8,0,0,0,0,0,0,0,0,0,0,0,0,0,0,0,0,0,1,15,1,26,34,0,0,0,26,6,10,0,90,0,0,0,0,159,12,6,54,0,1,0,0,2,2,0,6,14,0,0,5,0,13,0,0,0,0,0,0,7,0,0,0,0,0,0,0,441,20,0,31,0,5,0,0,6,0,0,1,0,0,0,0,19,18,0,35,0,0,0,1,23,1,0,0,0,1,0,9,55,22,10,89,8,0,0,1,0,0,0,0,17,0,0,0,3,1,3,0,1,1,0,0,0,0,0,0,0,0,0,0,4,168,101,57,0,0,0,0,0,6,0,0,0,0,0,0,8,1,1,115,11,65,2,14,16,0,0,0,0,0,0,0,140,44,2,121,0,0,0,5,0,0,0,0,0,0,0,0,9,0,0,3,0,0,0,0,0,0,0,0,13,0,0,0,36,4,2,36,0,0,10,6,0,0,0,4,0,0,0,64,24,1,0,19,0,0,0,109,0,0,0,1,0,0,0,2,35,8,0,10,1,0,0,0,0,1,0,0,0,0,0,0,0,0,0,17,0,0,0,0,0,0,0,0,0,0,0,0,0,0,0,0,0,0,0,2,0,0,0,0,0,0,2,0,39,39,16,156,0,0,0,0,0,0,0,6,0,0,0,0,32,987,27,56,0,13,0,4,0,0,0,0,0,0,0,0,131,0,1,36,113,0,0,0,0,0,0,0,0,0,0,0,0,0,10,304,0,0,0,128,0,0,0,0,0,0,0,0,143,70,0,95,0,0,0,0,0,0,0,0,0,0,0,0,297,33,0,37,19,0,0,0,0,0,0,0,0,0,0,0,25,3,0,16,0,0,1,0,8,0,0,12,0,0,0,0,634,22,22,69,11,14,0,3,200,0,0,39,0,0,0,0,57,7,0,197,36,0,0,2,0,4,0,0,0,0,0,109,1,0,21,18,1,0,0,4,0,0,0,0,0,0,0,0,11,0,0,4,0,0,0,3,0,0,0,0,0,0,0,0,1997,980,454,1290,36,14,13,418,220,0,0,53,2,35,0,168,291,12,125,93,0,0,4,2,1,0,0,6,0,0,0,2,2737,584,696,1671,500,112,464,192,41,504,66,270,0,0,0,4,198,11,6,205,184,10,17,25,0,0,2,11,0,0,0,0,4521,881,1855,2447,410,134,212,76,424,5,163,0,342,3,0,260,4360,2192,2323,6469,367,5,575,1028,33,20,379,271,376,0,0,5,0,16,3,4,0,0,0,6,2,0,0,0,0,0,0,0,753,34,12,115,19,1,0,22,1,0,0,2,0,0,0,0,371,6,8,30,184,3,3,4,5,1,13,13,4,2,0,10,1350,1292,535,417,501,183,6,5,13,2,12,5,5,0,2,0,755,14,19,574,173,282,2,121,11,158,2,8,57,37,0,5,119,74,2,252,29,0,0,17,0,2,0,41,16,1,0,8,545,23,4,224,0,17,0,0,0,0,0,0,0,3,0,0,0,0,0,0,14,0,0,0,0,0,0,0,0,0,0,0,0,111,12,16,0,0,0,0,0,0,0,0,0,0,0,0,5924,2800,1757,6757,186,47,8,817,62,3,54,123,496,171,0,830,1359,433,123,1430,2,20,11,262,21,0,0,195,101,7,1,56,1943,876,1149,2968,287,5,14,1214,133,17,3,360,124,63,6,237,462,16,0,134,0,0,0,0,0,0,0,0,0,6,0,11,5722,2689,1731,7114,292,0,3,340,620,216,475,720,213,64,37,158,0,0,3,26,0,162,0,5,0,0,0,0,0,0,0,0,231,0,3,15,0,0,0,0,3,0,0,1,0,0,0,0,3338,890,261,874,466,26,30,270,35,0,16,183,6,305,0,59,1176,434,440,706,124,22,0,30,97,2,4,88,25,3,0
0,22,0,242,133,0,0,0,0,0,0,0,0,0,0,0,0,436,0,0,128,5,153,0,22,0,0,0,0,0,0,0,0,12,75,25,57,0,0,0,0,0,2,0,0,0,0,4,19,294,240,228,307,32,285,8,20,0,0,0,0,0,0,0,0,22,22,14,38,0,12,0,0,0,0,8,0,0,0,0,0,15,114,0,7,0,0,0,13,0,0,0,0,0,0,0,0,545,24,81,55,173,53,13,13,0,0,0,0,0,0,0,0,62,53,0,83,0,0,0,9,0,0,0,0,0,0,0,9,265,7,1,36,2,0,0,0,0,3,0,0,0,0,0,0,0,4,0,0,0,0,0,0,0,0,0,0,0,0,0,0,714,155,0,3,0,0,0,2,0,0,0,0,0,0,0,0,256,477,2,151,0,0,0,49,0,0,0,8,0,8,0,0,0,0,0,0,0,0,0,0,0,0,0,0,0,0,0,1,15,1,26,34,0,0,0,26,6,10,0,90,0,0,0,0,159,12,6,54,0,1,0,0,2,2,0,6,14,0,0,5,0,13,0,0,0,0,0,0,7,0,0,0,0,0,0,0,441,20,0,31,0,5,0,0,6,0,0,1,0,0,0,0,19,18,0,35,0,0,0,1,23,1,0,0,0,1,0,9,55,22,10,89,8,0,0,1,0,0,0,0,17,0,0,0,3,1,3,0,1,1,0,0,0,0,0,0,0,0,0,0,4,168,101,57,0,0,0,0,0,6,0,0,0,0,0,0,8,1,1,115,11,65,2,14,16,0,0,0,0,0,0,0,140,44,2,121,0,0,0,5,0,0,0,0,0,0,0,0,9,0,0,3,0,0,0,0,0,0,0,0,13,0,0,0,36,4,2,36,0,0,10,6,0,0,0,4,0,0,0,64,24,1,0,19,0,0,0,109,0,0,0,1,0,0,0,2,35,8,0,10,1,0,0,0,0,1,0,0,0,0,0,0,0,0,0,17,0,0,0,0,0,0,0,0,0,0,0,0,0,0,0,0,0,0,0,2,0,0,0,0,0,0,2,0,39,39,16,156,0,0,0,0,0,0,0,6,0,0,0,0,32,987,27,56,0,13,0,4,0,0,0,0,0,0,0,0,131,0,1,36,113,0,0,0,0,0,0,0,0,0,0,0,0,0,10,304,0,0,0,128,0,0,0,0,0,0,0,0,143,70,0,95,0,0,0,0,0,0,0,0,0,0,0,0,297,33,0,37,19,0,0,0,0,0,0,0,0,0,0,0,25,3,0,16,0,0,1,0,8,0,0,12,0,0,0,0,634,22,22,69,11,14,0,3,200,0,0,39,0,0,0,0,57,7,0,197,36,0,0,2,0,4,0,0,0,0,0,109,1,0,21,18,1,0,0,4,0,0,0,0,0,0,0,0,11,0,0,4,0,0,0,3,0,0,0,0,0,0,0,0,1997,980,454,1290,36,14,13,418,220,0,0,53,2,35,0,168,291,12,125,93,0,0,4,2,1,0,0,6,0,0,0,2,2737,584,696,1671,500,112,464,192,41,504,66,270,0,0,0,4,198,11,6,204,183,10,17,25,0,0,2,11,0,0,0,0,4521,881,1855,2447,410,134,212,76,424,5,163,0,342,3,0,261,4361,2192,2323,6470,367,5,575,1029,33,20,379,271,376,0,0,5,0,16,3,4,0,0,0,6,2,0,0,0,0,0,0,0,753,34,12,115,19,1,0,22,1,0,0,2,0,0,0,0,371,6,8,30,184,3,3,4,5,1,13,13,4,2,0,10,1350,1292,535,417,501,183,6,5,13,2,12,5,5,0,2,0,755,14,19,574,173,282,2,121,11,158,2,8,57,37,0,5,119,74,2,251,29,0,0,17,0,2,0,41,16,1,0,8,545,23,4,223,0,17,0,0,0,0,0,0,0,3,0,0,0,0,0,0,14,0,0,0,0,0,0,0,0,0,0,0,0,111,12,16,0,0,0,0,0,0,0,0,0,0,0,0,5924,2800,1757,6757,186,47,8,817,62,3,54,123,496,171,0,830,1359,433,123,1430,2,20,11,262,21,0,0,195,101,7,1,56,1943,876,1149,2968,287,5,14,1214,133,17,3,360,124,63,6,237,462,16,0,134,0,0,0,0,0,0,0,0,0,6,0,11,5722,2689,1731,7113,292,0,3,340,620,216,475,720,213,64,37,158,0,0,3,26,0,162,0,5,0,0,0,0,0,0,0,0,231,0,3,15,0,0,0,0,3,0,0,1,0,0,0,0,3339,890,261,874,466,26,30,270,35,0,16,183,6,305,0,59,1176,434,440,706,124,22,0,30,97,2,4,88,25,3,0
0,22,0,242,133,0,0,0,0,0,0,0,0,0,0,0,0,436,0,0,128,5,153,0,22,0,0,0,0,0,0,0,0,12,75,25,57,0,0,0,0,0,2,0,0,0,0,4,19,294,240,228,307,32,285,8,20,0,0,0,0,0,0,0,0,22,22,14,38,0,12,0,0,0,0,8,0,0,0,0,0,15,114,0,7,0,0,0,13,0,0,0,0,0,0,0,0,545,24,81,55,173,53,13,13,0,0,0,0,0,0,0,0,62,53,0,83,0,0,0,9,0,0,0,0,0,0,0,9,265,7,1,36,2,0,0,0,0,3,0,0,0,0,0,0,0,4,0,0,0,0,0,0,0,0,0,0,0,0,0,0,712,155,0,3,0,0,0,2,0,0,0,0,0,0,0,0,256,477,2,151,0,0,0,49,0,0,0,8,0,8,0,0,0,0,0,0,0,0,0,0,0,0,0,0,0,0,0,1,15,1,26,34,0,0,0,26,6,10,0,90,0,0,0,0,159,12,6,54,0,1,0,0,2,2,0,6,14,0,0,5,0,13,0,0,0,0,0,0,7,0,0,0,0,0,0,0,441,20,0,31,0,5,0,0,6,0,0,1,0,0,0,0,19,18,0,35,0,0,0,1,23,1,0,0,0,1,0,9,55,22,10,89,8,0,0,1,0,0,0,0,17,0,0,0,3,1,3,0,1,1,0,0,0,0,0,0,0,0,0,0,4,168,101,57,0,0,0,0,0,6,0,0,0,0,0,0,8,1,1,115,11,65,2,14,16,0,0,0,0,0,0,0,140,44,2,121,0,0,0,5,0,0,0,0,0,0,0,0,9,0,0,3,0,0,0,0,0,0,0,0,13,0,0,0,36,4,2,36,0,0,10,6,0,0,0,4,0,0,0,64,24,1,0,19,0,0,0,109,0,0,0,1,0,0,0,2,35,8,0,10,1,0,0,0,0,1,0,0,0,0,0,0,0,0,0,17,0,0,0,0,0,0,0,0,0,0,0,0,0,0,0,0,0,0,0,2,0,0,0,0,0,0,2,0,39,39,16,156,0,0,0,0,0,0,0,6,0,0,0,0,32,987,27,56,0,13,0,4,0,0,0,0,0,0,0,0,131,0,1,36,113,0,0,0,0,0,0,0,0,0,0,0,0,0,10,304,0,0,0,128,0,0,0,0,0,0,0,0,143,70,0,95,0,0,0,0,0,0,0,0,0,0,0,0,297,33,0,37,19,0,0,0,0,0,0,0,0,0,0,0,25,3,0,16,0,0,1,0,8,0,0,12,0,0,0,0,634,22,22,69,11,14,0,3,200,0,0,39,0,0,0,0,57,7,0,197,36,0,0,2,0,4,0,0,0,0,0,109,1,0,21,18,1,0,0,4,0,0,0,0,0,0,0,0,11,0,0,4,0,0,0,3,0,0,0,0,0,0,0,0,1997,980,454,1290,36,14,13,418,220,0,0,53,2,35,0,168,291,12,125,93,0,0,4,2,1,0,0,6,0,0,0,2,2737,584,696,1671,500,112,464,192,41,504,66,270,0,0,0,4,198,11,6,204,183,10,17,25,0,0,2,11,0,0,0,0,4521,881,1855,2447,410,134,212,76,424,5,163,0,342,3,0,260,4360,2192,2323,6469,367,5,575,1028,33,20,379,271,376,0,0,5,0,16,3,4,0,0,0,6,2,0,0,0,0,0,0,0,753,34,12,115,19,1,0,22,1,0,0,2,0,0,0,0,371,6,8,30,184,3,3,4,5,1,13,13,4,2,0,10,1350,1292,535,417,501,183,6,5,13,2,12,5,5,0,2,0,755,14,19,574,173,282,2,121,11,158,2,8,57,37,0,5,119,74,2,251,29,0,0,17,0,2,0,41,16,1,0,8,545,23,4,223,0,17,0,0,0,0,0,0,0,3,0,0,0,0,0,0,14,0,0,0,0,0,0,0,0,0,0,0,0,111,12,16,0,0,0,0,0,0,0,0,0,0,0,0,5924,2800,1757,6757,186,47,8,817,62,3,54,123,496,171,0,830,1359,433,123,1430,2,20,11,262,21,0,0,195,101,7,1,56,1943,876,1149,2968,287,5,14,1214,133,17,3,360,124,63,6,237,462,16,0,134,0,0,0,0,0,0,0,0,0,6,0,11,5722,2689,1731,7114,292,0,3,340,620,216,475,720,213,64,37,158,0,0,3,26,0,162,0,5,0,0,0,0,0,0,0,0,231,0,3,15,0,0,0,0,3,0,0,1,0,0,0,0,3338,890,261,874,466,26,30,270,35,0,16,183,6,305,0,59,1176,434,440,706,124,22,0,30,97,2,4,88,25,3,0
0,22,0,243,133,0,0,0,0,0,0,0,0,0,0,0,0,436,0,0,128,5,153,0,22,0,0,0,0,0,0,0,0,12,75,25,57,0,0,0,0,0,2,0,0,0,0,4,19,294,240,228,307,32,285,8,20,0,0,0,0,0,0,0,0,22,22,14,38,0,12,0,0,0,0,8,0,0,0,0,0,15,114,0,7,0,0,0,13,0,0,0,0,0,0,0,0,545,24,81,55,173,53,13,13,0,0,0,0,0,0,0,0,62,53,0,83,0,0,0,9,0,0,0,0,0,0,0,9,265,7,1,36,2,0,0,0,0,3,0,0,0,0,0,0,0,4,0,0,0,0,0,0,0,0,0,0,0,0,0,0,712,155,0,3,0,0,0,2,0,0,0,0,0,0,0,0,257,477,2,151,0,0,0,49,0,0,0,8,0,8,0,0,0,0,0,0,0,0,0,0,0,0,0,0,0,0,0,1,15,1,26,34,0,0,0,26,6,10,0,90,0,0,0,0,159,12,6,54,0,1,0,0,2,2,0,6,14,0,0,5,0,13,0,0,0,0,0,0,7,0,0,0,0,0,0,0,441,20,0,31,0,5,0,0,6,0,0,1,0,0,0,0,19,18,0,35,0,0,0,1,23,1,0,0,0,1,0,9,55,22,10,89,8,0,0,1,0,0,0,0,17,0,0,0,3,1,3,0,1,1,0,0,0,0,0,0,0,0,0,0,4,168,101,57,0,0,0,0,0,6,0,0,0,0,0,0,8,1,1,115,11,65,2,14,16,0,0,0,0,0,0,0,140,44,2,121,0,0,0,5,0,0,0,0,0,0,0,0,9,0,0,3,0,0,0,0,0,0,0,0,13,0,0,0,36,4,2,36,0,0,10,6,0,0,0,4,0,0,0,64,24,1,0,19,0,0,0,109,0,0,0,1,0,0,0,2,35,8,0,10,1,0,0,0,0,1,0,0,0,0,0,0,0,0,0,17,0,0,0,0,0,0,0,0,0,0,0,0,0,0,0,0,0,0,0,2,0,0,0,0,0,0,2,0,39,39,16,156,0,0,0,0,0,0,0,6,0,0,0,0,32,987,27,56,0,13,0,4,0,0,0,0,0,0,0,0,131,0,1,36,113,0,0,0,0,0,0,0,0,0,0,0,0,0,10,304,0,0,0,128,0,0,0,0,0,0,0,0,143,70,0,95,0,0,0,0,0,0,0,0,0,0,0,0,297,33,0,37,19,0,0,0,0,0,0,0,0,0,0,0,25,3,0,16,0,0,1,0,8,0,0,12,0,0,0,0,635,22,22,69,11,14,0,3,200,0,0,39,0,0,0,0,57,7,0,197,36,0,0,2,0,4,0,0,0,0,0,109,1,0,21,18,1,0,0,4,0,0,0,0,0,0,0,0,11,0,0,4,0,0,0,3,0,0,0,0,0,0,0,0,1997,983,454,1291,36,14,13,419,221,0,0,53,2,35,0,168,291,12,125,93,0,0,4,2,1,0,0,6,0,0,0,2,2737,584,696,1671,500,112,464,192,41,504,66,270,0,0,0,4,198,11,6,204,183,10,17,25,0,0,2,11,0,0,0,0,4521,881,1855,2447,410,134,212,76,424,5,163,0,342,3,0,260,4360,2192,2323,6469,367,5,575,1028,33,20,379,271,376,0,0,5,0,16,3,4,0,0,0,6,2,0,0,0,0,0,0,0,754,34,12,115,19,1,0,22,1,0,0,2,0,0,0,0,371,6,8,30,184,3,3,4,5,1,13,13,4,2,0,10,1351,1292,535,417,501,183,6,5,13,2,12,5,5,0,2,0,755,14,19,574,173,282,2,121,11,158,2,8,57,37,0,5,119,74,2,251,29,0,0,17,0,2,0,41,16,1,0,8,545,23,4,223,0,17,0,0,0,0,0,0,0,3,0,0,0,0,0,0,14,0,0,0,0,0,0,0,0,0,0,0,0,111,12,16,0,0,0,0,0,0,0,0,0,0,0,0,5924,2800,1758,6757,186,47,8,817,62,3,54,123,496,171,0,830,1359,433,123,1430,2,20,11,262,21,0,0,195,101,7,1,56,1943,876,1149,2968,287,5,14,1214,133,17,3,360,124,63,6,237,462,16,0,134,0,0,0,0,0,0,0,0,0,6,0,11,5722,2689,1731,7113,292,0,3,340,620,216,475,720,213,64,37,158,0,0,3,26,0,162,0,5,0,0,0,0,0,0,0,0,231,0,3,15,0,0,0,0,3,0,0,1,0,0,0,0,3339,890,261,874,466,26,30,271,35,0,16,183,6,305,0,59,1176,434,440,706,124,22,0,30,97,2,4,88,25,3,0
0,22,0,242,133,0,0,0,0,0,0,0,0,0,0,0,0,436,0,0,128,5,153,0,22,0,0,0,0,0,0,0,0,12,75,25,57,0,0,0,0,0,2,0,0,0,0,4,19,294,240,228,307,32,285,8,20,0,0,0,0,0,0,0,0,22,22,14,38,0,12,0,0,0,0,8,0,0,0,0,0,15,114,0,7,0,0,0,13,0,0,0,0,0,0,0,0,545,24,81,55,173,53,13,13,0,0,0,0,0,0,0,0,62,53,0,83,0,0,0,9,0,0,0,0,0,0,0,9,265,7,1,36,2,0,0,0,0,3,0,0,0,0,0,0,0,4,0,0,0,0,0,0,0,0,0,0,0,0,0,0,712,155,0,3,0,0,0,2,0,0,0,0,0,0,0,0,256,477,2,151,0,0,0,49,0,0,0,8,0,8,0,0,0,0,0,0,0,0,0,0,0,0,0,0,0,0,0,1,15,1,26,34,0,0,0,26,6,10,0,90,0,0,0,0,159,12,6,54,0,1,0,0,2,2,0,6,14,0,0,5,0,13,0,0,0,0,0,0,7,0,0,0,0,0,0,0,441,20,0,31,0,5,0,0,6,0,0,1,0,0,0,0,19,18,0,35,0,0,0,1,23,1,0,0,0,1,0,9,55,22,10,89,8,0,0,1,0,0,0,0,17,0,0,0,3,1,3,0,1,1,0,0,0,0,0,0,0,0,0,0,4,168,101,57,0,0,0,0,0,6,0,0,0,0,0,0,8,1,1,115,11,65,2,14,16,0,0,0,0,0,0,0,140,44,2,121,0,0,0,5,0,0,0,0,0,0,0,0,9,0,0,3,0,0,0,0,0,0,0,0,13,0,0,0,36,4,2,36,0,0,10,6,0,0,0,4,0,0,0,64,24,1,0,19,0,0,0,109,0,0,0,1,0,0,0,2,35,8,0,10,1,0,0,0,0,1,0,0,0,0,0,0,0,0,0,17,0,0,0,0,0,0,0,0,0,0,0,0,0,0,0,0,0,0,0,2,0,0,0,0,0,0,2,0,39,39,16,156,0,0,0,0,0,0,0,6,0,0,0,0,32,987,27,56,0,13,0,4,0,0,0,0,0,0,0,0,131,0,1,36,113,0,0,0,0,0,0,0,0,0,0,0,0,0,10,304,0,0,0,128,0,0,0,0,0,0,0,0,143,70,0,95,0,0,0,0,0,0,0,0,0,0,0,0,297,33,0,37,19,0,0,0,0,0,0,0,0,0,0,0,25,3,0,16,0,0,1,0,8,0,0,12,0,0,0,0,634,22,22,69,11,14,0,3,200,0,0,39,0,0,0,0,57,7,0,197,36,0,0,2,0,4,0,0,0,0,0,109,1,0,21,18,1,0,0,4,0,0,0,0,0,0,0,0,11,0,0,4,0,0,0,3,0,0,0,0,0,0,0,0,1997,980,454,1290,36,14,13,418,220,0,0,53,2,35,0,168,291,12,125,93,0,0,4,2,1,0,0,6,0,0,0,2,2737,584,696,1671,500,112,464,192,41,504,66,270,0,0,0,4,198,11,6,204,183,10,17,25,0,0,2,11,0,0,0,0,4521,881,1855,2447,410,134,212,76,424,5,163,0,342,3,0,260,4360,2192,2323,6469,367,5,575,1028,33,20,379,271,376,0,0,5,0,16,3,4,0,0,0,6,2,0,0,0,0,0,0,0,753,34,12,115,19,1,0,22,1,0,0,2,0,0,0,0,371,6,8,30,184,3,3,4,5,1,13,13,4,2,0,10,1350,1292,535,417,501,183,6,5,13,2,12,5,5,0,2,0,755,14,19,574,173,282,2,121,11,158,2,8,57,37,0,5,119,74,2,251,29,0,0,17,0,2,0,41,16,1,0,8,545,23,4,223,0,17,0,0,0,0,0,0,0,3,0,0,0,0,0,0,14,0,0,0,0,0,0,0,0,0,0,0,0,111,12,16,0,0,0,0,0,0,0,0,0,0,0,0,5924,2800,1757,6757,186,47,8,817,62,3,54,123,496,171,0,830,1359,433,123,1430,2,20,11,262,21,0,0,195,101,7,1,56,1943,876,1149,2968,287,5,14,1214,133,17,3,360,124,63,6,237,462,16,0,134,0,0,0,0,0,0,0,0,0,6,0,11,5722,2689,1731,7113,292,0,3,340,620,216,475,720,213,64,37,158,0,0,3,26,0,162,0,5,0,0,0,0,0,0,0,0,231,0,3,15,0,0,0,0,3,0,0,1,0,0,0,0,3338,890,261,874,466,26,30,270,35,0,16,183,6,305,0,59,1176,434,440,706,124,22,0,30,97,2,4,88,25,3,0
0,22,0,242,133,0,0,0,0,0,0,0,0,0,0,0,0,436,0,0,128,5,153,0,22,0,0,0,0,0,0,0,0,12,75,25,57,0,0,0,0,0,2,0,0,0,0,4,19,294,240,228,307,32,285,8,20,0,0,0,0,0,0,0,0,22,22,14,38,0,12,0,0,0,0,8,0,0,0,0,0,15,114,0,7,0,0,0,13,0,0,0,0,0,0,0,0,545,24,81,55,173,53,13,13,0,0,0,0,0,0,0,0,62,53,0,83,0,0,0,9,0,0,0,0,0,0,0,9,265,7,1,36,2,0,0,0,0,3,0,0,0,0,0,0,0,4,0,0,0,0,0,0,0,0,0,0,0,0,0,0,712,155,0,3,0,0,0,2,0,0,0,0,0,0,0,0,256,477,2,151,0,0,0,49,0,0,0,8,0,8,0,0,0,0,0,0,0,0,0,0,0,0,0,0,0,0,0,1,15,1,26,34,0,0,0,26,6,10,0,90,0,0,0,0,159,12,6,54,0,1,0,0,2,2,0,6,14,0,0,5,0,13,0,0,0,0,0,0,7,0,0,0,0,0,0,0,441,20,0,31,0,5,0,0,6,0,0,1,0,0,0,0,19,18,0,35,0,0,0,1,23,1,0,0,0,1,0,9,55,22,10,89,8,0,0,1,0,0,0,0,17,0,0,0,3,1,3,0,1,1,0,0,0,0,0,0,0,0,0,0,4,168,101,57,0,0,0,0,0,6,0,0,0,0,0,0,8,1,1,115,11,65,2,14,16,0,0,0,0,0,0,0,140,44,2,121,0,0,0,5,0,0,0,0,0,0,0,0,9,0,0,3,0,0,0,0,0,0,0,0,13,0,0,0,36,4,2,36,0,0,10,6,0,0,0,4,0,0,0,64,24,1,0,19,0,0,0,109,0,0,0,1,0,0,0,2,35,8,0,10,1,0,0,0,0,1,0,0,0,0,0,0,0,0,0,17,0,0,0,0,0,0,0,0,0,0,0,0,0,0,0,0,0,0,0,2,0,0,0,0,0,0,2,0,39,39,16,156,0,0,0,0,0,0,0,6,0,0,0,0,32,987,27,56,0,13,0,4,0,0,0,0,0,0,0,0,131,0,1,36,113,0,0,0,0,0,0,0,0,0,0,0,0,0,10,304,0,0,0,128,0,0,0,0,0,0,0,0,143,70,0,95,0,0,0,0,0,0,0,0,0,0,0,0,297,33,0,37,19,0,0,0,0,0,0,0,0,0,0,0,25,3,0,16,0,0,1,0,8,0,0,12,0,0,0,0,634,22,22,69,11,14,0,3,200,0,0,39,0,0,0,0,57,7,0,197,36,0,0,2,0,4,0,0,0,0,0,109,1,0,21,18,1,0,0,4,0,0,0,0,0,0,0,0,11,0,0,4,0,0,0,3,0,0,0,0,0,0,0,0,1997,980,454,1290,36,14,13,418,220,0,0,53,2,35,0,168,291,12,125,93,0,0,4,2,1,0,0,6,0,0,0,2,2737,584,696,1671,500,112,464,192,41,504,66,270,0,0,0,4,198,11,6,204,183,10,17,25,0,0,2,11,0,0,0,0,4521,881,1855,2447,410,134,212,76,424,5,163,0,342,3,0,260,4360,2192,2324,6471,367,5,575,1028,33,20,380,271,377,0,0,5,0,16,3,4,0,0,0,6,2,0,0,0,0,0,0,0,753,34,12,115,19,1,0,22,1,0,0,2,0,0,0,0,371,6,8,30,184,3,3,4,5,1,13,13,4,2,0,10,1350,1292,535,417,501,183,6,5,13,2,12,5,5,0,2,0,755,14,19,574,173,282,2,121,11,158,2,8,57,37,0,5,119,74,2,251,29,0,0,17,0,2,0,41,16,1,0,8,545,23,4,223,0,17,0,0,0,0,0,0,0,3,0,0,0,0,0,0,14,0,0,0,0,0,0,0,0,0,0,0,0,111,12,16,0,0,0,0,0,0,0,0,0,0,0,0,5924,2800,1757,6757,186,47,8,817,62,3,54,123,496,171,0,830,1359,433,123,1430,2,20,11,262,21,0,0,195,101,7,1,56,1943,876,1150,2968,287,5,14,1214,133,17,3,360,124,63,6,237,462,16,0,134,0,0,0,0,0,0,0,0,0,6,0,11,5722,2689,1732,7114,292,0,3,340,620,216,475,720,213,64,37,158,0,0,3,26,0,162,0,5,0,0,0,0,0,0,0,0,231,0,3,15,0,0,0,0,3,0,0,1,0,0,0,0,3338,890,261,874,466,26,30,270,35,0,16,183,6,305,0,59,1176,434,440,706,124,22,0,30,97,2,4,88,25,3,0
0,22,0,242,133,0,0,0,0,0,0,0,0,0,0,0,0,436,0,0,128,5,153,0,22,0,0,0,0,0,0,0,0,12,75,25,57,0,0,0,0,0,2,0,0,0,0,4,19,294,240,228,307,32,285,8,20,0,0,0,0,0,0,0,0,22,22,14,38,0,12,0,0,0,0,8,0,0,0,0,0,15,114,0,7,0,0,0,13,0,0,0,0,0,0,0,0,545,24,81,55,173,53,13,13,0,0,0,0,0,0,0,0,62,53,0,83,0,0,0,9,0,0,0,0,0,0,0,9,265,7,1,36,2,0,0,0,0,3,0,0,0,0,0,0,0,4,0,0,0,0,0,0,0,0,0,0,0,0,0,0,712,155,0,3,0,0,0,2,0,0,0,0,0,0,0,0,256,477,2,151,0,0,0,49,0,0,0,8,0,8,0,0,0,0,0,0,0,0,0,0,0,0,0,0,0,0,0,1,15,1,26,34,0,0,0,26,6,10,0,90,0,0,0,0,159,12,6,54,0,1,0,0,2,2,0,6,14,0,0,5,0,13,0,0,0,0,0,0,7,0,0,0,0,0,0,0,441,20,0,31,0,5,0,0,6,0,0,1,0,0,0,0,19,18,0,35,0,0,0,1,23,1,0,0,0,1,0,9,55,22,10,89,8,0,0,1,0,0,0,0,17,0,0,0,3,1,3,0,1,1,0,0,0,0,0,0,0,0,0,0,4,168,101,57,0,0,0,0,0,6,0,0,0,0,0,0,8,1,1,115,11,65,2,14,16,0,0,0,0,0,0,0,140,44,2,121,0,0,0,5,0,0,0,0,0,0,0,0,9,0,0,3,0,0,0,0,0,0,0,0,13,0,0,0,36,4,2,36,0,0,10,6,0,0,0,4,0,0,0,64,24,1,0,19,0,0,0,109,0,0,0,1,0,0,0,2,35,8,0,10,1,0,0,0,0,1,0,0,0,0,0,0,0,0,0,17,0,0,0,0,0,0,0,0,0,0,0,0,0,0,0,0,0,0,0,2,0,0,0,0,0,0,2,0,39,39,16,156,0,0,0,0,0,0,0,6,0,0,0,0,32,987,27,56,0,13,0,4,0,0,0,0,0,0,0,0,131,0,1,36,113,0,0,0,0,0,0,0,0,0,0,0,0,0,10,304,0,0,0,128,0,0,0,0,0,0,0,0,143,70,0,95,0,0,0,0,0,0,0,0,0,0,0,0,297,33,0,37,19,0,0,0,0,0,0,0,0,0,0,0,25,3,0,16,0,0,1,0,8,0,0,12,0,0,0,0,634,22,22,69,11,14,0,3,200,0,0,39,0,0,0,0,57,7,0,197,36,0,0,2,0,4,0,0,0,0,0,109,1,0,21,18,1,0,0,4,0,0,0,0,0,0,0,0,11,0,0,4,0,0,0,3,0,0,0,0,0,0,0,0,1997,980,454,1290,36,14,13,418,220,0,0,53,2,35,0,168,291,12,125,93,0,0,4,2,1,0,0,6,0,0,0,2,2737,584,696,1671,500,112,464,192,41,504,66,270,0,0,0,4,198,11,6,204,183,10,17,25,0,0,2,11,0,0,0,0,4523,881,1855,2447,410,134,212,76,424,5,163,0,342,3,0,260,4361,2193,2323,6469,367,5,575,1028,33,20,379,271,376,0,0,5,0,16,3,4,0,0,0,6,2,0,0,0,0,0,0,0,753,34,12,115,19,1,0,22,1,0,0,2,0,0,0,0,371,6,8,30,184,3,3,4,5,1,13,13,4,2,0,10,1350,1292,535,417,501,183,6,5,13,2,12,5,5,0,2,0,755,14,19,574,173,282,2,121,11,158,2,8,57,37,0,5,119,74,2,251,29,0,0,17,0,2,0,41,16,1,0,8,545,23,4,223,0,17,0,0,0,0,0,0,0,3,0,0,0,0,0,0,14,0,0,0,0,0,0,0,0,0,0,0,0,111,12,16,0,0,0,0,0,0,0,0,0,0,0,0,5924,2800,1757,6757,186,47,8,817,62,3,54,123,496,171,0,830,1359,433,123,1430,2,20,11,262,21,0,0,195,101,7,1,56,1943,876,1149,2968,287,5,14,1214,133,17,3,360,124,63,6,237,462,16,0,134,0,0,0,0,0,0,0,0,0,6,0,11,5724,2689,1731,7113,292,0,3,340,620,216,475,720,213,64,37,158,0,0,3,26,0,162,0,5,0,0,0,0,0,0,0,0,231,0,3,15,0,0,0,0,3,0,0,1,0,0,0,0,3338,890,261,874,466,26,30,270,35,0,16,183,6,305,0,59,1176,434,440,706,124,22,0,30,97,2,4,88,25,3,0
0,22,0,242,133,0,0,0,0,0,0,0,0,0,0,0,0,436,0,0,128,5,153,0,22,0,0,0,0,0,0,0,0,12,75,25,57,0,0,0,0,0,2,0,0,0,0,4,19,294,240,228,307,32,285,8,20,0,0,0,0,0,0,0,0,22,22,14,38,0,12,0,0,0,0,8,0,0,0,0,0,15,114,0,7,0,0,0,13,0,0,0,0,0,0,0,0,545,24,81,55,173,53,13,13,0,0,0,0,0,0,0,0,62,53,0,83,0,0,0,9,0,0,0,0,0,0,0,9,265,7,1,36,2,0,0,0,0,3,0,0,0,0,0,0,0,4,0,0,0,0,0,0,0,0,0,0,0,0,0,0,712,155,0,3,0,0,0,2,0,0,0,0,0,0,0,0,256,477,2,151,0,0,0,49,0,0,0,8,0,8,0,0,0,0,0,0,0,0,0,0,0,0,0,0,0,0,0,1,15,1,26,34,0,0,0,26,6,10,0,90,0,0,0,0,159,12,6,54,0,1,0,0,2,2,0,6,14,0,0,5,0,13,0,0,0,0,0,0,7,0,0,0,0,0,0,0,441,20,0,31,0,5,0,0,6,0,0,1,0,0,0,0,19,18,0,35,0,0,0,1,23,1,0,0,0,1,0,9,55,22,10,89,8,0,0,1,0,0,0,0,17,0,0,0,3,1,3,0,1,1,0,0,0,0,0,0,0,0,0,0,4,168,101,57,0,0,0,0,0,6,0,0,0,0,0,0,8,1,1,115,11,65,2,14,16,0,0,0,0,0,0,0,140,44,2,121,0,0,0,5,0,0,0,0,0,0,0,0,9,0,0,3,0,0,0,0,0,0,0,0,13,0,0,0,36,4,2,36,0,0,10,6,0,0,0,4,0,0,0,64,24,1,0,19,0,0,0,109,0,0,0,1,0,0,0,2,35,8,0,10,1,0,0,0,0,1,0,0,0,0,0,0,0,0,0,17,0,0,0,0,0,0,0,0,0,0,0,0,0,0,0,0,0,0,0,2,0,0,0,0,0,0,2,0,39,39,16,156,0,0,0,0,0,0,0,6,0,0,0,0,32,987,27,56,0,13,0,4,0,0,0,0,0,0,0,0,131,0,1,36,113,0,0,0,0,0,0,0,0,0,0,0,0,0,10,304,0,0,0,128,0,0,0,0,0,0,0,0,143,70,0,95,0,0,0,0,0,0,0,0,0,0,0,0,297,33,0,37,19,0,0,0,0,0,0,0,0,0,0,0,25,3,0,16,0,0,1,0,8,0,0,12,0,0,0,0,634,22,22,69,11,14,0,3,200,0,0,39,0,0,0,0,57,7,0,197,36,0,0,2,0,4,0,0,0,0,0,109,1,0,21,18,1,0,0,4,0,0,0,0,0,0,0,0,11,0,0,4,0,0,0,3,0,0,0,0,0,0,0,0,1997,980,454,1290,36,14,13,418,220,0,0,53,2,35,0,168,291,12,125,93,0,0,4,2,1,0,0,6,0,0,0,2,2738,584,696,1671,500,112,464,192,41,504,66,270,0,0,0,4,198,11,6,204,183,10,17,25,0,0,2,11,0,0,0,0,4521,881,1855,2447,411,134,212,76,425,5,163,0,342,3,0,260,4361,2192,2323,6470,367,5,575,1028,33,20,379,271,376,0,0,5,0,16,3,4,0,0,0,6,2,0,0,0,0,0,0,0,753,34,12,115,19,1,0,22,1,0,0,2,0,0,0,0,371,6,8,30,184,3,3,4,5,1,13,13,4,2,0,10,1350,1292,535,417,501,183,6,5,13,2,12,5,5,0,2,0,755,14,19,574,173,282,2,121,11,158,2,8,57,37,0,5,119,74,2,251,29,0,0,17,0,2,0,41,16,1,0,8,545,23,4,223,0,17,0,0,0,0,0,0,0,3,0,0,0,0,0,0,14,0,0,0,0,0,0,0,0,0,0,0,0,111,12,16,0,0,0,0,0,0,0,0,0,0,0,0,5924,2800,1757,6757,186,47,8,817,62,3,54,123,496,171,0,830,1359,433,123,1430,2,20,11,262,21,0,0,195,101,7,1,56,1943,876,1149,2968,287,5,14,1214,133,17,3,360,124,63,6,237,462,16,0,134,0,0,0,0,0,0,0,0,0,6,0,11,5722,2689,1733,7114,292,0,3,340,620,216,475,720,213,64,37,158,0,0,3,26,0,162,0,5,0,0,0,0,0,0,0,0,231,0,3,15,0,0,0,0,3,0,0,1,0,0,0,0,3338,890,261,874,466,26,30,270,35,0,16,183,6,305,0,59,1176,434,440,706,124,22,0,30,97,2,4,88,25,3,0
0,22,0,242,133,0,0,0,0,0,0,0,0,0,0,0,0,436,0,0,128,5,153,0,22,0,0,0,0,0,0,0,0,12,75,25,57,0,0,0,0,0,2,0,0,0,0,4,19,294,240,228,307,32,285,8,20,0,0,0,0,0,0,0,0,22,22,14,38,0,12,0,0,0,0,8,0,0,0,0,0,15,114,0,7,0,0,0,13,0,0,0,0,0,0,0,0,545,24,81,55,173,53,13,13,0,0,0,0,0,0,0,0,62,53,0,83,0,0,0,9,0,0,0,0,0,0,0,9,265,7,1,36,2,0,0,0,0,3,0,0,0,0,0,0,0,4,0,0,0,0,0,0,0,0,0,0,0,0,0,0,712,155,0,3,0,0,0,2,0,0,0,0,0,0,0,0,256,477,2,151,0,0,0,49,0,0,0,8,0,8,0,0,0,0,0,0,0,0,0,0,0,0,0,0,0,0,0,1,15,1,26,34,0,0,0,26,6,10,0,90,0,0,0,0,159,12,6,54,0,1,0,0,2,2,0,6,14,0,0,5,0,13,0,0,0,0,0,0,7,0,0,0,0,0,0,0,441,20,0,31,0,5,0,0,6,0,0,1,0,0,0,0,19,18,0,35,0,0,0,1,23,1,0,0,0,1,0,9,55,22,10,89,8,0,0,1,0,0,0,0,17,0,0,0,3,1,3,0,1,1,0,0,0,0,0,0,0,0,0,0,4,168,101,57,0,0,0,0,0,6,0,0,0,0,0,0,8,1,1,115,11,65,2,14,16,0,0,0,0,0,0,0,140,44,2,121,0,0,0,5,0,0,0,0,0,0,0,0,9,0,0,3,0,0,0,0,0,0,0,0,13,0,0,0,36,4,2,36,0,0,10,6,0,0,0,4,0,0,0,64,24,1,0,19,0,0,0,109,0,0,0,1,0,0,0,2,35,8,0,10,1,0,0,0,0,1,0,0,0,0,0,0,0,0,0,17,0,0,0,0,0,0,0,0,0,0,0,0,0,0,0,0,0,0,0,2,0,0,0,0,0,0,2,0,39,39,16,156,0,0,0,0,0,0,0,6,0,0,0,0,32,987,27,56,0,13,0,4,0,0,0,0,0,0,0,0,131,0,1,37,113,0,0,0,0,0,0,0,0,0,0,0,0,0,10,304,0,0,0,128,0,0,0,0,0,0,0,0,143,70,0,95,0,0,0,0,0,0,0,0,0,0,0,0,297,33,0,37,19,0,0,0,0,0,0,0,0,0,0,0,25,3,0,16,0,0,1,0,8,0,0,12,0,0,0,0,634,22,22,69,11,14,0,3,200,0,0,39,0,0,0,0,58,7,0,197,37,0,0,2,0,4,0,0,0,0,0,109,1,0,21,18,1,0,0,4,0,0,0,0,0,0,0,0,11,0,0,4,0,0,0,3,0,0,0,0,0,0,0,0,1997,980,454,1290,36,14,13,418,220,0,0,53,2,35,0,168,291,12,125,93,0,0,4,2,1,0,0,6,0,0,0,2,2737,584,696,1671,500,112,464,192,41,504,66,270,0,0,0,4,198,11,6,204,183,10,17,25,0,0,2,11,0,0,0,0,4521,881,1855,2447,410,134,212,76,424,5,163,0,342,3,0,260,4360,2192,2323,6469,367,5,575,1028,33,20,379,271,376,0,0,5,0,16,3,4,0,0,0,6,2,0,0,0,0,0,0,0,753,34,12,115,19,1,0,22,1,0,0,2,0,0,0,0,371,6,8,30,184,3,3,4,5,1,13,13,4,2,0,10,1350,1292,535,417,501,183,6,5,13,2,12,5,5,0,2,0,755,14,19,574,173,282,2,121,11,158,2,8,57,37,0,5,119,74,2,251,29,0,0,17,0,2,0,41,16,1,0,8,545,23,4,223,0,17,0,0,0,0,0,0,0,3,0,0,0,0,0,0,14,0,0,0,0,0,0,0,0,0,0,0,0,111,12,16,0,0,0,0,0,0,0,0,0,0,0,0,5924,2800,1757,6757,186,47,8,817,62,3,54,123,496,171,0,830,1361,433,123,1432,2,20,11,262,21,0,0,195,101,7,1,56,1943,876,1149,2968,287,5,14,1214,133,17,3,360,124,63,6,237,462,16,0,134,0,0,0,0,0,0,0,0,0,6,0,11,5722,2689,1731,7113,292,0,3,340,620,216,475,720,213,64,37,158,0,0,3,26,0,162,0,5,0,0,0,0,0,0,0,0,231,0,3,15,0,0,0,0,3,0,0,1,0,0,0,0,3338,890,261,874,466,26,30,270,35,0,16,183,6,305,0,59,1176,434,440,706,124,22,0,30,97,2,4,88,25,3,0
0,22,0,242,133,0,0,0,0,0,0,0,0,0,0,0,0,436,0,0,128,5,153,0,22,0,0,0,0,0,0,0,0,12,75,25,57,0,0,0,0,0,2,0,0,0,0,4,19,294,240,228,307,32,285,8,20,0,0,0,0,0,0,0,0,22,22,14,38,0,12,0,0,0,0,8,0,0,0,0,0,15,114,0,7,0,0,0,13,0,0,0,0,0,0,0,0,545,24,81,55,173,53,13,13,0,0,0,0,0,0,0,0,62,53,0,83,0,0,0,9,0,0,0,0,0,0,0,9,266,7,1,36,2,0,0,0,0,3,0,0,0,0,0,0,0,4,0,0,0,0,0,0,0,0,0,0,0,0,0,0,712,155,0,3,0,0,0,2,0,0,0,0,0,0,0,0,256,477,2,151,0,0,0,49,0,0,0,8,0,8,0,0,0,0,0,0,0,0,0,0,0,0,0,0,0,0,0,1,15,1,26,34,0,0,0,26,6,10,0,90,0,0,0,0,159,12,6,54,0,1,0,0,2,2,0,6,14,0,0,5,0,13,0,0,0,0,0,0,7,0,0,0,0,0,0,0,441,20,0,31,0,5,0,0,6,0,0,1,0,0,0,0,19,18,0,35,0,0,0,1,23,1,0,0,0,1,0,9,55,22,10,89,8,0,0,1,0,0,0,0,17,0,0,0,3,1,3,0,1,1,0,0,0,0,0,0,0,0,0,0,4,168,101,57,0,0,0,0,0,6,0,0,0,0,0,0,8,1,1,115,11,65,2,14,16,0,0,0,0,0,0,0,140,44,2,121,0,0,0,5,0,0,0,0,0,0,0,0,9,0,0,3,0,0,0,0,0,0,0,0,13,0,0,0,36,4,2,36,0,0,10,6,0,0,0,4,0,0,0,64,24,1,0,19,0,0,0,109,0,0,0,1,0,0,0,2,35,8,0,10,1,0,0,0,0,1,0,0,0,0,0,0,0,0,0,17,0,0,0,0,0,0,0,0,0,0,0,0,0,0,0,0,0,0,0,2,0,0,0,0,0,0,2,0,39,39,16,156,0,0,0,0,0,0,0,6,0,0,0,0,32,987,27,56,0,13,0,4,0,0,0,0,0,0,0,0,131,0,1,36,113,0,0,0,0,0,0,0,0,0,0,0,0,0,10,304,0,0,0,128,0,0,0,0,0,0,0,0,143,70,0,95,0,0,0,0,0,0,0,0,0,0,0,0,297,33,0,37,19,0,0,0,0,0,0,0,0,0,0,0,25,3,0,16,0,0,1,0,8,0,0,12,0,0,0,0,634,22,22,69,11,14,0,3,200,0,0,39,0,0,0,0,57,7,0,197,36,0,0,2,0,4,0,0,0,0,0,109,1,0,21,18,1,0,0,4,0,0,0,0,0,0,0,0,11,0,0,4,0,0,0,3,0,0,0,0,0,0,0,0,1997,980,454,1290,36,14,13,418,220,0,0,53,2,35,0,168,291,12,125,93,0,0,4,2,1,0,0,6,0,0,0,2,2737,584,696,1671,500,112,464,192,41,504,66,270,0,0,0,4,198,11,6,204,183,10,17,25,0,0,2,11,0,0,0,0,4521,881,1855,2447,410,134,212,76,424,5,163,0,342,3,0,260,4360,2194,2324,6472,367,5,576,1028,33,20,379,272,376,0,0,5,0,16,3,4,0,0,0,6,2,0,0,0,0,0,0,0,753,34,12,115,19,1,0,22,1,0,0,2,0,0,0,0,371,6,8,30,184,3,3,4,5,1,13,13,4,2,0,10,1350,1292,535,417,501,183,6,5,13,2,12,5,5,0,2,0,755,14,19,574,173,282,2,121,11,158,2,8,57,37,0,5,119,74,2,251,29,0,0,17,0,2,0,41,16,1,0,8,545,23,4,223,0,17,0,0,0,0,0,0,0,3,0,0,0,0,0,0,14,0,0,0,0,0,0,0,0,0,0,0,0,111,12,16,0,0,0,0,0,0,0,0,0,0,0,0,5924,2800,1757,6757,186,47,8,817,62,3,54,123,496,171,0,830,1359,433,123,1430,2,20,11,262,21,0,0,195,101,7,1,56,1943,878,1149,2968,287,5,14,1214,133,17,3,362,124,63,6,237,462,16,0,134,0,0,0,0,0,0,0,0,0,6,0,11,5722,2689,1731,7117,292,0,3,340,621,216,476,720,213,64,37,158,0,0,3,26,0,163,0,5,0,0,0,0,0,0,0,0,231,0,3,15,0,0,0,0,3,0,0,1,0,0,0,0,3338,890,261,874,466,26,30,270,35,0,16,183,6,305,0,59,1176,434,440,706,124,22,0,30,97,2,4,88,25,3,0
0,22,0,242,133,0,0,0,0,0,0,0,0,0,0,0,0,436,0,0,128,5,153,0,22,0,0,0,0,0,0,0,0,12,75,25,57,0,0,0,0,0,2,0,0,0,0,4,19,294,240,228,307,32,285,8,20,0,0,0,0,0,0,0,0,22,22,14,38,0,12,0,0,0,0,8,0,0,0,0,0,15,114,0,7,0,0,0,13,0,0,0,0,0,0,0,0,545,24,81,55,173,53,13,13,0,0,0,0,0,0,0,0,62,53,0,83,0,0,0,9,0,0,0,0,0,0,0,9,265,7,1,36,2,0,0,0,0,3,0,0,0,0,0,0,0,4,0,0,0,0,0,0,0,0,0,0,0,0,0,0,712,155,0,3,0,0,0,2,0,0,0,0,0,0,0,0,256,477,2,151,0,0,0,49,0,0,0,8,0,8,0,0,0,0,0,0,0,0,0,0,0,0,0,0,0,0,0,1,15,1,26,34,0,0,0,26,6,10,0,90,0,0,0,0,159,12,6,54,0,1,0,0,2,2,0,6,14,0,0,5,0,13,0,0,0,0,0,0,7,0,0,0,0,0,0,0,441,20,0,31,0,5,0,0,6,0,0,1,0,0,0,0,19,18,0,35,0,0,0,1,23,1,0,0,0,1,0,9,55,22,10,89,8,0,0,1,0,0,0,0,17,0,0,0,3,1,3,0,1,1,0,0,0,0,0,0,0,0,0,0,4,168,101,57,0,0,0,0,0,6,0,0,0,0,0,0,8,1,1,115,11,65,2,14,16,0,0,0,0,0,0,0,140,44,2,121,0,0,0,5,0,0,0,0,0,0,0,0,9,0,0,3,0,0,0,0,0,0,0,0,13,0,0,0,36,4,2,36,0,0,10,6,0,0,0,4,0,0,0,64,24,1,0,19,0,0,0,109,0,0,0,1,0,0,0,2,35,8,0,10,1,0,0,0,0,1,0,0,0,0,0,0,0,0,0,17,0,0,0,0,0,0,0,0,0,0,0,0,0,0,0,0,0,0,0,2,0,0,0,0,0,0,2,0,39,39,16,156,0,0,0,0,0,0,0,6,0,0,0,0,32,987,27,56,0,13,0,4,0,0,0,0,0,0,0,0,131,0,1,36,113,0,0,0,0,0,0,0,0,0,0,0,0,0,10,304,0,0,0,128,0,0,0,0,0,0,0,0,143,70,0,95,0,0,0,0,0,0,0,0,0,0,0,0,297,33,0,37,19,0,0,0,0,0,0,0,0,0,0,0,25,3,0,16,0,0,1,0,8,0,0,12,0,0,0,0,634,22,22,69,11,14,0,3,200,0,0,39,0,0,0,0,57,7,0,197,36,0,0,2,0,4,0,0,0,0,0,109,1,0,21,18,1,0,0,4,0,0,0,0,0,0,0,0,11,0,0,4,0,0,0,3,0,0,0,0,0,0,0,0,1997,980,454,1290,36,14,13,418,220,0,0,53,2,35,0,168,291,12,125,93,0,0,4,2,1,0,0,6,0,0,0,2,2737,584,696,1671,500,112,464,192,41,504,66,270,0,0,0,4,198,11,6,205,184,10,17,25,0,0,2,11,0,0,0,0,4521,881,1855,2447,410,134,212,76,424,5,163,0,342,3,0,260,4360,2192,2323,6469,367,5,575,1028,33,20,379,271,376,0,0,5,0,16,3,4,0,0,0,6,2,0,0,0,0,0,0,0,753,34,12,115,19,1,0,22,1,0,0,2,0,0,0,0,371,6,8,30,184,3,3,4,5,1,13,13,4,2,0,10,1350,1292,535,417,501,183,6,5,13,2,12,5,5,0,2,0,755,14,19,574,173,282,2,121,11,158,2,8,57,37,0,5,119,74,2,252,29,0,0,17,0,2,0,41,16,1,0,8,545,23,4,224,0,17,0,0,0,0,0,0,0,3,0,0,0,0,0,0,14,0,0,0,0,0,0,0,0,0,0,0,0,111,12,16,0,0,0,0,0,0,0,0,0,0,0,0,5924,2800,1757,6757,186,47,8,817,62,3,54,123,496,171,0,830,1359,433,123,1430,2,20,11,262,21,0,0,195,101,7,1,56,1943,876,1149,2968,287,5,14,1214,133,17,3,360,124,63,6,237,462,16,0,134,0,0,0,0,0,0,0,0,0,6,0,11,5722,2689,1731,7114,292,0,3,340,620,216,475,720,213,64,37,158,0,0,3,26,0,162,0,5,0,0,0,0,0,0,0,0,231,0,3,15,0,0,0,0,3,0,0,1,0,0,0,0,3338,890,261,874,466,26,30,270,35,0,16,183,6,305,0,59,1176,434,440,706,124,22,0,30,97,2,4,88,25,3,0
0,22,0,242,133,0,0,0,0,0,0,0,0,0,0,0,0,436,0,0,128,5,153,0,22,0,0,0,0,0,0,0,0,12,75,25,57,0,0,0,0,0,2,0,0,0,0,4,19,294,240,228,307,32,285,8,20,0,0,0,0,0,0,0,0,22,22,14,38,0,12,0,0,0,0,8,0,0,0,0,0,15,114,0,7,0,0,0,13,0,0,0,0,0,0,0,0,545,24,81,55,173,53,13,13,0,0,0,0,0,0,0,0,62,53,0,83,0,0,0,9,0,0,0,0,0,0,0,9,265,7,1,36,2,0,0,0,0,3,0,0,0,0,0,0,0,4,0,0,0,0,0,0,0,0,0,0,0,0,0,0,712,155,0,3,0,0,0,2,0,0,0,0,0,0,0,0,256,477,2,151,0,0,0,49,0,0,0,8,0,8,0,0,0,0,0,0,0,0,0,0,0,0,0,0,0,0,0,1,15,1,26,34,0,0,0,26,6,10,0,90,0,0,0,0,159,12,6,54,0,1,0,0,2,2,0,6,14,0,0,5,0,13,0,0,0,0,0,0,7,0,0,0,0,0,0,0,441,20,0,31,0,5,0,0,6,0,0,1,0,0,0,0,19,18,0,35,0,0,0,1,23,1,0,0,0,1,0,9,55,22,10,89,8,0,0,1,0,0,0,0,17,0,0,0,3,1,3,0,1,1,0,0,0,0,0,0,0,0,0,0,4,168,101,57,0,0,0,0,0,6,0,0,0,0,0,0,8,1,1,115,11,65,2,14,16,0,0,0,0,0,0,0,140,44,2,121,0,0,0,5,0,0,0,0,0,0,0,0,9,0,0,3,0,0,0,0,0,0,0,0,13,0,0,0,36,4,2,36,0,0,10,6,0,0,0,4,0,0,0,64,24,1,0,19,0,0,0,109,0,0,0,1,0,0,0,2,35,8,0,10,1,0,0,0,0,1,0,0,0,0,0,0,0,0,0,17,0,0,0,0,0,0,0,0,0,0,0,0,0,0,0,0,0,0,0,2,0,0,0,0,0,0,2,0,39,39,16,156,0,0,0,0,0,0,0,6,0,0,0,0,32,987,27,56,0,13,0,4,0,0,0,0,0,0,0,0,131,0,1,36,113,0,0,0,0,0,0,0,0,0,0,0,0,0,10,304,0,0,0,128,0,0,0,0,0,0,0,0,143,70,0,95,0,0,0,0,0,0,0,0,0,0,0,0,297,33,0,37,19,0,0,0,0,0,0,0,0,0,0,0,25,3,0,16,0,0,1,0,8,0,0,12,0,0,0,0,634,22,22,69,11,14,0,3,200,0,0,39,0,0,0,0,57,7,0,197,36,0,0,2,0,4,0,0,0,0,0,109,1,0,21,18,1,0,0,4,0,0,0,0,0,0,0,0,11,0,0,4,0,0,0,3,0,0,0,0,0,0,0,0,1997,980,454,1290,36,14,13,418,220,0,0,53,2,35,0,168,291,12,125,93,0,0,4,2,1,0,0,6,0,0,0,2,2737,584,696,1671,500,112,464,192,41,504,66,270,0,0,0,4,198,11,6,204,183,10,17,25,0,0,2,11,0,0,0,0,4522,881,1856,2447,410,134,212,76,424,5,163,0,342,3,0,260,4361,2193,2323,6469,367,5,575,1028,33,20,379,271,376,0,0,5,0,16,3,4,0,0,0,6,2,0,0,0,0,0,0,0,753,34,12,115,19,1,0,22,1,0,0,2,0,0,0,0,371,6,8,30,184,3,3,4,5,1,13,13,4,2,0,10,1350,1292,535,417,501,183,6,5,13,2,12,5,5,0,2,0,755,14,19,574,173,282,2,121,11,158,2,8,57,37,0,5,119,74,2,251,29,0,0,17,0,2,0,41,16,1,0,8,545,23,4,223,0,17,0,0,0,0,0,0,0,3,0,0,0,0,0,0,14,0,0,0,0,0,0,0,0,0,0,0,0,111,12,16,0,0,0,0,0,0,0,0,0,0,0,0,5924,2800,1757,6757,186,47,8,817,62,3,54,123,496,171,0,830,1359,433,123,1430,2,20,11,262,21,0,0,195,101,7,1,56,1944,876,1149,2968,287,5,14,1214,133,17,3,360,124,63,6,237,462,16,0,134,0,0,0,0,0,0,0,0,0,6,0,11,5723,2689,1732,7113,293,0,3,340,620,216,475,720,213,64,37,158,0,0,3,26,0,162,0,5,0,0,0,0,0,0,0,0,231,0,3,15,0,0,0,0,3,0,0,1,0,0,0,0,3338,890,261,874,466,26,30,270,35,0,16,183,6,305,0,59,1176,434,440,706,124,22,0,30,97,2,4,88,25,3,0
0,22,0,242,133,0,0,0,0,0,0,0,0,0,0,0,0,436,0,0,128,5,153,0,22,0,0,0,0,0,0,0,0,12,75,25,57,0,0,0,0,0,2,0,0,0,0,4,19,294,240,228,307,32,285,8,20,0,0,0,0,0,0,0,0,22,22,14,38,0,12,0,0,0,0,8,0,0,0,0,0,15,114,0,7,0,0,0,13,0,0,0,0,0,0,0,0,545,24,81,55,173,53,13,13,0,0,0,0,0,0,0,0,62,53,0,83,0,0,0,9,0,0,0,0,0,0,0,9,265,7,1,36,2,0,0,0,0,3,0,0,0,0,0,0,0,4,0,0,0,0,0,0,0,0,0,0,0,0,0,0,712,155,0,3,0,0,0,2,0,0,0,0,0,0,0,0,256,477,2,151,0,0,0,49,0,0,0,8,0,8,0,0,0,0,0,0,0,0,0,0,0,0,0,0,0,0,0,1,15,1,26,34,0,0,0,26,6,10,0,90,0,0,0,0,159,12,6,54,0,1,0,0,2,2,0,6,14,0,0,5,0,13,0,0,0,0,0,0,7,0,0,0,0,0,0,0,441,20,0,31,0,5,0,0,6,0,0,1,0,0,0,0,19,18,0,35,0,0,0,1,23,1,0,0,0,1,0,9,55,22,10,89,8,0,0,1,0,0,0,0,17,0,0,0,3,1,3,0,1,1,0,0,0,0,0,0,0,0,0,0,4,168,101,57,0,0,0,0,0,6,0,0,0,0,0,0,8,1,1,115,11,65,2,14,16,0,0,0,0,0,0,0,140,44,2,121,0,0,0,5,0,0,0,0,0,0,0,0,9,0,0,3,0,0,0,0,0,0,0,0,13,0,0,0,36,4,2,36,0,0,10,6,0,0,0,4,0,0,0,64,24,1,0,19,0,0,0,109,0,0,0,1,0,0,0,2,35,8,0,10,1,0,0,0,0,1,0,0,0,0,0,0,0,0,0,17,0,0,0,0,0,0,0,0,0,0,0,0,0,0,0,0,0,0,0,2,0,0,0,0,0,0,2,0,39,39,16,156,0,0,0,0,0,0,0,6,0,0,0,0,32,987,27,56,0,13,0,4,0,0,0,0,0,0,0,0,131,0,1,36,113,0,0,0,0,0,0,0,0,0,0,0,0,0,10,304,0,0,0,128,0,0,0,0,0,0,0,0,143,70,0,95,0,0,0,0,0,0,0,0,0,0,0,0,297,33,0,37,19,0,0,0,0,0,0,0,0,0,0,0,25,3,0,16,0,0,1,0,8,0,0,12,0,0,0,0,634,22,22,69,11,14,0,3,200,0,0,39,0,0,0,0,57,7,0,197,36,0,0,2,0,4,0,0,0,0,0,109,1,0,21,18,1,0,0,4,0,0,0,0,0,0,0,0,11,0,0,4,0,0,0,3,0,0,0,0,0,0,0,0,1997,980,454,1290,36,14,13,418,220,0,0,53,2,35,0,168,291,12,125,93,0,0,4,2,1,0,0,6,0,0,0,2,2737,584,696,1671,500,112,464,192,41,504,66,270,0,0,0,4,198,11,6,204,183,10,17,25,0,0,2,11,0,0,0,0,4521,881,1855,2447,410,134,212,76,424,5,163,0,342,3,0,260,4360,2192,2323,6469,367,5,575,1028,33,20,379,271,376,0,0,5,0,16,3,4,0,0,0,6,2,0,0,0,0,0,0,0,753,34,12,115,19,1,0,22,1,0,0,2,0,0,0,0,371,6,8,30,184,3,3,4,5,1,13,13,4,2,0,10,1350,1292,535,417,501,183,6,5,13,2,12,5,5,0,2,0,755,14,19,574,173,282,2,121,11,158,2,8,57,37,0,5,119,74,2,251,29,0,0,17,0,2,0,41,16,1,0,8,545,23,4,223,0,17,0,0,0,0,0,0,0,3,0,0,0,0,0,0,14,0,0,0,0,0,0,0,0,0,0,0,0,111,12,16,0,0,0,0,0,0,0,0,0,0,0,0,5924,2801,1757,6757,187,47,8,817,62,3,54,123,496,171,0,830,1359,433,123,1430,2,20,11,262,21,0,0,195,101,7,1,56,1943,876,1150,2968,287,5,14,1214,133,17,3,360,124,63,6,237,462,16,0,134,0,0,0,0,0,0,0,0,0,6,0,11,5723,2690,1731,7113,292,0,3,340,620,216,475,720,213,64,37,158,0,0,3,26,0,162,0,5,0,0,0,0,0,0,0,0,231,0,3,15,0,0,0,0,3,0,0,1,0,0,0,0,3338,892,261,874,466,26,30,270,35,0,16,183,6,305,0,59,1176,434,440,706,124,22,0,30,97,2,4,88,25,3,0
0,22,0,242,133,0,0,0,0,0,0,0,0,0,0,0,0,436,0,0,128,5,153,0,22,0,0,0,0,0,0,0,0,12,75,25,57,0,0,0,0,0,2,0,0,0,0,4,19,294,240,228,307,32,285,8,20,0,0,0,0,0,0,0,0,22,22,14,38,0,12,0,0,0,0,8,0,0,0,0,0,15,114,0,7,0,0,0,13,0,0,0,0,0,0,0,0,545,24,81,55,173,53,13,13,0,0,0,0,0,0,0,0,62,53,0,83,0,0,0,9,0,0,0,0,0,0,0,9,265,7,1,36,2,0,0,0,0,3,0,0,0,0,0,0,0,4,0,0,0,0,0,0,0,0,0,0,0,0,0,0,712,155,0,3,0,0,0,2,0,0,0,0,0,0,0,0,256,477,2,151,0,0,0,49,0,0,0,8,0,8,0,0,0,0,0,0,0,0,0,0,0,0,0,0,0,0,0,1,15,1,26,34,0,0,0,26,6,10,0,90,0,0,0,0,159,12,6,54,0,1,0,0,2,2,0,6,14,0,0,5,0,13,0,0,0,0,0,0,7,0,0,0,0,0,0,0,441,20,0,31,0,5,0,0,6,0,0,1,0,0,0,0,19,18,0,35,0,0,0,1,23,1,0,0,0,1,0,9,55,22,10,89,8,0,0,1,0,0,0,0,17,0,0,0,3,1,3,0,1,1,0,0,0,0,0,0,0,0,0,0,4,168,101,57,0,0,0,0,0,6,0,0,0,0,0,0,8,1,1,115,11,65,2,14,16,0,0,0,0,0,0,0,140,44,2,121,0,0,0,5,0,0,0,0,0,0,0,0,9,0,0,3,0,0,0,0,0,0,0,0,13,0,0,0,36,4,2,36,0,0,10,6,0,0,0,4,0,0,0,64,24,1,0,19,0,0,0,109,0,0,0,1,0,0,0,2,35,8,0,10,1,0,0,0,0,1,0,0,0,0,0,0,0,0,0,17,0,0,0,0,0,0,0,0,0,0,0,0,0,0,0,0,0,0,0,2,0,0,0,0,0,0,2,0,39,39,16,156,0,0,0,0,0,0,0,6,0,0,0,0,32,987,27,56,0,13,0,4,0,0,0,0,0,0,0,0,131,0,1,36,113,0,0,0,0,0,0,0,0,0,0,0,0,0,10,304,0,0,0,128,0,0,0,0,0,0,0,0,143,70,0,95,0,0,0,0,0,0,0,0,0,0,0,0,297,33,0,37,19,0,0,0,0,0,0,0,0,0,0,0,25,3,0,16,0,0,1,0,8,0,0,12,0,0,0,0,634,22,22,69,11,14,0,3,200,0,0,39,0,0,0,0,57,7,0,197,36,0,0,2,0,4,0,0,0,0,0,109,1,0,21,18,1,0,0,4,0,0,0,0,0,0,0,0,11,0,0,4,0,0,0,3,0,0,0,0,0,0,0,0,1997,980,454,1290,36,14,13,418,220,0,0,53,2,35,0,168,291,12,125,93,0,0,4,2,1,0,0,6,0,0,0,2,2737,584,696,1671,500,112,464,192,41,504,66,270,0,0,0,4,198,11,6,204,183,10,17,25,0,0,2,11,0,0,0,0,4521,881,1855,2447,410,134,212,76,424,5,163,0,342,3,0,260,4360,2192,2323,6470,367,5,575,1028,33,20,379,271,376,0,0,5,0,16,3,4,0,0,0,6,2,0,0,0,0,0,0,0,753,34,12,115,19,1,0,22,1,0,0,2,0,0,0,0,371,6,8,30,184,3,3,4,5,1,13,13,4,2,0,10,1350,1292,535,417,501,183,6,5,13,2,12,5,5,0,2,0,755,14,19,574,173,282,2,121,11,158,2,8,57,37,0,5,119,74,2,251,29,0,0,17,0,2,0,41,16,1,0,8,545,23,4,223,0,17,0,0,0,0,0,0,0,3,0,0,0,0,0,0,14,0,0,0,0,0,0,0,0,0,0,0,0,111,12,16,0,0,0,0,0,0,0,0,0,0,0,0,5925,2801,1757,6757,186,47,8,817,62,3,54,123,496,171,0,830,1359,433,123,1430,2,20,11,262,21,0,0,195,101,7,1,56,1943,876,1149,2968,287,5,14,1214,133,17,3,360,124,63,6,237,462,16,0,134,0,0,0,0,0,0,0,0,0,6,0,11,5722,2689,1731,7113,292,0,3,340,620,216,475,720,213,64,37,158,0,0,3,26,0,162,0,5,0,0,0,0,0,0,0,0,231,0,3,15,0,0,0,0,3,0,0,1,0,0,0,0,3338,890,261,874,466,26,30,270,35,0,16,183,6,305,0,59,1176,434,440,706,124,22,0,30,97,2,4,88,25,3,0
0,22,0,242,133,0,0,0,0,0,0,0,0,0,0,0,0,436,0,0,128,5,153,0,22,0,0,0,0,0,0,0,0,12,75,25,57,0,0,0,0,0,2,0,0,0,0,4,19,294,240,228,307,32,285,8,20,0,0,0,0,0,0,0,0,22,22,14,38,0,12,0,0,0,0,8,0,0,0,0,0,15,114,0,7,0,0,0,13,0,0,0,0,0,0,0,0,545,24,81,55,173,53,13,13,0,0,0,0,0,0,0,0,62,53,0,83,0,0,0,9,0,0,0,0,0,0,0,9,265,7,1,36,2,0,0,0,0,3,0,0,0,0,0,0,0,4,0,0,0,0,0,0,0,0,0,0,0,0,0,0,712,155,0,3,0,0,0,2,0,0,0,0,0,0,0,0,256,477,2,151,0,0,0,49,0,0,0,8,0,8,0,0,0,0,0,0,0,0,0,0,0,0,0,0,0,0,0,1,15,1,26,34,0,0,0,26,6,10,0,90,0,0,0,0,159,12,6,54,0,1,0,0,2,2,0,6,14,0,0,5,0,13,0,0,0,0,0,0,7,0,0,0,0,0,0,0,441,20,0,31,0,5,0,0,6,0,0,1,0,0,0,0,19,18,0,35,0,0,0,1,23,1,0,0,0,1,0,9,55,22,10,89,8,0,0,1,0,0,0,0,17,0,0,0,3,1,3,0,1,1,0,0,0,0,0,0,0,0,0,0,4,168,101,57,0,0,0,0,0,6,0,0,0,0,0,0,8,1,1,115,11,65,2,14,16,0,0,0,0,0,0,0,140,44,2,121,0,0,0,5,0,0,0,0,0,0,0,0,9,0,0,3,0,0,0,0,0,0,0,0,13,0,0,0,36,4,2,36,0,0,10,6,0,0,0,4,0,0,0,64,24,1,0,19,0,0,0,109,0,0,0,1,0,0,0,2,35,8,0,10,1,0,0,0,0,1,0,0,0,0,0,0,0,0,0,17,0,0,0,0,0,0,0,0,0,0,0,0,0,0,0,0,0,0,0,2,0,0,0,0,0,0,2,0,39,39,16,156,0,0,0,0,0,0,0,6,0,0,0,0,32,987,27,56,0,13,0,4,0,0,0,0,0,0,0,0,131,0,1,36,113,0,0,0,0,0,0,0,0,0,0,0,0,0,10,304,0,0,0,128,0,0,0,0,0,0,0,0,143,70,0,95,0,0,0,0,0,0,0,0,0,0,0,0,297,33,0,37,19,0,0,0,0,0,0,0,0,0,0,0,25,3,0,16,0,0,1,0,8,0,0,12,0,0,0,0,634,22,22,69,11,14,0,3,200,0,0,39,0,0,0,0,57,7,0,197,36,0,0,2,0,4,0,0,0,0,0,109,1,0,21,18,1,0,0,4,0,0,0,0,0,0,0,0,11,0,0,4,0,0,0,3,0,0,0,0,0,0,0,0,1997,980,454,1290,36,14,13,418,220,0,0,53,2,35,0,168,291,12,125,93,0,0,4,2,1,0,0,6,0,0,0,2,2737,584,696,1672,500,112,464,192,41,504,66,270,0,0,0,4,198,11,6,204,183,10,17,25,0,0,2,11,0,0,0,0,4521,881,1855,2448,410,134,212,76,424,5,163,0,342,3,0,260,4360,2192,2323,6469,367,5,575,1028,33,20,379,271,376,0,0,5,0,16,3,4,0,0,0,6,2,0,0,0,0,0,0,0,753,34,12,115,19,1,0,22,1,0,0,2,0,0,0,0,371,6,8,30,184,3,3,4,5,1,13,13,4,2,0,10,1350,1292,535,417,501,183,6,5,13,2,12,5,5,0,2,0,755,14,19,574,173,282,2,121,11,158,2,8,57,37,0,5,119,74,2,251,29,0,0,17,0,2,0,41,16,1,0,8,545,23,4,223,0,17,0,0,0,0,0,0,0,3,0,0,0,0,0,0,14,0,0,0,0,0,0,0,0,0,0,0,0,111,12,16,0,0,0,0,0,0,0,0,0,0,0,0,5924,2800,1757,6757,186,47,8,817,62,3,54,123,496,171,0,830,1360,433,123,1431,2,20,11,263,21,0,0,195,101,7,1,56,1943,876,1149,2968,287,5,14,1214,133,17,3,360,124,63,6,237,463,16,0,135,0,0,0,0,0,0,0,0,0,6,0,11,5722,2689,1731,7113,292,0,3,340,620,216,475,720,213,64,37,158,0,0,3,26,0,162,0,5,0,0,0,0,0,0,0,0,231,0,3,15,0,0,0,0,3,0,0,1,0,0,0,0,3338,890,261,874,466,26,30,270,35,0,16,183,6,305,0,59,1176,434,440,706,124,22,0,30,97,2,4,88,25,3,0
0,22,0,242,133,0,0,0,0,0,0,0,0,0,0,0,0,436,0,0,128,5,153,0,22,0,0,0,0,0,0,0,0,12,75,25,57,0,0,0,0,0,2,0,0,0,0,4,19,294,240,228,307,32,285,8,20,0,0,0,0,0,0,0,0,22,22,14,38,0,12,0,0,0,0,8,0,0,0,0,0,15,114,0,7,0,0,0,13,0,0,0,0,0,0,0,0,545,24,81,55,173,53,13,13,0,0,0,0,0,0,0,0,62,53,0,83,0,0,0,9,0,0,0,0,0,0,0,9,265,7,1,36,2,0,0,0,0,3,0,0,0,0,0,0,0,4,0,0,0,0,0,0,0,0,0,0,0,0,0,0,713,156,0,3,0,0,0,2,0,0,0,0,0,0,0,0,256,477,2,151,0,0,0,49,0,0,0,8,0,8,0,0,0,0,0,0,0,0,0,0,0,0,0,0,0,0,0,1,15,1,26,34,0,0,0,26,6,10,0,90,0,0,0,0,159,12,6,54,0,1,0,0,2,2,0,6,14,0,0,5,0,13,0,0,0,0,0,0,7,0,0,0,0,0,0,0,441,20,0,31,0,5,0,0,6,0,0,1,0,0,0,0,19,18,0,35,0,0,0,1,23,1,0,0,0,1,0,9,55,22,10,89,8,0,0,1,0,0,0,0,17,0,0,0,3,1,3,0,1,1,0,0,0,0,0,0,0,0,0,0,4,169,101,57,0,0,0,0,0,6,0,0,0,0,0,0,8,1,1,115,11,65,2,14,16,0,0,0,0,0,0,0,140,44,2,121,0,0,0,5,0,0,0,0,0,0,0,0,9,0,0,3,0,0,0,0,0,0,0,0,13,0,0,0,36,4,2,36,0,0,10,6,0,0,0,4,0,0,0,64,24,1,0,19,0,0,0,109,0,0,0,1,0,0,0,2,35,8,0,10,1,0,0,0,0,1,0,0,0,0,0,0,0,0,0,17,0,0,0,0,0,0,0,0,0,0,0,0,0,0,0,0,0,0,0,2,0,0,0,0,0,0,2,0,39,39,16,156,0,0,0,0,0,0,0,6,0,0,0,0,32,987,27,56,0,13,0,4,0,0,0,0,0,0,0,0,131,0,1,36,113,0,0,0,0,0,0,0,0,0,0,0,0,0,10,305,0,0,0,128,0,0,0,0,0,0,0,0,143,70,0,95,0,0,0,0,0,0,0,0,0,0,0,0,297,33,0,37,19,0,0,0,0,0,0,0,0,0,0,0,25,3,0,16,0,0,1,0,8,0,0,12,0,0,0,0,634,22,22,69,11,14,0,3,200,0,0,39,0,0,0,0,57,7,0,197,36,0,0,2,0,4,0,0,0,0,0,109,1,0,21,18,1,0,0,4,0,0,0,0,0,0,0,0,11,0,0,4,0,0,0,3,0,0,0,0,0,0,0,0,1997,980,454,1290,36,14,13,418,220,0,0,53,2,35,0,168,291,12,125,93,0,0,4,2,1,0,0,6,0,0,0,2,2737,584,696,1672,500,112,464,192,41,504,66,270,0,0,0,4,198,11,6,204,183,10,17,25,0,0,2,11,0,0,0,0,4521,881,1855,2447,410,134,212,76,424,5,163,0,342,3,0,260,4360,2192,2324,6470,367,5,575,1028,33,20,379,271,376,0,0,5,0,16,3,4,0,0,0,6,2,0,0,0,0,0,0,0,753,34,12,115,19,1,0,22,1,0,0,2,0,0,0,0,371,6,8,30,184,3,3,4,5,1,13,13,4,2,0,10,1350,1292,535,417,501,183,6,5,13,2,12,5,5,0,2,0,756,14,19,574,174,283,2,121,11,159,2,8,57,37,0,5,119,74,2,251,29,0,0,17,0,2,0,41,16,1,0,8,545,23,4,223,0,17,0,0,0,0,0,0,0,3,0,0,0,0,0,0,14,0,0,0,0,0,0,0,0,0,0,0,0,111,12,16,0,0,0,0,0,0,0,0,0,0,0,0,5924,2800,1757,6757,186,47,8,817,62,3,54,123,496,171,0,830,1359,433,123,1430,2,20,11,262,21,0,0,195,101,7,1,56,1943,877,1149,2968,287,5,14,1214,133,17,3,360,124,63,6,237,462,16,0,134,0,0,0,0,0,0,0,0,0,6,0,11,5724,2689,1731,7114,292,0,3,340,620,216,475,720,213,64,37,158,0,0,3,26,0,162,0,5,0,0,0,0,0,0,0,0,231,0,3,15,0,0,0,0,3,0,0,1,0,0,0,0,3338,890,261,875,466,26,30,270,35,0,16,183,6,305,0,59,1176,434,441,707,124,22,0,30,97,2,4,88,25,3,0
0,22,0,242,133,0,0,0,0,0,0,0,0,0,0,0,0,436,0,0,128,5,153,0,22,0,0,0,0,0,0,0,0,12,75,25,57,0,0,0,0,0,2,0,0,0,0,4,19,294,240,228,307,32,285,8,20,0,0,0,0,0,0,0,0,22,22,14,38,0,12,0,0,0,0,8,0,0,0,0,0,15,114,0,7,0,0,0,13,0,0,0,0,0,0,0,0,545,24,81,55,173,53,13,13,0,0,0,0,0,0,0,0,62,53,0,83,0,0,0,9,0,0,0,0,0,0,0,9,265,7,1,36,2,0,0,0,0,3,0,0,0,0,0,0,0,4,0,0,0,0,0,0,0,0,0,0,0,0,0,0,712,155,0,3,0,0,0,2,0,0,0,0,0,0,0,0,256,477,2,151,0,0,0,49,0,0,0,8,0,8,0,0,0,0,0,0,0,0,0,0,0,0,0,0,0,0,0,1,15,1,26,34,0,0,0,26,6,10,0,90,0,0,0,0,159,12,6,54,0,1,0,0,2,2,0,6,14,0,0,5,0,13,0,0,0,0,0,0,7,0,0,0,0,0,0,0,441,20,0,31,0,5,0,0,6,0,0,1,0,0,0,0,19,18,0,35,0,0,0,1,23,1,0,0,0,1,0,9,55,22,10,89,8,0,0,1,0,0,0,0,17,0,0,0,3,1,3,0,1,1,0,0,0,0,0,0,0,0,0,0,4,168,101,57,0,0,0,0,0,6,0,0,0,0,0,0,8,1,1,115,11,65,2,14,16,0,0,0,0,0,0,0,140,44,2,121,0,0,0,5,0,0,0,0,0,0,0,0,9,0,0,3,0,0,0,0,0,0,0,0,13,0,0,0,36,4,2,36,0,0,10,6,0,0,0,4,0,0,0,64,24,1,0,19,0,0,0,109,0,0,0,1,0,0,0,2,35,8,0,10,1,0,0,0,0,1,0,0,0,0,0,0,0,0,0,17,0,0,0,0,0,0,0,0,0,0,0,0,0,0,0,0,0,0,0,2,0,0,0,0,0,0,2,0,39,39,16,156,0,0,0,0,0,0,0,6,0,0,0,0,32,987,27,56,0,13,0,4,0,0,0,0,0,0,0,0,131,0,1,36,113,0,0,0,0,0,0,0,0,0,0,0,0,0,10,304,0,0,0,128,0,0,0,0,0,0,0,0,143,70,0,95,0,0,0,0,0,0,0,0,0,0,0,0,297,33,0,37,19,0,0,0,0,0,0,0,0,0,0,0,25,3,0,16,0,0,1,0,8,0,0,12,0,0,0,0,634,22,22,69,11,14,0,3,200,0,0,39,0,0,0,0,57,7,0,197,36,0,0,2,0,4,0,0,0,0,0,109,1,0,21,18,1,0,0,4,0,0,0,0,0,0,0,0,11,0,0,4,0,0,0,3,0,0,0,0,0,0,0,0,1997,980,454,1290,36,14,13,418,220,0,0,53,2,35,0,168,291,12,125,93,0,0,4,2,1,0,0,6,0,0,0,2,2737,584,696,1671,500,112,464,192,41,504,66,270,0,0,0,4,198,11,6,204,183,10,17,25,0,0,2,11,0,0,0,0,4521,881,1855,2448,410,134,212,76,424,5,163,0,342,3,0,260,4361,2192,2323,6470,367,5,575,1028,33,20,379,271,376,0,0,5,0,16,3,4,0,0,0,6,2,0,0,0,0,0,0,0,753,34,12,115,19,1,0,22,1,0,0,2,0,0,0,0,371,6,8,30,184,3,3,4,5,1,13,13,4,2,0,10,1350,1292,535,417,501,183,6,5,13,2,12,5,5,0,2,0,755,14,19,574,173,282,2,121,11,158,2,8,57,37,0,5,119,74,2,251,29,0,0,17,0,2,0,41,16,1,0,8,545,23,4,223,0,17,0,0,0,0,0,0,0,3,0,0,0,0,0,0,14,0,0,0,0,0,0,0,0,0,0,0,0,111,12,16,0,0,0,0,0,0,0,0,0,0,0,0,5924,2800,1757,6757,186,47,8,817,62,3,54,123,496,171,0,830,1359,433,123,1430,2,20,11,262,21,0,0,195,101,7,1,56,1943,876,1149,2969,287,5,14,1214,133,17,3,360,124,63,6,237,462,16,0,134,0,0,0,0,0,0,0,0,0,6,0,11,5722,2691,1731,7115,292,0,3,340,620,216,475,720,213,64,37,158,0,0,3,26,0,162,0,5,0,0,0,0,0,0,0,0,231,0,3,15,0,0,0,0,3,0,0,1,0,0,0,0,3338,890,261,874,466,26,30,270,35,0,16,183,6,305,0,59,1176,434,440,706,124,22,0,30,97,2,4,88,25,3,0
0,22,0,242,133,0,0,0,0,0,0,0,0,0,0,0,0,436,0,0,128,5,153,0,22,0,0,0,0,0,0,0,0,12,75,25,57,0,0,0,0,0,2,0,0,0,0,4,19,294,240,228,307,32,285,8,20,0,0,0,0,0,0,0,0,22,22,14,38,0,12,0,0,0,0,8,0,0,0,0,0,15,114,0,7,0,0,0,13,0,0,0,0,0,0,0,0,545,24,81,55,173,53,13,13,0,0,0,0,0,0,0,0,62,53,0,83,0,0,0,9,0,0,0,0,0,0,0,9,265,7,1,36,2,0,0,0,0,3,0,0,0,0,0,0,0,4,0,0,0,0,0,0,0,0,0,0,0,0,0,0,712,155,0,3,0,0,0,2,0,0,0,0,0,0,0,0,256,477,2,151,0,0,0,49,0,0,0,8,0,8,0,0,0,0,0,0,0,0,0,0,0,0,0,0,0,0,0,1,15,1,26,34,0,0,0,26,6,10,0,90,0,0,0,0,159,12,6,54,0,1,0,0,2,2,0,6,14,0,0,5,0,13,0,0,0,0,0,0,7,0,0,0,0,0,0,0,441,20,0,31,0,5,0,0,6,0,0,1,0,0,0,0,19,18,0,35,0,0,0,1,23,1,0,0,0,1,0,9,55,22,10,89,8,0,0,1,0,0,0,0,17,0,0,0,3,1,3,0,1,1,0,0,0,0,0,0,0,0,0,0,4,168,101,57,0,0,0,0,0,6,0,0,0,0,0,0,8,1,1,115,11,65,2,14,16,0,0,0,0,0,0,0,140,44,2,121,0,0,0,5,0,0,0,0,0,0,0,0,9,0,0,3,0,0,0,0,0,0,0,0,13,0,0,0,36,4,2,36,0,0,10,6,0,0,0,4,0,0,0,64,24,1,0,19,0,0,0,109,0,0,0,1,0,0,0,2,35,8,0,10,1,0,0,0,0,1,0,0,0,0,0,0,0,0,0,17,0,0,0,0,0,0,0,0,0,0,0,0,0,0,0,0,0,0,0,2,0,0,0,0,0,0,2,0,39,39,16,156,0,0,0,0,0,0,0,6,0,0,0,0,32,987,27,56,0,13,0,4,0,0,0,0,0,0,0,0,131,0,1,36,113,0,0,0,0,0,0,0,0,0,0,0,0,0,10,304,0,0,0,128,0,0,0,0,0,0,0,0,143,70,0,95,0,0,0,0,0,0,0,0,0,0,0,0,297,33,0,37,19,0,0,0,0,0,0,0,0,0,0,0,25,3,0,16,0,0,1,0,8,0,0,12,0,0,0,0,635,22,22,69,11,14,0,3,200,0,0,39,0,0,0,0,57,7,0,197,36,0,0,2,0,4,0,0,0,0,0,109,1,0,21,18,1,0,0,4,0,0,0,0,0,0,0,0,11,0,0,4,0,0,0,3,0,0,0,0,0,0,0,0,1997,980,454,1290,36,14,13,418,220,0,0,53,2,35,0,168,291,12,125,93,0,0,4,2,1,0,0,6,0,0,0,2,2737,584,697,1671,500,112,464,192,41,504,66,270,0,0,0,4,198,11,6,204,183,10,17,25,0,0,2,11,0,0,0,0,4521,881,1855,2447,410,134,212,76,424,5,163,0,342,3,0,260,4360,2192,2323,6469,367,5,575,1028,33,20,379,271,376,0,0,5,0,16,3,4,0,0,0,6,2,0,0,0,0,0,0,0,753,34,12,115,19,1,0,22,1,0,0,2,0,0,0,0,371,6,8,30,184,3,3,4,5,1,13,13,4,2,0,10,1350,1292,535,417,501,183,6,5,13,2,12,5,5,0,2,0,755,14,19,574,173,282,2,121,11,158,2,8,57,37,0,5,119,74,2,251,29,0,0,17,0,2,0,41,16,1,0,8,545,23,4,223,0,17,0,0,0,0,0,0,0,3,0,0,0,0,0,0,14,0,0,0,0,0,0,0,0,0,0,0,0,111,12,16,0,0,0,0,0,0,0,0,0,0,0,0,5925,2801,1757,6759,186,47,8,817,62,3,54,123,496,171,0,830,1359,433,123,1430,2,20,11,262,21,0,0,195,101,7,1,56,1943,876,1149,2968,287,5,14,1214,133,17,3,360,124,63,6,237,462,16,0,134,0,0,0,0,0,0,0,0,0,6,0,11,5722,2689,1731,7113,292,0,3,340,620,216,475,720,213,64,37,159,0,0,3,26,0,162,0,5,0,0,0,0,0,0,0,0,231,0,3,15,0,0,0,0,3,0,0,1,0,0,0,0,3338,890,261,875,466,26,30,270,35,0,16,183,6,305,0,59,1176,434,440,706,124,22,0,30,97,2,4,88,25,3,0
0,22,0,242,133,0,0,0,0,0,0,0,0,0,0,0,0,436,0,0,128,5,153,0,22,0,0,0,0,0,0,0,0,12,75,25,57,0,0,0,0,0,2,0,0,0,0,4,19,294,240,228,307,32,285,8,20,0,0,0,0,0,0,0,0,22,22,14,38,0,12,0,0,0,0,8,0,0,0,0,0,15,114,0,7,0,0,0,13,0,0,0,0,0,0,0,0,545,24,81,55,173,53,13,13,0,0,0,0,0,0,0,0,62,53,0,83,0,0,0,9,0,0,0,0,0,0,0,9,265,7,1,36,2,0,0,0,0,3,0,0,0,0,0,0,0,4,0,0,0,0,0,0,0,0,0,0,0,0,0,0,712,155,0,3,0,0,0,2,0,0,0,0,0,0,0,0,256,477,2,151,0,0,0,49,0,0,0,8,0,8,0,0,0,0,0,0,0,0,0,0,0,0,0,0,0,0,0,1,15,1,26,34,0,0,0,26,6,10,0,90,0,0,0,0,159,12,6,54,0,1,0,0,2,2,0,6,14,0,0,5,0,13,0,0,0,0,0,0,7,0,0,0,0,0,0,0,441,20,0,31,0,5,0,0,6,0,0,1,0,0,0,0,19,18,0,35,0,0,0,1,23,1,0,0,0,1,0,9,55,22,10,89,8,0,0,1,0,0,0,0,17,0,0,0,3,1,3,0,1,1,0,0,0,0,0,0,0,0,0,0,4,168,101,57,0,0,0,0,0,6,0,0,0,0,0,0,8,1,1,115,11,65,2,14,16,0,0,0,0,0,0,0,140,44,2,121,0,0,0,5,0,0,0,0,0,0,0,0,9,0,0,3,0,0,0,0,0,0,0,0,13,0,0,0,36,4,2,36,0,0,10,6,0,0,0,4,0,0,0,64,24,1,0,19,0,0,0,109,0,0,0,1,0,0,0,2,35,8,0,10,1,0,0,0,0,1,0,0,0,0,0,0,0,0,0,17,0,0,0,0,0,0,0,0,0,0,0,0,0,0,0,0,0,0,0,2,0,0,0,0,0,0,2,0,39,39,16,156,0,0,0,0,0,0,0,6,0,0,0,0,32,987,27,56,0,13,0,4,0,0,0,0,0,0,0,0,131,0,1,36,113,0,0,0,0,0,0,0,0,0,0,0,0,0,10,304,0,0,0,128,0,0,0,0,0,0,0,0,143,70,0,95,0,0,0,0,0,0,0,0,0,0,0,0,297,33,0,37,19,0,0,0,0,0,0,0,0,0,0,0,25,3,0,16,0,0,1,0,8,0,0,12,0,0,0,0,634,22,22,69,11,14,0,3,200,0,0,39,0,0,0,0,57,7,0,197,36,0,0,2,0,4,0,0,0,0,0,109,1,0,21,18,1,0,0,4,0,0,0,0,0,0,0,0,11,0,0,4,0,0,0,3,0,0,0,0,0,0,0,0,1997,980,454,1290,36,14,13,418,220,0,0,53,2,35,0,168,291,12,125,93,0,0,4,2,1,0,0,6,0,0,0,2,2737,584,696,1671,500,112,464,192,41,504,66,270,0,0,0,4,198,11,6,204,183,10,17,25,0,0,2,11,0,0,0,0,4521,881,1855,2447,410,134,212,76,424,5,163,0,342,3,0,260,4360,2192,2324,6471,367,5,575,1028,33,20,380,271,377,0,0,5,0,16,3,4,0,0,0,6,2,0,0,0,0,0,0,0,753,34,12,115,19,1,0,22,1,0,0,2,0,0,0,0,371,6,8,30,184,3,3,4,5,1,13,13,4,2,0,10,1350,1292,535,417,501,183,6,5,13,2,12,5,5,0,2,0,755,14,19,574,173,282,2,121,11,158,2,8,57,37,0,5,119,74,2,251,29,0,0,17,0,2,0,41,16,1,0,8,545,23,4,223,0,17,0,0,0,0,0,0,0,3,0,0,0,0,0,0,14,0,0,0,0,0,0,0,0,0,0,0,0,111,12,16,0,0,0,0,0,0,0,0,0,0,0,0,5924,2800,1757,6757,186,47,8,817,62,3,54,123,496,171,0,830,1359,433,123,1430,2,20,11,262,21,0,0,195,101,7,1,56,1943,876,1150,2968,287,5,14,1214,133,17,3,360,124,63,6,237,462,16,0,134,0,0,0,0,0,0,0,0,0,6,0,11,5722,2689,1732,7114,292,0,3,340,620,216,475,720,213,64,37,158,0,0,3,26,0,162,0,5,0,0,0,0,0,0,0,0,231,0,3,15,0,0,0,0,3,0,0,1,0,0,0,0,3338,890,261,874,466,26,30,270,35,0,16,183,6,305,0,59,1176,434,440,706,124,22,0,30,97,2,4,88,25,3,0
0,22,0,242,133,0,0,0,0,0,0,0,0,0,0,0,0,436,0,0,128,5,153,0,22,0,0,0,0,0,0,0,0,12,75,25,57,0,0,0,0,0,2,0,0,0,0,4,19,294,240,228,307,32,285,8,20,0,0,0,0,0,0,0,0,22,22,14,38,0,12,0,0,0,0,8,0,0,0,0,0,15,114,0,7,0,0,0,13,0,0,0,0,0,0,0,0,545,24,81,55,173,53,13,13,0,0,0,0,0,0,0,0,62,53,0,83,0,0,0,9,0,0,0,0,0,0,0,9,266,7,1,36,2,0,0,0,0,3,0,0,0,0,0,0,0,4,0,0,0,0,0,0,0,0,0,0,0,0,0,0,712,155,0,3,0,0,0,2,0,0,0,0,0,0,0,0,256,477,2,151,0,0,0,49,0,0,0,8,0,8,0,0,0,0,0,0,0,0,0,0,0,0,0,0,0,0,0,1,15,1,26,34,0,0,0,26,6,10,0,90,0,0,0,0,159,12,6,54,0,1,0,0,2,2,0,6,14,0,0,5,0,13,0,0,0,0,0,0,7,0,0,0,0,0,0,0,441,20,0,31,0,5,0,0,6,0,0,1,0,0,0,0,19,18,0,35,0,0,0,1,23,1,0,0,0,1,0,9,55,22,10,89,8,0,0,1,0,0,0,0,17,0,0,0,3,1,3,0,1,1,0,0,0,0,0,0,0,0,0,0,4,168,101,57,0,0,0,0,0,6,0,0,0,0,0,0,8,1,1,115,11,65,2,14,16,0,0,0,0,0,0,0,140,44,2,121,0,0,0,5,0,0,0,0,0,0,0,0,9,0,0,3,0,0,0,0,0,0,0,0,13,0,0,0,36,4,2,36,0,0,10,6,0,0,0,4,0,0,0,64,24,1,0,19,0,0,0,109,0,0,0,1,0,0,0,2,35,8,0,10,1,0,0,0,0,1,0,0,0,0,0,0,0,0,0,17,0,0,0,0,0,0,0,0,0,0,0,0,0,0,0,0,0,0,0,2,0,0,0,0,0,0,2,0,39,39,16,156,0,0,0,0,0,0,0,6,0,0,0,0,32,987,27,56,0,13,0,4,0,0,0,0,0,0,0,0,131,0,1,36,113,0,0,0,0,0,0,0,0,0,0,0,0,0,10,304,0,0,0,128,0,0,0,0,0,0,0,0,143,70,0,95,0,0,0,0,0,0,0,0,0,0,0,0,297,33,0,37,19,0,0,0,0,0,0,0,0,0,0,0,25,3,0,16,0,0,1,0,8,0,0,12,0,0,0,0,634,22,22,69,11,14,0,3,200,0,0,39,0,0,0,0,57,7,0,197,36,0,0,2,0,4,0,0,0,0,0,109,1,0,21,18,1,0,0,4,0,0,0,0,0,0,0,0,11,0,0,4,0,0,0,3,0,0,0,0,0,0,0,0,1997,980,454,1290,36,14,13,418,220,0,0,53,2,35,0,168,291,12,125,93,0,0,4,2,1,0,0,6,0,0,0,2,2737,584,696,1671,500,112,464,192,41,504,66,270,0,0,0,4,198,11,6,204,183,10,17,25,0,0,2,11,0,0,0,0,4521,881,1855,2447,410,134,212,76,424,5,163,0,342,3,0,260,4360,2194,2324,6472,367,5,576,1028,33,20,379,272,376,0,0,5,0,16,3,4,0,0,0,6,2,0,0,0,0,0,0,0,753,34,12,115,19,1,0,22,1,0,0,2,0,0,0,0,371,6,8,30,184,3,3,4,5,1,13,13,4,2,0,10,1350,1292,535,417,501,183,6,5,13,2,12,5,5,0,2,0,755,14,19,574,173,282,2,121,11,158,2,8,57,37,0,5,119,74,2,251,29,0,0,17,0,2,0,41,16,1,0,8,545,23,4,223,0,17,0,0,0,0,0,0,0,3,0,0,0,0,0,0,14,0,0,0,0,0,0,0,0,0,0,0,0,111,12,16,0,0,0,0,0,0,0,0,0,0,0,0,5924,2800,1757,6757,186,47,8,817,62,3,54,123,496,171,0,830,1359,433,123,1430,2,20,11,262,21,0,0,195,101,7,1,56,1943,878,1149,2968,287,5,14,1214,133,17,3,362,124,63,6,237,462,16,0,134,0,0,0,0,0,0,0,0,0,6,0,11,5722,2689,1731,7117,292,0,3,340,621,216,476,720,213,64,37,158,0,0,3,26,0,163,0,5,0,0,0,0,0,0,0,0,231,0,3,15,0,0,0,0,3,0,0,1,0,0,0,0,3338,890,261,874,466,26,30,270,35,0,16,183,6,305,0,59,1176,434,440,706,124,22,0,30,97,2,4,88,25,3,0
0,22,0,242,133,0,0,0,0,0,0,0,0,0,0,0,0,436,0,0,128,5,153,0,22,0,0,0,0,0,0,0,0,12,75,25,57,0,0,0,0,0,2,0,0,0,0,4,19,294,240,228,307,32,285,8,20,0,0,0,0,0,0,0,0,22,22,14,38,0,12,0,0,0,0,8,0,0,0,0,0,15,114,0,7,0,0,0,13,0,0,0,0,0,0,0,0,545,24,81,55,173,53,13,13,0,0,0,0,0,0,0,0,62,53,0,83,0,0,0,9,0,0,0,0,0,0,0,9,265,7,1,36,2,0,0,0,0,3,0,0,0,0,0,0,0,4,0,0,0,0,0,0,0,0,0,0,0,0,0,0,712,155,0,3,0,0,0,2,0,0,0,0,0,0,0,0,256,477,2,151,0,0,0,49,0,0,0,8,0,8,0,0,0,0,0,0,0,0,0,0,0,0,0,0,0,0,0,1,15,1,26,34,0,0,0,26,6,10,0,90,0,0,0,0,159,12,6,54,0,1,0,0,2,2,0,6,14,0,0,5,0,13,0,0,0,0,0,0,7,0,0,0,0,0,0,0,441,20,0,31,0,5,0,0,6,0,0,1,0,0,0,0,19,18,0,35,0,0,0,1,23,1,0,0,0,1,0,9,55,22,10,89,8,0,0,1,0,0,0,0,17,0,0,0,3,1,3,0,1,1,0,0,0,0,0,0,0,0,0,0,4,168,101,57,0,0,0,0,0,6,0,0,0,0,0,0,8,1,1,115,11,65,2,14,16,0,0,0,0,0,0,0,140,44,2,121,0,0,0,5,0,0,0,0,0,0,0,0,9,0,0,3,0,0,0,0,0,0,0,0,13,0,0,0,36,4,2,36,0,0,10,6,0,0,0,4,0,0,0,64,24,1,0,19,0,0,0,109,0,0,0,1,0,0,0,2,35,8,0,10,1,0,0,0,0,1,0,0,0,0,0,0,0,0,0,17,0,0,0,0,0,0,0,0,0,0,0,0,0,0,0,0,0,0,0,2,0,0,0,0,0,0,2,0,39,39,16,156,0,0,0,0,0,0,0,6,0,0,0,0,32,987,27,56,0,13,0,4,0,0,0,0,0,0,0,0,131,0,1,36,113,0,0,0,0,0,0,0,0,0,0,0,0,0,10,304,0,0,0,128,0,0,0,0,0,0,0,0,143,70,0,95,0,0,0,0,0,0,0,0,0,0,0,0,297,33,0,37,19,0,0,0,0,0,0,0,0,0,0,0,25,3,0,16,0,0,1,0,8,0,0,12,0,0,0,0,634,22,22,69,11,14,0,3,200,0,0,39,0,0,0,0,57,7,0,197,36,0,0,2,0,4,0,0,0,0,0,109,1,0,21,18,1,0,0,4,0,0,0,0,0,0,0,0,11,0,0,4,0,0,0,3,0,0,0,0,0,0,0,0,1997,980,455,1290,36,14,13,418,220,0,0,53,2,35,0,168,291,12,125,93,0,0,4,2,1,0,0,6,0,0,0,2,2737,584,697,1671,500,112,464,192,41,504,66,270,0,0,0,4,199,11,6,204,183,10,17,25,0,0,2,11,0,0,0,0,4521,881,1855,2447,410,134,212,76,424,5,163,0,342,3,0,260,4360,2192,2323,6470,367,5,575,1028,33,20,379,271,376,0,0,5,0,16,3,4,0,0,0,6,2,0,0,0,0,0,0,0,753,34,12,115,19,1,0,22,1,0,0,2,0,0,0,0,371,6,8,30,184,3,3,4,5,1,13,13,4,2,0,10,1350,1292,535,417,501,183,6,5,13,2,12,5,5,0,2,0,755,14,19,574,173,282,2,121,11,158,2,8,57,37,0,5,119,74,2,251,29,0,0,17,0,2,0,41,16,1,0,8,545,23,4,223,0,17,0,0,0,0,0,0,0,3,0,0,0,0,0,0,14,0,0,0,0,0,0,0,0,0,0,0,0,111,12,16,0,0,0,0,0,0,0,0,0,0,0,0,5925,2800,1757,6760,186,47,8,817,62,3,54,123,496,171,0,830,1360,434,123,1430,2,20,11,262,21,0,0,195,101,7,1,56,1943,876,1149,2969,287,5,14,1214,134,17,3,360,124,63,6,237,462,16,0,134,0,0,0,0,0,0,0,0,0,6,0,11,5722,2689,1731,7113,292,0,3,340,620,216,475,720,213,64,37,158,0,0,3,26,0,162,0,5,0,0,0,0,0,0,0,0,231,0,3,15,0,0,0,0,3,0,0,1,0,0,0,0,3338,890,261,874,466,26,30,270,35,0,16,183,6,305,0,59,1177,434,441,706,124,22,0,30,97,2,4,88,25,3,0
0,22,0,242,133,0,0,0,0,0,0,0,0,0,0,0,0,436,0,0,128,5,153,0,22,0,0,0,0,0,0,0,0,12,75,25,57,0,0,0,0,0,2,0,0,0,0,4,19,294,240,228,307,32,285,8,20,0,0,0,0,0,0,0,0,22,22,14,38,0,12,0,0,0,0,8,0,0,0,0,0,15,114,0,7,0,0,0,13,0,0,0,0,0,0,0,0,545,24,81,55,173,53,13,13,0,0,0,0,0,0,0,0,62,53,0,83,0,0,0,9,0,0,0,0,0,0,0,9,265,7,1,36,2,0,0,0,0,3,0,0,0,0,0,0,0,4,0,0,0,0,0,0,0,0,0,0,0,0,0,0,712,155,0,3,0,0,0,2,0,0,0,0,0,0,0,0,256,477,2,151,0,0,0,49,0,0,0,8,0,8,0,0,0,0,0,0,0,0,0,0,0,0,0,0,0,0,0,1,15,1,26,34,0,0,0,26,6,10,0,90,0,0,0,0,159,12,6,54,0,1,0,0,2,2,0,6,14,0,0,5,0,13,0,0,0,0,0,0,7,0,0,0,0,0,0,0,441,20,0,31,0,5,0,0,6,0,0,1,0,0,0,0,19,18,0,35,0,0,0,1,23,1,0,0,0,1,0,9,55,22,10,89,8,0,0,1,0,0,0,0,17,0,0,0,3,1,3,0,1,1,0,0,0,0,0,0,0,0,0,0,4,168,101,57,0,0,0,0,0,6,0,0,0,0,0,0,8,1,1,115,11,65,2,14,16,0,0,0,0,0,0,0,140,44,2,121,0,0,0,5,0,0,0,0,0,0,0,0,9,0,0,3,0,0,0,0,0,0,0,0,13,0,0,0,36,4,2,36,0,0,10,6,0,0,0,4,0,0,0,64,24,1,0,19,0,0,0,109,0,0,0,1,0,0,0,2,35,8,0,10,1,0,0,0,0,1,0,0,0,0,0,0,0,0,0,17,0,0,0,0,0,0,0,0,0,0,0,0,0,0,0,0,0,0,0,2,0,0,0,0,0,0,2,0,39,39,16,156,0,0,0,0,0,0,0,6,0,0,0,0,32,987,27,56,0,13,0,4,0,0,0,0,0,0,0,0,131,0,1,36,113,0,0,0,0,0,0,0,0,0,0,0,0,0,10,304,0,0,0,128,0,0,0,0,0,0,0,0,143,70,0,95,0,0,0,0,0,0,0,0,0,0,0,0,297,33,0,37,19,0,0,0,0,0,0,0,0,0,0,0,25,3,0,16,0,0,1,0,8,0,0,12,0,0,0,0,634,22,22,69,11,14,0,3,200,0,0,39,0,0,0,0,57,7,0,197,36,0,0,2,0,4,0,0,0,0,0,109,1,0,21,18,1,0,0,4,0,0,0,0,0,0,0,0,11,0,0,4,0,0,0,3,0,0,0,0,0,0,0,0,1997,980,454,1290,36,14,13,418,220,0,0,53,2,35,0,168,291,12,125,93,0,0,4,2,1,0,0,6,0,0,0,2,2737,584,696,1671,500,112,464,192,41,504,66,270,0,0,0,4,198,11,6,204,183,10,17,25,0,0,2,11,0,0,0,0,4521,881,1855,2447,410,134,212,76,424,5,163,0,342,3,0,260,4360,2192,2323,6469,367,5,575,1028,33,20,379,271,376,0,0,5,0,16,3,4,0,0,0,6,2,0,0,0,0,0,0,0,753,34,12,115,19,1,0,22,1,0,0,2,0,0,0,0,371,6,8,30,184,3,3,4,5,1,13,13,4,2,0,10,1350,1292,535,417,501,183,6,5,13,2,12,5,5,0,2,0,755,14,19,574,173,282,2,121,11,158,2,8,57,37,0,5,119,74,2,251,29,0,0,17,0,2,0,41,16,1,0,8,545,23,4,223,0,17,0,0,0,0,0,0,0,3,0,0,0,0,0,0,14,0,0,0,0,0,0,0,0,0,0,0,0,111,12,16,0,0,0,0,0,0,0,0,0,0,0,0,5924,2800,1757,6757,186,47,8,817,62,3,54,123,496,171,0,830,1359,433,123,1430,2,20,11,262,21,0,0,195,101,7,1,56,1943,876,1149,2968,287,5,14,1214,133,17,3,360,124,63,6,237,462,16,0,134,0,0,0,0,0,0,0,0,0,6,0,11,5722,2689,1731,7113,292,0,3,340,620,216,475,720,213,64,37,158,0,0,3,26,0,162,0,5,0,0,0,0,0,0,0,0,231,0,3,15,0,0,0,0,3,0,0,1,0,0,0,0,3338,890,261,874,466,26,30,270,35,0,16,183,6,305,0,59,1176,434,440,706,124,22,0,30,97,2,4,88,25,3,0
0,22,0,242,133,0,0,0,0,0,0,0,0,0,0,0,0,436,0,0,128,5,153,0,22,0,0,0,0,0,0,0,0,12,75,25,57,0,0,0,0,0,2,0,0,0,0,4,19,294,240,228,307,32,285,8,20,0,0,0,0,0,0,0,0,22,22,14,38,0,12,0,0,0,0,8,0,0,0,0,0,15,114,0,7,0,0,0,13,0,0,0,0,0,0,0,0,545,24,81,55,173,53,13,13,0,0,0,0,0,0,0,0,62,53,0,83,0,0,0,9,0,0,0,0,0,0,0,9,265,7,1,36,2,0,0,0,0,3,0,0,0,0,0,0,0,4,0,0,0,0,0,0,0,0,0,0,0,0,0,0,712,155,0,3,0,0,0,2,0,0,0,0,0,0,0,0,256,477,2,151,0,0,0,49,0,0,0,8,0,8,0,0,0,0,0,0,0,0,0,0,0,0,0,0,0,0,0,1,15,1,26,34,0,0,0,26,6,10,0,90,0,0,0,0,159,12,6,54,0,1,0,0,2,2,0,6,14,0,0,5,0,13,0,0,0,0,0,0,7,0,0,0,0,0,0,0,441,20,0,31,0,5,0,0,6,0,0,1,0,0,0,0,19,18,0,35,0,0,0,1,23,1,0,0,0,1,0,9,55,22,10,89,8,0,0,1,0,0,0,0,17,0,0,0,3,1,3,0,1,1,0,0,0,0,0,0,0,0,0,0,4,168,101,57,0,0,0,0,0,6,0,0,0,0,0,0,8,1,1,115,11,65,2,14,16,0,0,0,0,0,0,0,140,44,2,121,0,0,0,5,0,0,0,0,0,0,0,0,9,0,0,3,0,0,0,0,0,0,0,0,13,0,0,0,36,4,2,36,0,0,10,6,0,0,0,4,0,0,0,64,24,1,0,19,0,0,0,109,0,0,0,1,0,0,0,2,35,8,0,10,1,0,0,0,0,1,0,0,0,0,0,0,0,0,0,17,0,0,0,0,0,0,0,0,0,0,0,0,0,0,0,0,0,0,0,2,0,0,0,0,0,0,2,0,39,39,16,156,0,0,0,0,0,0,0,6,0,0,0,0,32,987,27,56,0,13,0,4,0,0,0,0,0,0,0,0,131,0,1,36,113,0,0,0,0,0,0,0,0,0,0,0,0,0,10,304,0,0,0,128,0,0,0,0,0,0,0,0,143,70,0,95,0,0,0,0,0,0,0,0,0,0,0,0,297,33,0,37,19,0,0,0,0,0,0,0,0,0,0,0,25,3,0,16,0,0,1,0,8,0,0,12,0,0,0,0,634,22,22,69,11,14,0,3,200,0,0,39,0,0,0,0,57,7,0,197,36,0,0,2,0,4,0,0,0,0,0,109,1,0,21,18,1,0,0,4,0,0,0,0,0,0,0,0,11,0,0,4,0,0,0,3,0,0,0,0,0,0,0,0,1997,980,454,1290,36,14,13,418,220,0,0,53,2,35,0,168,291,12,125,93,0,0,4,2,1,0,0,6,0,0,0,2,2737,584,696,1673,500,112,464,192,41,504,66,270,0,0,0,4,198,11,6,204,183,10,17,25,0,0,2,11,0,0,0,0,4521,881,1855,2447,410,134,212,76,424,5,163,0,342,3,0,260,4360,2192,2323,6469,367,5,575,1028,33,20,379,271,376,0,0,5,0,16,3,4,0,0,0,6,2,0,0,0,0,0,0,0,753,34,12,115,19,1,0,22,1,0,0,2,0,0,0,0,371,6,8,30,184,3,3,4,5,1,13,13,4,2,0,10,1350,1292,536,417,501,184,6,5,13,2,12,5,5,0,2,0,755,14,19,574,173,282,2,121,11,158,2,8,57,37,0,5,119,74,2,251,29,0,0,17,0,2,0,41,16,1,0,8,545,23,4,223,0,17,0,0,0,0,0,0,0,3,0,0,0,0,0,0,14,0,0,0,0,0,0,0,0,0,0,0,0,111,12,16,0,0,0,0,0,0,0,0,0,0,0,0,5925,2800,1757,6759,186,47,8,817,62,3,54,123,496,171,0,831,1359,433,123,1431,2,20,11,262,21,0,0,195,101,7,1,56,1943,876,1149,2968,287,5,14,1214,133,17,3,360,124,63,6,237,462,16,0,134,0,0,0,0,0,0,0,0,0,6,0,11,5722,2689,1731,7113,292,0,3,340,620,216,475,720,213,64,37,158,0,0,3,26,0,162,0,5,0,0,0,0,0,0,0,0,231,0,3,15,0,0,0,0,3,0,0,1,0,0,0,0,3338,890,262,874,467,26,31,270,35,0,16,183,6,305,0,59,1176,434,440,707,124,22,0,31,97,2,4,89,25,3,0
0,22,0,242,133,0,0,0,0,0,0,0,0,0,0,0,0,436,0,0,128,5,153,0,22,0,0,0,0,0,0,0,0,12,75,25,57,0,0,0,0,0,2,0,0,0,0,4,19,294,240,228,307,32,285,8,20,0,0,0,0,0,0,0,0,22,22,14,38,0,12,0,0,0,0,8,0,0,0,0,0,15,114,0,7,0,0,0,13,0,0,0,0,0,0,0,0,545,24,81,55,173,53,13,13,0,0,0,0,0,0,0,0,62,53,0,83,0,0,0,9,0,0,0,0,0,0,0,9,265,7,1,36,2,0,0,0,0,3,0,0,0,0,0,0,0,4,0,0,0,0,0,0,0,0,0,0,0,0,0,0,712,155,0,3,0,0,0,2,0,0,0,0,0,0,0,0,256,477,2,151,0,0,0,49,0,0,0,8,0,8,0,0,0,0,0,0,0,0,0,0,0,0,0,0,0,0,0,1,15,1,26,34,0,0,0,26,6,10,0,90,0,0,0,0,159,12,6,54,0,1,0,0,2,2,0,6,14,0,0,5,0,13,0,0,0,0,0,0,7,0,0,0,0,0,0,0,441,20,0,31,0,5,0,0,6,0,0,1,0,0,0,0,19,18,0,35,0,0,0,1,23,1,0,0,0,1,0,9,55,22,10,89,8,0,0,1,0,0,0,0,17,0,0,0,3,1,3,0,1,1,0,0,0,0,0,0,0,0,0,0,4,168,101,57,0,0,0,0,0,6,0,0,0,0,0,0,8,1,1,115,11,65,2,14,16,0,0,0,0,0,0,0,140,44,2,121,0,0,0,5,0,0,0,0,0,0,0,0,9,0,0,3,0,0,0,0,0,0,0,0,13,0,0,0,36,4,2,36,0,0,10,6,0,0,0,4,0,0,0,64,24,1,0,19,0,0,0,109,0,0,0,1,0,0,0,2,35,8,0,10,1,0,0,0,0,1,0,0,0,0,0,0,0,0,0,17,0,0,0,0,0,0,0,0,0,0,0,0,0,0,0,0,0,0,0,2,0,0,0,0,0,0,2,0,39,39,16,156,0,0,0,0,0,0,0,6,0,0,0,0,32,987,27,56,0,13,0,4,0,0,0,0,0,0,0,0,131,0,1,36,113,0,0,0,0,0,0,0,0,0,0,0,0,0,10,304,0,0,0,128,0,0,0,0,0,0,0,0,143,70,0,95,0,0,0,0,0,0,0,0,0,0,0,0,297,33,0,37,19,0,0,0,0,0,0,0,0,0,0,0,25,3,0,16,0,0,1,0,8,0,0,12,0,0,0,0,634,22,22,69,11,14,0,3,200,0,0,39,0,0,0,0,57,7,0,197,36,0,0,2,0,4,0,0,0,0,0,109,1,0,21,18,1,0,0,4,0,0,0,0,0,0,0,0,11,0,0,4,0,0,0,3,0,0,0,0,0,0,0,0,1997,980,454,1290,36,14,13,418,220,0,0,53,2,35,0,168,291,12,125,93,0,0,4,2,1,0,0,6,0,0,0,2,2737,584,696,1671,500,112,464,192,41,504,66,270,0,0,0,4,198,11,6,204,183,10,17,25,0,0,2,11,0,0,0,0,4521,881,1856,2447,410,134,212,76,424,5,163,0,342,3,0,260,4360,2192,2323,6469,367,5,575,1028,33,20,379,271,376,0,0,5,0,16,3,4,0,0,0,6,2,0,0,0,0,0,0,0,753,34,12,115,19,1,0,22,1,0,0,2,0,0,0,0,371,6,8,30,184,3,3,4,5,1,13,13,4,2,0,10,1350,1292,535,417,501,183,6,5,13,2,12,5,5,0,2,0,755,14,19,574,173,282,2,121,11,158,2,8,57,37,0,5,119,74,2,251,29,0,0,17,0,2,0,41,16,1,0,8,545,23,4,223,0,17,0,0,0,0,0,0,0,3,0,0,0,0,0,0,14,0,0,0,0,0,0,0,0,0,0,0,0,111,12,16,0,0,0,0,0,0,0,0,0,0,0,0,5925,2800,1757,6757,186,47,8,817,62,3,54,123,496,171,0,830,1359,433,123,1430,2,20,11,262,21,0,0,195,101,7,1,56,1943,876,1149,2968,287,5,14,1214,133,17,3,360,124,63,6,237,462,16,0,134,0,0,0,0,0,0,0,0,0,6,0,11,5723,2689,1731,7113,292,0,3,340,620,216,475,720,213,64,37,158,0,0,3,26,0,162,0,5,0,0,0,0,0,0,0,0,231,0,3,15,0,0,0,0,3,0,0,1,0,0,0,0,3338,890,261,874,466,26,30,270,35,0,16,183,6,305,0,59,1176,434,440,706,124,22,0,30,97,2,4,88,25,3,0
0,22,0,242,133,0,0,0,0,0,0,0,0,0,0,0,0,436,0,0,128,5,153,0,22,0,0,0,0,0,0,0,0,12,75,25,57,0,0,0,0,0,2,0,0,0,0,4,19,294,240,229,307,32,285,8,20,0,0,0,0,0,0,0,0,22,22,14,38,0,12,0,0,0,0,8,0,0,0,0,0,15,114,0,7,0,0,0,13,0,0,0,0,0,0,0,0,545,24,81,55,173,53,13,13,0,0,0,0,0,0,0,0,62,53,0,83,0,0,0,9,0,0,0,0,0,0,0,9,265,7,1,36,2,0,0,0,0,3,0,0,0,0,0,0,0,4,0,0,0,0,0,0,0,0,0,0,0,0,0,0,712,155,0,3,0,0,0,2,0,0,0,0,0,0,0,0,256,477,2,151,0,0,0,49,0,0,0,8,0,8,0,0,0,0,0,0,0,0,0,0,0,0,0,0,0,0,0,1,15,1,26,34,0,0,0,26,6,10,0,90,0,0,0,0,159,12,6,54,0,1,0,0,2,2,0,6,14,0,0,5,0,13,0,0,0,0,0,0,7,0,0,0,0,0,0,0,441,20,0,31,0,5,0,0,6,0,0,1,0,0,0,0,19,18,0,35,0,0,0,1,23,1,0,0,0,1,0,9,55,22,10,89,8,0,0,1,0,0,0,0,17,0,0,0,3,1,3,0,1,1,0,0,0,0,0,0,0,0,0,0,4,168,101,57,0,0,0,0,0,6,0,0,0,0,0,0,8,1,1,115,11,65,2,14,16,0,0,0,0,0,0,0,140,44,2,121,0,0,0,5,0,0,0,0,0,0,0,0,9,0,0,3,0,0,0,0,0,0,0,0,13,0,0,0,36,4,2,36,0,0,10,6,0,0,0,4,0,0,0,64,24,1,0,19,0,0,0,109,0,0,0,1,0,0,0,2,35,8,0,10,1,0,0,0,0,1,0,0,0,0,0,0,0,0,0,17,0,0,0,0,0,0,0,0,0,0,0,0,0,0,0,0,0,0,0,2,0,0,0,0,0,0,2,0,39,39,16,156,0,0,0,0,0,0,0,6,0,0,0,0,32,987,27,57,0,13,0,4,0,0,0,0,0,0,0,0,131,0,1,36,113,0,0,0,0,0,0,0,0,0,0,0,0,0,10,304,0,0,0,128,0,0,0,0,0,0,0,0,143,70,0,95,0,0,0,0,0,0,0,0,0,0,0,0,297,33,0,37,19,0,0,0,0,0,0,0,0,0,0,0,25,3,0,16,0,0,1,0,8,0,0,12,0,0,0,0,634,22,22,69,11,14,0,3,200,0,0,39,0,0,0,0,57,7,0,197,36,0,0,2,0,4,0,0,0,0,0,109,1,0,21,18,1,0,0,4,0,0,0,0,0,0,0,0,11,0,0,4,0,0,0,3,0,0,0,0,0,0,0,0,1997,980,454,1290,36,14,13,418,220,0,0,53,2,35,0,169,291,12,125,93,0,0,4,2,1,0,0,6,0,0,0,2,2738,585,697,1673,500,112,464,192,42,504,66,270,0,0,0,4,198,11,6,204,183,10,17,25,0,0,2,11,0,0,0,0,4521,881,1855,2447,410,134,212,76,424,5,163,0,342,3,0,260,4360,2192,2323,6469,367,5,575,1028,33,20,379,271,376,0,0,5,0,16,3,4,0,0,0,6,2,0,0,0,0,0,0,0,753,34,12,115,19,1,0,22,1,0,0,2,0,0,0,0,371,6,8,30,184,3,3,4,5,1,13,13,4,2,0,10,1352,1292,535,417,501,183,6,5,13,2,12,5,5,0,2,0,755,14,19,574,173,282,2,121,11,158,2,8,57,37,0,5,119,74,2,251,29,0,0,17,0,2,0,41,16,1,0,8,545,23,4,223,0,17,0,0,0,0,0,0,0,3,0,0,0,0,0,0,14,0,0,0,0,0,0,0,0,0,0,0,0,111,12,16,0,0,0,0,0,0,0,0,0,0,0,0,5924,2800,1759,6760,186,48,8,819,62,3,54,123,496,171,0,830,1359,433,123,1430,2,20,11,262,21,0,0,195,101,7,1,56,1943,876,1149,2970,287,5,14,1215,133,17,3,360,124,63,6,237,462,16,0,135,0,0,0,0,0,0,0,0,0,6,0,11,5722,2689,1731,7113,292,0,3,340,620,216,475,720,213,64,37,158,0,0,3,26,0,162,0,5,0,0,0,0,0,0,0,0,231,0,3,15,0,0,0,0,3,0,0,1,0,0,0,0,3338,891,261,874,466,26,30,270,35,0,16,183,6,305,0,59,1177,434,440,706,124,22,0,30,97,2,4,88,25,3,0
0,22,0,242,133,0,0,0,0,0,0,0,0,0,0,0,0,436,0,0,128,5,153,0,22,0,0,0,0,0,0,0,0,12,75,25,57,0,0,0,0,0,2,0,0,0,0,4,19,294,240,228,307,32,285,8,20,0,0,0,0,0,0,0,0,22,22,14,38,0,12,0,0,0,0,8,0,0,0,0,0,15,114,0,7,0,0,0,13,0,0,0,0,0,0,0,0,545,24,81,55,173,53,13,13,0,0,0,0,0,0,0,0,62,53,0,83,0,0,0,9,0,0,0,0,0,0,0,9,265,7,1,36,2,0,0,0,0,3,0,0,0,0,0,0,0,4,0,0,0,0,0,0,0,0,0,0,0,0,0,0,712,155,0,3,0,0,0,2,0,0,0,0,0,0,0,0,256,477,2,151,0,0,0,49,0,0,0,8,0,8,0,0,0,0,0,0,0,0,0,0,0,0,0,0,0,0,0,1,15,1,26,34,0,0,0,26,6,10,0,90,0,0,0,0,159,12,6,54,0,1,0,0,2,2,0,6,14,0,0,5,0,13,0,0,0,0,0,0,7,0,0,0,0,0,0,0,441,20,0,31,0,5,0,0,6,0,0,1,0,0,0,0,19,18,0,35,0,0,0,1,23,1,0,0,0,1,0,9,55,22,10,89,8,0,0,1,0,0,0,0,17,0,0,0,3,1,3,0,1,1,0,0,0,0,0,0,0,0,0,0,4,168,101,57,0,0,0,0,0,6,0,0,0,0,0,0,8,1,1,115,11,65,2,14,16,0,0,0,0,0,0,0,140,44,2,121,0,0,0,5,0,0,0,0,0,0,0,0,9,0,0,3,0,0,0,0,0,0,0,0,13,0,0,0,36,4,2,36,0,0,10,6,0,0,0,4,0,0,0,64,24,1,0,19,0,0,0,109,0,0,0,1,0,0,0,2,35,8,0,10,1,0,0,0,0,1,0,0,0,0,0,0,0,0,0,17,0,0,0,0,0,0,0,0,0,0,0,0,0,0,0,0,0,0,0,2,0,0,0,0,0,0,2,0,39,39,16,156,0,0,0,0,0,0,0,6,0,0,0,0,32,987,27,56,0,13,0,4,0,0,0,0,0,0,0,0,131,0,1,36,113,0,0,0,0,0,0,0,0,0,0,0,0,0,10,304,0,0,0,128,0,0,0,0,0,0,0,0,143,70,0,95,0,0,0,0,0,0,0,0,0,0,0,0,297,33,0,37,19,0,0,0,0,0,0,0,0,0,0,0,25,3,0,16,0,0,1,0,8,0,0,12,0,0,0,0,634,22,22,69,11,14,0,3,200,0,0,39,0,0,0,0,57,7,0,197,36,0,0,2,0,4,0,0,0,0,0,109,1,0,21,18,1,0,0,4,0,0,0,0,0,0,0,0,11,0,0,4,0,0,0,3,0,0,0,0,0,0,0,0,1997,980,455,1290,36,14,13,418,220,0,0,53,2,35,0,168,291,12,125,93,0,0,4,2,1,0,0,6,0,0,0,2,2737,584,697,1671,500,112,464,192,41,504,66,270,0,0,0,4,199,11,6,204,183,10,17,25,0,0,2,11,0,0,0,0,4521,881,1855,2447,410,134,212,76,424,5,163,0,342,3,0,260,4360,2192,2323,6470,367,5,575,1028,33,20,379,271,376,0,0,5,0,16,3,4,0,0,0,6,2,0,0,0,0,0,0,0,753,34,12,115,19,1,0,22,1,0,0,2,0,0,0,0,371,6,8,30,184,3,3,4,5,1,13,13,4,2,0,10,1350,1292,535,417,501,183,6,5,13,2,12,5,5,0,2,0,755,14,19,574,173,282,2,121,11,158,2,8,57,37,0,5,119,74,2,251,29,0,0,17,0,2,0,41,16,1,0,8,545,23,4,223,0,17,0,0,0,0,0,0,0,3,0,0,0,0,0,0,14,0,0,0,0,0,0,0,0,0,0,0,0,111,12,16,0,0,0,0,0,0,0,0,0,0,0,0,5925,2800,1757,6760,186,47,8,817,62,3,54,123,496,171,0,830,1360,434,123,1430,2,20,11,262,21,0,0,195,101,7,1,56,1943,876,1149,2969,287,5,14,1214,134,17,3,360,124,63,6,237,462,16,0,134,0,0,0,0,0,0,0,0,0,6,0,11,5722,2689,1731,7113,292,0,3,340,620,216,475,720,213,64,37,158,0,0,3,26,0,162,0,5,0,0,0,0,0,0,0,0,231,0,3,15,0,0,0,0,3,0,0,1,0,0,0,0,3338,890,261,874,466,26,30,270,35,0,16,183,6,305,0,59,1177,434,441,706,124,22,0,30,97,2,4,88,25,3,0
0,22,0,242,133,0,0,0,0,0,0,0,0,0,0,0,0,436,0,0,128,5,153,0,22,0,0,0,0,0,0,0,0,12,75,25,57,0,0,0,0,0,2,0,0,0,0,4,19,294,240,228,307,32,285,8,20,0,0,0,0,0,0,0,0,22,22,14,38,0,12,0,0,0,0,8,0,0,0,0,0,15,114,0,7,0,0,0,13,0,0,0,0,0,0,0,0,545,24,81,55,173,53,13,13,0,0,0,0,0,0,0,0,62,53,0,83,0,0,0,9,0,0,0,0,0,0,0,9,265,7,1,36,2,0,0,0,0,3,0,0,0,0,0,0,0,4,0,0,0,0,0,0,0,0,0,0,0,0,0,0,712,155,0,3,0,0,0,2,0,0,0,0,0,0,0,0,256,477,2,151,0,0,0,49,0,0,0,8,0,8,0,0,0,0,0,0,0,0,0,0,0,0,0,0,0,0,0,1,15,1,26,34,0,0,0,26,6,10,0,90,0,0,0,0,159,12,6,54,0,1,0,0,2,2,0,6,14,0,0,5,0,13,0,0,0,0,0,0,7,0,0,0,0,0,0,0,441,20,0,31,0,5,0,0,6,0,0,1,0,0,0,0,19,18,0,35,0,0,0,1,23,1,0,0,0,1,0,9,55,22,10,89,8,0,0,1,0,0,0,0,17,0,0,0,3,1,3,0,1,1,0,0,0,0,0,0,0,0,0,0,4,168,101,57,0,0,0,0,0,6,0,0,0,0,0,0,8,1,1,115,11,65,2,14,16,0,0,0,0,0,0,0,140,44,2,121,0,0,0,5,0,0,0,0,0,0,0,0,9,0,0,3,0,0,0,0,0,0,0,0,13,0,0,0,36,4,2,36,0,0,10,6,0,0,0,4,0,0,0,64,24,1,0,19,0,0,0,109,0,0,0,1,0,0,0,2,35,8,0,10,1,0,0,0,0,1,0,0,0,0,0,0,0,0,0,17,0,0,0,0,0,0,0,0,0,0,0,0,0,0,0,0,0,0,0,2,0,0,0,0,0,0,2,0,39,39,16,156,0,0,0,0,0,0,0,6,0,0,0,0,32,987,27,56,0,13,0,4,0,0,0,0,0,0,0,0,131,0,1,36,113,0,0,0,0,0,0,0,0,0,0,0,0,0,10,304,0,0,0,128,0,0,0,0,0,0,0,0,143,70,0,95,0,0,0,0,0,0,0,0,0,0,0,0,297,33,0,37,19,0,0,0,0,0,0,0,0,0,0,0,25,3,0,16,0,0,1,0,8,0,0,12,0,0,0,0,634,22,22,69,11,14,0,3,200,0,0,39,0,0,0,0,57,7,0,197,36,0,0,2,0,4,0,0,0,0,0,109,1,0,21,18,1,0,0,4,0,0,0,0,0,0,0,0,11,0,0,4,0,0,0,3,0,0,0,0,0,0,0,0,1997,980,454,1290,36,14,13,418,220,0,0,53,2,35,0,168,291,12,125,93,0,0,4,2,1,0,0,6,0,0,0,2,2737,584,696,1671,500,112,464,192,41,504,66,270,0,0,0,4,198,11,6,204,183,10,17,25,0,0,2,11,0,0,0,0,4521,881,1855,2447,410,134,212,76,424,5,163,0,342,3,0,260,4360,2192,2323,6470,367,5,575,1028,33,20,379,271,376,0,0,5,0,16,3,4,0,0,0,6,2,0,0,0,0,0,0,0,753,34,12,115,19,1,0,22,1,0,0,2,0,0,0,0,371,6,8,30,184,3,3,4,5,1,13,13,4,2,0,10,1350,1292,535,417,501,183,6,5,13,2,12,5,5,0,2,0,755,14,19,574,173,282,2,121,11,158,2,8,57,37,0,5,119,74,2,251,29,0,0,17,0,2,0,41,16,1,0,8,545,23,4,223,0,17,0,0,0,0,0,0,0,3,0,0,0,0,0,0,14,0,0,0,0,0,0,0,0,0,0,0,0,111,12,16,0,0,0,0,0,0,0,0,0,0,0,0,5925,2801,1757,6757,186,47,8,817,62,3,54,123,496,171,0,830,1359,433,123,1430,2,20,11,262,21,0,0,195,101,7,1,56,1943,876,1149,2968,287,5,14,1214,133,17,3,360,124,63,6,237,462,16,0,134,0,0,0,0,0,0,0,0,0,6,0,11,5722,2689,1731,7113,292,0,3,340,620,216,475,720,213,64,37,158,0,0,3,26,0,162,0,5,0,0,0,0,0,0,0,0,231,0,3,15,0,0,0,0,3,0,0,1,0,0,0,0,3338,890,261,874,466,26,30,270,35,0,16,183,6,305,0,59,1176,434,440,706,124,22,0,30,97,2,4,88,25,3,0
0,22,0,242,133,0,0,0,0,0,0,0,0,0,0,0,0,436,0,0,128,5,153,0,22,0,0,0,0,0,0,0,0,12,75,25,57,0,0,0,0,0,2,0,0,0,0,4,19,294,240,228,307,32,285,8,20,0,0,0,0,0,0,0,0,22,22,14,38,0,12,0,0,0,0,8,0,0,0,0,0,15,114,0,7,0,0,0,13,0,0,0,0,0,0,0,0,545,24,81,55,173,53,13,13,0,0,0,0,0,0,0,0,62,53,0,83,0,0,0,9,0,0,0,0,0,0,0,9,265,7,1,36,2,0,0,0,0,3,0,0,0,0,0,0,0,4,0,0,0,0,0,0,0,0,0,0,0,0,0,0,712,155,0,3,0,0,0,2,0,0,0,0,0,0,0,0,256,477,2,151,0,0,0,49,0,0,0,8,0,8,0,0,0,0,0,0,0,0,0,0,0,0,0,0,0,0,0,1,15,1,26,34,0,0,0,26,6,10,0,90,0,0,0,0,159,12,6,54,0,1,0,0,2,2,0,6,14,0,0,5,0,13,0,0,0,0,0,0,7,0,0,0,0,0,0,0,441,20,0,31,0,5,0,0,6,0,0,1,0,0,0,0,19,18,0,35,0,0,0,1,23,1,0,0,0,1,0,9,55,22,10,89,8,0,0,1,0,0,0,0,17,0,0,0,3,1,3,0,1,1,0,0,0,0,0,0,0,0,0,0,4,168,101,57,0,0,0,0,0,6,0,0,0,0,0,0,8,1,1,115,11,65,2,14,16,0,0,0,0,0,0,0,140,44,2,121,0,0,0,5,0,0,0,0,0,0,0,0,9,0,0,3,0,0,0,0,0,0,0,0,13,0,0,0,36,4,2,36,0,0,10,6,0,0,0,4,0,0,0,64,24,1,0,19,0,0,0,109,0,0,0,1,0,0,0,2,35,8,0,10,1,0,0,0,0,1,0,0,0,0,0,0,0,0,0,17,0,0,0,0,0,0,0,0,0,0,0,0,0,0,0,0,0,0,0,2,0,0,0,0,0,0,2,0,39,39,16,156,0,0,0,0,0,0,0,6,0,0,0,0,32,987,27,56,0,13,0,4,0,0,0,0,0,0,0,0,131,0,1,36,113,0,0,0,0,0,0,0,0,0,0,0,0,0,10,304,0,0,0,128,0,0,0,0,0,0,0,0,143,70,0,95,0,0,0,0,0,0,0,0,0,0,0,0,297,33,0,37,19,0,0,0,0,0,0,0,0,0,0,0,25,3,0,16,0,0,1,0,8,0,0,12,0,0,0,0,634,22,22,69,11,14,0,3,200,0,0,39,0,0,0,0,57,7,0,197,36,0,0,2,0,4,0,0,0,0,0,109,1,0,21,18,1,0,0,4,0,0,0,0,0,0,0,0,11,0,0,4,0,0,0,3,0,0,0,0,0,0,0,0,1998,980,455,1290,36,14,13,418,220,0,0,53,2,35,0,168,291,12,125,93,0,0,4,2,1,0,0,6,0,0,0,2,2737,584,696,1671,500,112,464,192,41,504,66,270,0,0,0,4,198,11,6,204,183,10,17,25,0,0,2,11,0,0,0,0,4521,881,1855,2447,410,134,212,76,424,5,163,0,342,3,0,260,4360,2192,2323,6469,367,5,575,1028,33,20,379,271,376,0,0,5,0,16,3,4,0,0,0,6,2,0,0,0,0,0,0,0,753,34,12,115,19,1,0,22,1,0,0,2,0,0,0,0,371,6,8,30,184,3,3,4,5,1,13,13,4,2,0,10,1350,1292,535,417,501,183,6,5,13,2,12,5,5,0,2,0,755,14,19,574,173,282,2,121,11,158,2,8,57,37,0,5,119,74,2,251,29,0,0,17,0,2,0,41,16,1,0,8,545,23,4,223,0,17,0,0,0,0,0,0,0,3,0,0,0,0,0,0,14,0,0,0,0,0,0,0,0,0,0,0,0,111,12,16,0,0,0,0,0,0,0,0,0,0,0,0,5925,2800,1757,6757,186,47,8,817,62,3,54,123,497,171,0,830,1360,433,123,1430,2,20,11,262,21,0,0,195,101,7,1,56,1943,876,1149,2968,287,5,14,1214,133,17,3,360,124,63,6,237,462,16,0,134,0,0,0,0,0,0,0,0,0,6,0,11,5722,2689,1731,7113,292,0,3,340,620,216,475,720,213,64,37,158,0,0,3,26,0,162,0,5,0,0,0,0,0,0,0,0,231,0,3,15,0,0,0,0,3,0,0,1,0,0,0,0,3339,890,261,874,466,26,30,270,35,0,16,183,6,305,0,59,1177,434,440,706,124,22,0,30,97,2,4,88,25,3,0
0,22,0,242,133,0,0,0,0,0,0,0,0,0,0,0,0,436,0,0,128,5,153,0,22,0,0,0,0,0,0,0,0,12,75,25,57,0,0,0,0,0,2,0,0,0,0,4,19,294,240,228,307,32,285,8,20,0,0,0,0,0,0,0,0,22,22,14,38,0,12,0,0,0,0,8,0,0,0,0,0,15,114,0,7,0,0,0,13,0,0,0,0,0,0,0,0,545,24,81,55,173,53,13,13,0,0,0,0,0,0,0,0,62,53,0,83,0,0,0,9,0,0,0,0,0,0,0,9,265,7,1,36,2,0,0,0,0,3,0,0,0,0,0,0,0,4,0,0,0,0,0,0,0,0,0,0,0,0,0,0,712,155,0,3,0,0,0,2,0,0,0,0,0,0,0,0,256,477,2,151,0,0,0,49,0,0,0,8,0,8,0,0,0,0,0,0,0,0,0,0,0,0,0,0,0,0,0,1,15,1,26,34,0,0,0,26,6,10,0,90,0,0,0,0,159,12,6,54,0,1,0,0,2,2,0,6,14,0,0,5,0,13,0,0,0,0,0,0,7,0,0,0,0,0,0,0,441,20,0,31,0,5,0,0,6,0,0,1,0,0,0,0,19,18,0,35,0,0,0,1,23,1,0,0,0,1,0,9,55,22,10,89,8,0,0,1,0,0,0,0,17,0,0,0,3,1,3,0,1,1,0,0,0,0,0,0,0,0,0,0,4,168,101,57,0,0,0,0,0,6,0,0,0,0,0,0,8,1,1,115,11,65,2,14,16,0,0,0,0,0,0,0,140,44,2,121,0,0,0,5,0,0,0,0,0,0,0,0,9,0,0,3,0,0,0,0,0,0,0,0,13,0,0,0,36,4,2,36,0,0,10,6,0,0,0,4,0,0,0,64,24,1,0,19,0,0,0,109,0,0,0,1,0,0,0,2,35,8,0,10,1,0,0,0,0,1,0,0,0,0,0,0,0,0,0,17,0,0,0,0,0,0,0,0,0,0,0,0,0,0,0,0,0,0,0,2,0,0,0,0,0,0,2,0,39,39,16,156,0,0,0,0,0,0,0,6,0,0,0,0,32,988,27,56,0,13,0,4,0,0,0,0,0,0,0,0,131,0,1,36,113,0,0,0,0,0,0,0,0,0,0,0,0,0,10,304,0,0,0,128,0,0,0,0,0,0,0,0,143,70,0,95,0,0,0,0,0,0,0,0,0,0,0,0,297,33,0,37,19,0,0,0,0,0,0,0,0,0,0,0,25,3,0,16,0,0,1,0,8,0,0,12,0,0,0,0,634,22,22,69,11,14,0,3,200,0,0,39,0,0,0,0,57,7,0,197,36,0,0,2,0,4,0,0,0,0,0,109,1,0,21,18,1,0,0,4,0,0,0,0,0,0,0,0,11,0,0,4,0,0,0,3,0,0,0,0,0,0,0,0,1997,980,454,1290,36,14,13,418,220,0,0,53,2,35,0,168,291,12,125,93,0,0,4,2,1,0,0,6,0,0,0,2,2738,584,696,1671,500,112,465,192,41,505,66,270,0,0,0,4,198,11,6,204,183,10,17,25,0,0,2,11,0,0,0,0,4522,881,1855,2447,410,134,212,76,424,5,163,0,342,3,0,260,4360,2192,2324,6469,367,5,576,1029,33,20,379,271,376,0,0,5,0,16,3,4,0,0,0,6,2,0,0,0,0,0,0,0,753,34,12,115,19,1,0,22,1,0,0,2,0,0,0,0,371,6,8,30,184,3,3,4,5,1,13,13,4,2,0,10,1350,1293,535,417,501,183,6,5,13,2,12,5,5,0,2,0,756,14,19,575,173,282,2,121,11,158,2,8,57,37,0,5,119,74,2,251,29,0,0,17,0,2,0,41,16,1,0,8,545,23,4,223,0,17,0,0,0,0,0,0,0,3,0,0,0,0,0,0,14,0,0,0,0,0,0,0,0,0,0,0,0,111,12,16,0,0,0,0,0,0,0,0,0,0,0,0,5926,2800,1758,6759,186,47,8,818,62,3,54,123,496,171,0,830,1359,433,123,1430,2,20,11,262,21,0,0,195,101,7,1,56,1944,876,1149,2968,287,5,14,1216,133,17,3,360,124,63,6,237,462,16,0,134,0,0,0,0,0,0,0,0,0,6,0,11,5722,2689,1731,7114,292,0,3,340,620,216,475,720,213,64,37,158,0,0,3,26,0,162,0,5,0,0,0,0,0,0,0,0,231,0,3,15,0,0,0,0,3,0,0,1,0,0,0,0,3338,890,261,874,466,26,30,270,35,0,16,183,6,305,0,59,1176,434,440,706,124,22,0,30,97,2,4,88,25,3,0
0,22,0,242,133,0,0,0,0,0,0,0,0,0,0,0,0,436,0,0,128,5,153,0,22,0,0,0,0,0,0,0,0,12,75,25,57,0,0,0,0,0,2,0,0,0,0,4,19,294,240,228,307,32,285,8,20,0,0,0,0,0,0,0,0,22,22,14,38,0,12,0,0,0,0,8,0,0,0,0,0,15,114,0,7,0,0,0,13,0,0,0,0,0,0,0,0,545,24,81,55,173,53,13,13,0,0,0,0,0,0,0,0,62,53,0,83,0,0,0,9,0,0,0,0,0,0,0,9,265,7,1,36,2,0,0,0,0,3,0,0,0,0,0,0,0,4,0,0,0,0,0,0,0,0,0,0,0,0,0,0,712,155,0,3,0,0,0,2,0,0,0,0,0,0,0,0,256,477,2,151,0,0,0,49,0,0,0,8,0,8,0,0,0,0,0,0,0,0,0,0,0,0,0,0,0,0,0,1,15,1,26,34,0,0,0,26,6,10,0,90,0,0,0,0,159,12,6,54,0,1,0,0,2,2,0,6,14,0,0,5,0,13,0,0,0,0,0,0,7,0,0,0,0,0,0,0,441,20,0,31,0,5,0,0,6,0,0,1,0,0,0,0,19,18,0,35,0,0,0,1,23,1,0,0,0,1,0,9,55,22,10,89,8,0,0,1,0,0,0,0,17,0,0,0,3,1,3,0,1,1,0,0,0,0,0,0,0,0,0,0,4,168,101,57,0,0,0,0,0,6,0,0,0,0,0,0,8,1,1,115,11,65,2,14,16,0,0,0,0,0,0,0,140,44,2,121,0,0,0,5,0,0,0,0,0,0,0,0,9,0,0,3,0,0,0,0,0,0,0,0,13,0,0,0,36,4,2,36,0,0,10,6,0,0,0,4,0,0,0,64,24,1,0,19,0,0,0,109,0,0,0,1,0,0,0,2,35,8,0,10,1,0,0,0,0,1,0,0,0,0,0,0,0,0,0,17,0,0,0,0,0,0,0,0,0,0,0,0,0,0,0,0,0,0,0,2,0,0,0,0,0,0,2,0,39,39,16,156,0,0,0,0,0,0,0,6,0,0,0,0,32,987,27,56,0,13,0,4,0,0,0,0,0,0,0,0,131,0,1,36,113,0,0,0,0,0,0,0,0,0,0,0,0,0,10,304,0,0,0,128,0,0,0,0,0,0,0,0,143,70,0,95,0,0,0,0,0,0,0,0,0,0,0,0,297,33,0,37,19,0,0,0,0,0,0,0,0,0,0,0,25,3,0,16,0,0,1,0,8,0,0,12,0,0,0,0,634,22,22,69,11,14,0,3,200,0,0,39,0,0,0,0,57,7,0,197,36,0,0,2,0,4,0,0,0,0,0,109,1,0,21,18,1,0,0,4,0,0,0,0,0,0,0,0,11,0,0,4,0,0,0,3,0,0,0,0,0,0,0,0,1997,980,454,1290,36,14,13,418,220,0,0,53,2,35,0,168,291,12,125,93,0,0,4,2,1,0,0,6,0,0,0,2,2737,584,696,1671,500,112,464,192,41,504,66,270,0,0,0,4,198,11,6,204,183,10,17,25,0,0,2,11,0,0,0,0,4521,881,1855,2447,410,134,212,76,424,5,163,0,342,3,0,260,4360,2192,2323,6469,367,5,575,1028,33,20,379,271,376,0,0,5,0,16,3,4,0,0,0,6,2,0,0,0,0,0,0,0,753,34,12,115,19,1,0,22,1,0,0,2,0,0,0,0,371,6,8,30,184,3,3,4,5,1,13,13,4,2,0,10,1350,1292,535,417,501,183,6,5,13,2,12,5,5,0,2,0,755,14,19,574,173,282,2,121,11,158,2,8,57,37,0,5,119,74,2,251,29,0,0,17,0,2,0,41,16,1,0,8,545,23,4,223,0,17,0,0,0,0,0,0,0,3,0,0,0,0,0,0,14,0,0,0,0,0,0,0,0,0,0,0,0,111,12,16,0,0,0,0,0,0,0,0,0,0,0,0,5924,2800,1757,6757,186,47,8,817,62,3,54,123,496,171,0,830,1359,433,123,1430,2,20,11,262,21,0,0,195,101,7,1,56,1943,876,1149,2968,287,5,14,1214,133,17,3,360,124,63,6,237,462,16,0,134,0,0,0,0,0,0,0,0,0,6,0,11,5722,2689,1731,7113,292,0,3,340,620,216,475,720,213,64,37,158,0,0,3,26,0,162,0,5,0,0,0,0,0,0,0,0,231,0,3,15,0,0,0,0,3,0,0,1,0,0,0,0,3338,890,261,874,466,26,30,270,35,0,16,183,6,305,0,59,1176,434,440,706,124,22,0,30,97,2,4,88,25,3,0
0,22,0,242,133,0,0,0,0,0,0,0,0,0,0,0,0,436,0,0,128,5,153,0,22,0,0,0,0,0,0,0,0,12,75,25,57,0,0,0,0,0,2,0,0,0,0,4,19,294,240,228,307,32,285,8,20,0,0,0,0,0,0,0,0,22,22,14,38,0,12,0,0,0,0,8,0,0,0,0,0,15,114,0,7,0,0,0,13,0,0,0,0,0,0,0,0,545,24,81,55,173,53,13,13,0,0,0,0,0,0,0,0,62,53,0,83,0,0,0,9,0,0,0,0,0,0,0,9,265,7,1,36,2,0,0,0,0,3,0,0,0,0,0,0,0,4,0,0,0,0,0,0,0,0,0,0,0,0,0,0,712,155,0,3,0,0,0,2,0,0,0,0,0,0,0,0,256,477,2,151,0,0,0,49,0,0,0,8,0,8,0,0,0,0,0,0,0,0,0,0,0,0,0,0,0,0,0,1,15,1,26,34,0,0,0,26,6,10,0,90,0,0,0,0,159,12,6,54,0,1,0,0,2,2,0,6,14,0,0,5,0,13,0,0,0,0,0,0,7,0,0,0,0,0,0,0,441,20,0,31,0,5,0,0,6,0,0,1,0,0,0,0,19,18,0,35,0,0,0,1,23,1,0,0,0,1,0,9,55,22,10,89,8,0,0,1,0,0,0,0,17,0,0,0,3,1,3,0,1,1,0,0,0,0,0,0,0,0,0,0,4,168,101,57,0,0,0,0,0,6,0,0,0,0,0,0,8,1,1,115,11,65,2,14,16,0,0,0,0,0,0,0,140,44,2,121,0,0,0,5,0,0,0,0,0,0,0,0,9,0,0,3,0,0,0,0,0,0,0,0,13,0,0,0,36,4,2,36,0,0,10,6,0,0,0,4,0,0,0,64,24,1,0,19,0,0,0,109,0,0,0,1,0,0,0,2,35,8,0,10,1,0,0,0,0,1,0,0,0,0,0,0,0,0,0,17,0,0,0,0,0,0,0,0,0,0,0,0,0,0,0,0,0,0,0,2,0,0,0,0,0,0,2,0,39,39,16,156,0,0,0,0,0,0,0,6,0,0,0,0,32,987,27,56,0,13,0,4,0,0,0,0,0,0,0,0,131,0,1,36,113,0,0,0,0,0,0,0,0,0,0,0,0,0,10,304,0,0,0,128,0,0,0,0,0,0,0,0,143,70,0,95,0,0,0,0,0,0,0,0,0,0,0,0,297,33,0,37,19,0,0,0,0,0,0,0,0,0,0,0,25,3,0,16,0,0,1,0,8,0,0,12,0,0,0,0,634,22,22,69,11,14,0,3,200,0,0,39,0,0,0,0,57,7,0,197,36,0,0,2,0,4,0,0,0,0,0,109,1,0,21,18,1,0,0,4,0,0,0,0,0,0,0,0,11,0,0,4,0,0,0,3,0,0,0,0,0,0,0,0,1997,980,454,1290,36,14,13,418,220,0,0,53,2,35,0,168,291,12,125,93,0,0,4,2,1,0,0,6,0,0,0,2,2737,584,696,1671,500,112,464,192,41,504,66,270,0,0,0,4,198,11,6,204,183,10,17,25,0,0,2,11,0,0,0,0,4521,881,1855,2447,410,134,212,76,424,5,163,0,342,3,0,260,4360,2192,2323,6470,367,5,575,1028,33,20,379,271,376,0,0,5,0,16,3,4,0,0,0,6,2,0,0,0,0,0,0,0,753,34,12,115,19,1,0,22,1,0,0,2,0,0,0,0,371,6,8,30,184,3,3,4,5,1,13,13,4,2,0,10,1350,1292,535,417,501,183,6,5,13,2,12,5,5,0,2,0,755,14,19,574,173,282,2,121,11,158,2,8,57,37,0,5,119,74,2,251,29,0,0,17,0,2,0,41,16,1,0,8,545,23,4,223,0,17,0,0,0,0,0,0,0,3,0,0,0,0,0,0,14,0,0,0,0,0,0,0,0,0,0,0,0,111,12,16,0,0,0,0,0,0,0,0,0,0,0,0,5924,2800,1757,6757,186,47,8,817,62,3,54,123,496,171,0,830,1359,433,123,1430,2,20,11,262,21,0,0,195,101,7,1,56,1943,876,1149,2968,287,5,14,1214,133,17,3,360,124,63,6,237,462,16,0,134,0,0,0,0,0,0,0,0,0,6,0,11,5722,2689,1731,7113,292,0,3,340,620,216,475,720,213,64,37,158,0,0,3,26,0,162,0,5,0,0,0,0,0,0,0,0,231,0,3,15,0,0,0,0,3,0,0,1,0,0,0,0,3338,890,261,874,466,26,30,270,35,0,16,183,6,305,0,59,1176,434,440,706,124,22,0,30,97,2,4,88,25,3,0
0,22,0,242,133,0,0,0,0,0,0,0,0,0,0,0,0,436,0,0,128,5,153,0,22,0,0,0,0,0,0,0,0,12,75,25,57,0,0,0,0,0,2,0,0,0,0,4,19,294,240,228,307,32,285,8,20,0,0,0,0,0,0,0,0,22,22,14,38,0,12,0,0,0,0,8,0,0,0,0,0,15,114,0,7,0,0,0,13,0,0,0,0,0,0,0,0,545,24,81,55,173,53,13,13,0,0,0,0,0,0,0,0,62,53,0,83,0,0,0,9,0,0,0,0,0,0,0,9,266,7,1,36,2,0,0,0,0,3,0,0,0,0,0,0,0,4,0,0,0,0,0,0,0,0,0,0,0,0,0,0,712,155,0,3,0,0,0,2,0,0,0,0,0,0,0,0,256,477,2,151,0,0,0,49,0,0,0,8,0,8,0,0,0,0,0,0,0,0,0,0,0,0,0,0,0,0,0,1,15,1,26,34,0,0,0,26,6,10,0,90,0,0,0,0,159,12,6,54,0,1,0,0,2,2,0,6,14,0,0,5,0,13,0,0,0,0,0,0,7,0,0,0,0,0,0,0,441,20,0,31,0,5,0,0,6,0,0,1,0,0,0,0,19,18,0,35,0,0,0,1,23,1,0,0,0,1,0,9,55,22,10,89,8,0,0,1,0,0,0,0,17,0,0,0,3,1,3,0,1,1,0,0,0,0,0,0,0,0,0,0,4,168,101,57,0,0,0,0,0,6,0,0,0,0,0,0,8,1,1,115,11,65,2,14,16,0,0,0,0,0,0,0,140,44,2,121,0,0,0,5,0,0,0,0,0,0,0,0,9,0,0,3,0,0,0,0,0,0,0,0,13,0,0,0,36,4,2,36,0,0,10,6,0,0,0,4,0,0,0,64,24,1,0,19,0,0,0,109,0,0,0,1,0,0,0,2,35,8,0,10,1,0,0,0,0,1,0,0,0,0,0,0,0,0,0,17,0,0,0,0,0,0,0,0,0,0,0,0,0,0,0,0,0,0,0,2,0,0,0,0,0,0,2,0,39,39,16,156,0,0,0,0,0,0,0,6,0,0,0,0,32,987,27,56,0,13,0,4,0,0,0,0,0,0,0,0,131,0,1,36,113,0,0,0,0,0,0,0,0,0,0,0,0,0,10,304,0,0,0,128,0,0,0,0,0,0,0,0,143,70,0,95,0,0,0,0,0,0,0,0,0,0,0,0,297,33,0,37,19,0,0,0,0,0,0,0,0,0,0,0,25,3,0,16,0,0,1,0,8,0,0,12,0,0,0,0,634,22,22,69,11,14,0,3,200,0,0,39,0,0,0,0,57,7,0,197,36,0,0,2,0,4,0,0,0,0,0,109,1,0,21,18,1,0,0,4,0,0,0,0,0,0,0,0,11,0,0,4,0,0,0,3,0,0,0,0,0,0,0,0,1997,980,454,1290,36,14,13,418,220,0,0,53,2,35,0,168,291,12,125,93,0,0,4,2,1,0,0,6,0,0,0,2,2737,584,696,1671,500,112,464,192,41,504,66,270,0,0,0,4,198,11,6,204,183,10,17,25,0,0,2,11,0,0,0,0,4521,881,1855,2447,410,134,212,76,424,5,163,0,342,3,0,260,4360,2194,2324,6472,367,5,576,1028,33,20,379,272,376,0,0,5,0,16,3,4,0,0,0,6,2,0,0,0,0,0,0,0,753,34,12,115,19,1,0,22,1,0,0,2,0,0,0,0,371,6,8,30,184,3,3,4,5,1,13,13,4,2,0,10,1350,1292,535,417,501,183,6,5,13,2,12,5,5,0,2,0,755,14,19,574,173,282,2,121,11,158,2,8,57,37,0,5,119,74,2,251,29,0,0,17,0,2,0,41,16,1,0,8,545,23,4,223,0,17,0,0,0,0,0,0,0,3,0,0,0,0,0,0,14,0,0,0,0,0,0,0,0,0,0,0,0,111,12,16,0,0,0,0,0,0,0,0,0,0,0,0,5924,2800,1757,6757,186,47,8,817,62,3,54,123,496,171,0,830,1359,433,123,1430,2,20,11,262,21,0,0,195,101,7,1,56,1943,878,1149,2968,287,5,14,1214,133,17,3,362,124,63,6,237,462,16,0,134,0,0,0,0,0,0,0,0,0,6,0,11,5722,2689,1731,7117,292,0,3,340,621,216,476,720,213,64,37,158,0,0,3,26,0,163,0,5,0,0,0,0,0,0,0,0,231,0,3,15,0,0,0,0,3,0,0,1,0,0,0,0,3338,890,261,874,466,26,30,270,35,0,16,183,6,305,0,59,1176,434,440,706,124,22,0,30,97,2,4,88,25,3,0
0,22,0,242,133,0,0,0,0,0,0,0,0,0,0,0,0,436,0,0,128,5,153,0,22,0,0,0,0,0,0,0,0,12,75,25,57,0,0,0,0,0,2,0,0,0,0,4,19,294,240,228,307,32,285,8,20,0,0,0,0,0,0,0,0,22,22,14,38,0,12,0,0,0,0,8,0,0,0,0,0,15,114,0,7,0,0,0,13,0,0,0,0,0,0,0,0,545,24,81,55,173,53,13,13,0,0,0,0,0,0,0,0,62,53,0,83,0,0,0,9,0,0,0,0,0,0,0,9,265,7,1,36,2,0,0,0,0,3,0,0,0,0,0,0,0,4,0,0,0,0,0,0,0,0,0,0,0,0,0,0,712,155,0,3,0,0,0,2,0,0,0,0,0,0,0,0,256,477,2,151,0,0,0,49,0,0,0,8,0,8,0,0,0,0,0,0,0,0,0,0,0,0,0,0,0,0,0,1,15,1,26,34,0,0,0,26,6,10,0,90,0,0,0,0,159,12,6,54,0,1,0,0,2,2,0,6,14,0,0,5,0,13,0,0,0,0,0,0,7,0,0,0,0,0,0,0,441,20,0,31,0,5,0,0,6,0,0,1,0,0,0,0,19,18,0,35,0,0,0,1,23,1,0,0,0,1,0,9,55,22,10,89,8,0,0,1,0,0,0,0,17,0,0,0,3,1,3,0,1,1,0,0,0,0,0,0,0,0,0,0,4,168,101,57,0,0,0,0,0,6,0,0,0,0,0,0,8,1,1,115,11,65,2,14,16,0,0,0,0,0,0,0,140,44,2,121,0,0,0,5,0,0,0,0,0,0,0,0,9,0,0,3,0,0,0,0,0,0,0,0,13,0,0,0,36,4,2,36,0,0,10,6,0,0,0,4,0,0,0,64,24,1,0,19,0,0,0,109,0,0,0,1,0,0,0,2,35,8,0,10,1,0,0,0,0,1,0,0,0,0,0,0,0,0,0,17,0,0,0,0,0,0,0,0,0,0,0,0,0,0,0,0,0,0,0,2,0,0,0,0,0,0,2,0,39,39,16,156,0,0,0,0,0,0,0,6,0,0,0,0,32,987,27,56,0,13,0,4,0,0,0,0,0,0,0,0,131,0,1,36,113,0,0,0,0,0,0,0,0,0,0,0,0,0,10,304,0,0,0,128,0,0,0,0,0,0,0,0,143,70,0,95,0,0,0,0,0,0,0,0,0,0,0,0,297,33,0,37,19,0,0,0,0,0,0,0,0,0,0,0,25,3,0,16,0,0,1,0,8,0,0,12,0,0,0,0,635,22,22,69,11,14,0,3,200,0,0,39,0,0,0,0,57,7,0,197,36,0,0,2,0,4,0,0,0,0,0,109,1,0,21,18,1,0,0,4,0,0,0,0,0,0,0,0,11,0,0,4,0,0,0,3,0,0,0,0,0,0,0,0,1997,980,454,1290,36,14,13,418,220,0,0,53,2,35,0,168,291,12,125,93,0,0,4,2,1,0,0,6,0,0,0,2,2738,584,696,1671,500,113,464,192,41,504,66,270,0,0,0,4,198,11,6,204,183,10,17,25,0,0,2,11,0,0,0,0,4521,881,1856,2448,410,134,212,76,424,5,163,0,342,3,0,260,4361,2194,2323,6472,367,5,575,1028,33,20,379,271,376,0,0,5,0,16,3,4,0,0,0,6,2,0,0,0,0,0,0,0,753,34,12,115,19,1,0,22,1,0,0,2,0,0,0,0,371,6,8,30,184,3,3,4,5,1,13,13,4,2,0,10,1351,1292,535,417,501,183,6,5,13,2,12,5,5,0,2,0,755,14,19,574,173,282,2,121,11,158,2,8,57,37,0,5,119,74,2,251,29,0,0,17,0,2,0,41,16,1,0,8,545,23,4,223,0,17,0,0,0,0,0,0,0,3,0,0,0,0,0,0,14,0,0,0,0,0,0,0,0,0,0,0,0,111,12,16,0,0,0,0,0,0,0,0,0,0,0,0,5924,2800,1758,6758,186,47,8,817,62,3,54,123,496,171,0,830,1359,433,123,1430,2,20,11,262,21,0,0,195,101,7,1,56,1943,876,1149,2970,287,5,14,1214,133,17,3,360,124,63,6,237,462,16,0,134,0,0,0,0,0,0,0,0,0,6,0,11,5722,2689,1731,7114,292,0,3,340,620,216,475,720,213,64,37,158,0,0,3,26,0,162,0,5,0,0,0,0,0,0,0,0,231,0,3,15,0,0,0,0,3,0,0,1,0,0,0,0,3338,890,261,874,466,26,30,270,35,0,16,183,6,305,0,59,1176,434,440,706,124,22,0,30,97,2,4,88,25,3,0
0,22,0,242,133,0,0,0,0,0,0,0,0,0,0,0,0,436,0,0,128,5,153,0,22,0,0,0,0,0,0,0,0,12,75,25,57,0,0,0,0,0,2,0,0,0,0,4,19,294,240,228,307,32,285,8,20,0,0,0,0,0,0,0,0,22,22,14,38,0,12,0,0,0,0,8,0,0,0,0,0,15,114,0,7,0,0,0,13,0,0,0,0,0,0,0,0,545,24,81,55,173,53,13,13,0,0,0,0,0,0,0,0,62,53,0,83,0,0,0,9,0,0,0,0,0,0,0,9,265,7,1,36,2,0,0,0,0,3,0,0,0,0,0,0,0,4,0,0,0,0,0,0,0,0,0,0,0,0,0,0,712,155,0,3,0,0,0,2,0,0,0,0,0,0,0,0,256,477,2,151,0,0,0,49,0,0,0,8,0,8,0,0,0,0,0,0,0,0,0,0,0,0,0,0,0,0,0,1,15,1,26,34,0,0,0,26,6,10,0,90,0,0,0,0,159,12,6,54,0,1,0,0,2,2,0,6,14,0,0,5,0,13,0,0,0,0,0,0,7,0,0,0,0,0,0,0,441,20,0,31,0,5,0,0,6,0,0,1,0,0,0,0,19,18,0,35,0,0,0,1,23,1,0,0,0,1,0,9,55,22,10,89,8,0,0,1,0,0,0,0,17,0,0,0,3,1,3,0,1,1,0,0,0,0,0,0,0,0,0,0,4,168,101,57,0,0,0,0,0,6,0,0,0,0,0,0,8,1,1,115,11,65,2,14,16,0,0,0,0,0,0,0,140,44,2,121,0,0,0,5,0,0,0,0,0,0,0,0,9,0,0,3,0,0,0,0,0,0,0,0,13,0,0,0,36,4,2,36,0,0,10,6,0,0,0,4,0,0,0,64,24,1,0,19,0,0,0,109,0,0,0,1,0,0,0,2,35,8,0,10,1,0,0,0,0,1,0,0,0,0,0,0,0,0,0,17,0,0,0,0,0,0,0,0,0,0,0,0,0,0,0,0,0,0,0,2,0,0,0,0,0,0,2,0,39,39,16,156,0,0,0,0,0,0,0,6,0,0,0,0,32,987,27,56,0,13,0,4,0,0,0,0,0,0,0,0,131,0,1,36,113,0,0,0,0,0,0,0,0,0,0,0,0,0,10,304,0,0,0,128,0,0,0,0,0,0,0,0,143,70,0,95,0,0,0,0,0,0,0,0,0,0,0,0,297,33,0,37,19,0,0,0,0,0,0,0,0,0,0,0,25,3,0,16,0,0,1,0,8,0,0,12,0,0,0,0,634,22,22,69,11,14,0,3,200,0,0,39,0,0,0,0,57,7,0,197,36,0,0,2,0,4,0,0,0,0,0,109,1,0,21,18,1,0,0,4,0,0,0,0,0,0,0,0,11,0,0,4,0,0,0,3,0,0,0,0,0,0,0,0,1997,980,454,1290,36,14,13,418,220,0,0,53,2,35,0,168,291,12,125,93,0,0,4,2,1,0,0,6,0,0,0,2,2737,584,696,1671,500,112,464,192,41,504,66,270,0,0,0,4,198,11,6,204,183,10,17,25,0,0,2,11,0,0,0,0,4521,881,1855,2447,410,134,212,76,424,5,163,0,342,3,0,260,4360,2192,2323,6469,367,5,575,1028,33,20,379,271,376,0,0,5,0,16,3,4,0,0,0,6,2,0,0,0,0,0,0,0,753,34,12,115,19,1,0,22,1,0,0,2,0,0,0,0,371,6,8,30,184,3,3,4,5,1,13,13,4,2,0,10,1350,1292,535,417,501,183,6,5,13,2,12,5,5,0,2,0,755,14,19,574,173,282,2,121,11,158,2,8,57,37,0,5,119,74,2,251,29,0,0,17,0,2,0,41,16,1,0,8,545,23,4,223,0,17,0,0,0,0,0,0,0,3,0,0,0,0,0,0,14,0,0,0,0,0,0,0,0,0,0,0,0,111,12,16,0,0,0,0,0,0,0,0,0,0,0,0,5924,2800,1757,6757,186,47,8,817,62,3,54,123,496,171,0,830,1359,433,123,1430,2,20,11,262,21,0,0,195,101,7,1,56,1943,876,1149,2968,287,5,14,1214,133,17,3,360,124,63,6,237,462,16,0,134,0,0,0,0,0,0,0,0,0,6,0,11,5722,2689,1731,7113,292,0,3,340,620,216,475,720,213,64,37,158,0,0,3,26,0,162,0,5,0,0,0,0,0,0,0,0,231,0,3,15,0,0,0,0,3,0,0,1,0,0,0,0,3338,890,261,874,466,26,30,270,35,0,16,183,6,305,0,59,1176,434,440,706,124,22,0,30,97,2,4,88,25,3,0
0,22,0,242,133,0,0,0,0,0,0,0,0,0,0,0,0,437,0,0,128,5,153,0,22,0,0,0,0,0,0,0,0,12,75,25,57,0,0,0,0,0,2,0,0,0,0,4,19,295,240,228,307,32,285,8,20,0,0,0,0,0,0,0,0,22,22,14,38,0,12,0,0,0,0,8,0,0,0,0,0,15,114,0,7,0,0,0,13,0,0,0,0,0,0,0,0,546,24,81,55,173,53,13,13,0,0,0,0,0,0,0,0,62,53,0,83,0,0,0,9,0,0,0,0,0,0,0,9,265,7,1,36,2,0,0,0,0,3,0,0,0,0,0,0,0,4,0,0,0,0,0,0,0,0,0,0,0,0,0,0,712,155,0,3,0,0,0,2,0,0,0,0,0,0,0,0,256,477,2,151,0,0,0,49,0,0,0,8,0,8,0,0,0,0,0,0,0,0,0,0,0,0,0,0,0,0,0,1,15,1,26,34,0,0,0,26,6,10,0,90,0,0,0,0,159,12,6,54,0,1,0,0,2,2,0,6,14,0,0,5,0,13,0,0,0,0,0,0,7,0,0,0,0,0,0,0,442,20,0,31,0,5,0,0,6,0,0,1,0,0,0,0,19,18,0,35,0,0,0,1,23,1,0,0,0,1,0,9,55,22,10,89,8,0,0,1,0,0,0,0,17,0,0,0,3,1,3,0,1,1,0,0,0,0,0,0,0,0,0,0,4,168,101,57,0,0,0,0,0,6,0,0,0,0,0,0,8,1,1,115,11,65,2,14,16,0,0,0,0,0,0,0,140,44,2,121,0,0,0,5,0,0,0,0,0,0,0,0,9,0,0,3,0,0,0,0,0,0,0,0,13,0,0,0,36,4,2,36,0,0,10,6,0,0,0,4,0,0,0,64,24,1,0,19,0,0,0,109,0,0,0,1,0,0,0,2,35,8,0,10,1,0,0,0,0,1,0,0,0,0,0,0,0,0,0,17,0,0,0,0,0,0,0,0,0,0,0,0,0,0,0,0,0,0,0,2,0,0,0,0,0,0,2,0,39,39,16,156,0,0,0,0,0,0,0,6,0,0,0,0,32,987,27,56,0,13,0,4,0,0,0,0,0,0,0,0,131,0,1,36,113,0,0,0,0,0,0,0,0,0,0,0,0,0,10,304,0,0,0,128,0,0,0,0,0,0,0,0,143,70,0,95,0,0,0,0,0,0,0,0,0,0,0,0,297,33,0,37,19,0,0,0,0,0,0,0,0,0,0,0,25,3,0,16,0,0,1,0,8,0,0,12,0,0,0,0,634,22,22,69,11,14,0,3,200,0,0,39,0,0,0,0,57,7,0,197,36,0,0,2,0,4,0,0,0,0,0,109,1,0,21,18,1,0,0,4,0,0,0,0,0,0,0,0,11,0,0,4,0,0,0,3,0,0,0,0,0,0,0,0,1997,980,454,1290,36,14,13,418,220,0,0,53,2,35,0,168,291,12,125,93,0,0,4,2,1,0,0,6,0,0,0,2,2737,584,696,1671,500,112,464,192,41,504,66,270,0,0,0,4,198,11,6,204,183,10,17,25,0,0,2,11,0,0,0,0,4522,881,1855,2448,410,134,212,76,424,5,163,0,342,3,0,260,4360,2192,2323,6469,367,5,575,1028,33,20,379,271,376,0,0,5,0,16,3,4,0,0,0,6,2,0,0,0,0,0,0,0,753,34,12,115,19,1,0,22,1,0,0,2,0,0,0,0,371,6,8,30,184,3,3,4,5,1,13,13,4,2,0,10,1350,1292,535,417,501,183,6,5,13,2,12,5,5,0,2,0,755,14,19,574,173,282,2,121,11,158,2,8,57,37,0,5,119,74,2,251,29,0,0,17,0,2,0,41,16,1,0,8,545,23,4,223,0,17,0,0,0,0,0,0,0,3,0,0,0,0,0,0,14,0,0,0,0,0,0,0,0,0,0,0,0,111,12,16,0,0,0,0,0,0,0,0,0,0,0,0,5925,2800,1757,6757,186,47,8,817,62,3,54,123,496,171,0,830,1359,433,123,1430,2,20,11,262,21,0,0,195,101,7,1,56,1943,876,1150,2968,287,5,14,1215,133,17,3,360,124,63,6,237,462,16,0,134,0,0,0,0,0,0,0,0,0,6,0,11,5723,2689,1731,7113,292,0,3,341,620,216,475,720,213,64,37,158,0,0,3,26,0,162,0,5,0,0,0,0,0,0,0,0,231,0,3,15,0,0,0,0,3,0,0,1,0,0,0,0,3338,890,261,874,466,26,30,270,35,0,16,183,6,305,0,59,1176,434,440,706,124,22,0,30,97,2,4,88,25,3,0
0,22,0,242,133,0,0,0,0,0,0,0,0,0,0,0,0,437,0,0,128,5,153,0,22,0,0,0,0,0,0,0,0,12,75,25,57,0,0,0,0,0,2,0,0,0,0,4,19,295,240,228,307,32,285,8,20,0,0,0,0,0,0,0,0,22,22,14,38,0,12,0,0,0,0,8,0,0,0,0,0,15,114,0,7,0,0,0,13,0,0,0,0,0,0,0,0,546,24,81,55,173,53,13,13,0,0,0,0,0,0,0,0,62,53,0,83,0,0,0,9,0,0,0,0,0,0,0,9,265,7,1,36,2,0,0,0,0,3,0,0,0,0,0,0,0,4,0,0,0,0,0,0,0,0,0,0,0,0,0,0,712,155,0,3,0,0,0,2,0,0,0,0,0,0,0,0,256,477,2,151,0,0,0,49,0,0,0,8,0,8,0,0,0,0,0,0,0,0,0,0,0,0,0,0,0,0,0,1,15,1,26,34,0,0,0,26,6,10,0,90,0,0,0,0,159,12,6,54,0,1,0,0,2,2,0,6,14,0,0,5,0,13,0,0,0,0,0,0,7,0,0,0,0,0,0,0,442,20,0,31,0,5,0,0,6,0,0,1,0,0,0,0,19,18,0,35,0,0,0,1,23,1,0,0,0,1,0,9,55,22,10,89,8,0,0,1,0,0,0,0,17,0,0,0,3,1,3,0,1,1,0,0,0,0,0,0,0,0,0,0,4,168,101,57,0,0,0,0,0,6,0,0,0,0,0,0,8,1,1,115,11,65,2,14,16,0,0,0,0,0,0,0,140,44,2,121,0,0,0,5,0,0,0,0,0,0,0,0,9,0,0,3,0,0,0,0,0,0,0,0,13,0,0,0,36,4,2,36,0,0,10,6,0,0,0,4,0,0,0,64,24,1,0,19,0,0,0,109,0,0,0,1,0,0,0,2,35,8,0,10,1,0,0,0,0,1,0,0,0,0,0,0,0,0,0,17,0,0,0,0,0,0,0,0,0,0,0,0,0,0,0,0,0,0,0,2,0,0,0,0,0,0,2,0,39,39,16,156,0,0,0,0,0,0,0,6,0,0,0,0,32,987,27,56,0,13,0,4,0,0,0,0,0,0,0,0,131,0,1,36,113,0,0,0,0,0,0,0,0,0,0,0,0,0,10,304,0,0,0,128,0,0,0,0,0,0,0,0,143,70,0,95,0,0,0,0,0,0,0,0,0,0,0,0,297,33,0,37,19,0,0,0,0,0,0,0,0,0,0,0,25,3,0,16,0,0,1,0,8,0,0,12,0,0,0,0,634,22,22,69,11,14,0,3,200,0,0,39,0,0,0,0,57,7,0,197,36,0,0,2,0,4,0,0,0,0,0,109,1,0,21,18,1,0,0,4,0,0,0,0,0,0,0,0,11,0,0,4,0,0,0,3,0,0,0,0,0,0,0,0,1997,980,454,1290,36,14,13,418,220,0,0,53,2,35,0,168,291,12,125,93,0,0,4,2,1,0,0,6,0,0,0,2,2737,584,696,1671,500,112,464,192,41,504,66,270,0,0,0,4,198,11,6,204,183,10,17,25,0,0,2,11,0,0,0,0,4522,881,1855,2448,410,134,212,76,424,5,163,0,342,3,0,260,4360,2192,2323,6469,367,5,575,1028,33,20,379,271,376,0,0,5,0,16,3,4,0,0,0,6,2,0,0,0,0,0,0,0,753,34,12,115,19,1,0,22,1,0,0,2,0,0,0,0,371,6,8,30,184,3,3,4,5,1,13,13,4,2,0,10,1350,1292,535,417,501,183,6,5,13,2,12,5,5,0,2,0,755,14,19,574,173,282,2,121,11,158,2,8,57,37,0,5,119,74,2,251,29,0,0,17,0,2,0,41,16,1,0,8,545,23,4,223,0,17,0,0,0,0,0,0,0,3,0,0,0,0,0,0,14,0,0,0,0,0,0,0,0,0,0,0,0,111,12,16,0,0,0,0,0,0,0,0,0,0,0,0,5925,2800,1757,6757,186,47,8,817,62,3,54,123,496,171,0,830,1359,433,123,1430,2,20,11,262,21,0,0,195,101,7,1,56,1943,876,1150,2968,287,5,14,1215,133,17,3,360,124,63,6,237,462,16,0,134,0,0,0,0,0,0,0,0,0,6,0,11,5723,2689,1731,7113,292,0,3,341,620,216,475,720,213,64,37,158,0,0,3,26,0,162,0,5,0,0,0,0,0,0,0,0,231,0,3,15,0,0,0,0,3,0,0,1,0,0,0,0,3338,890,261,874,466,26,30,270,35,0,16,183,6,305,0,59,1176,434,440,706,124,22,0,30,97,2,4,88,25,3,0
0,22,0,242,133,0,0,0,0,0,0,0,0,0,0,0,0,436,0,0,128,5,153,0,22,0,0,0,0,0,0,0,0,12,75,25,57,0,0,0,0,0,2,0,0,0,0,4,19,294,240,228,307,32,285,8,20,0,0,0,0,0,0,0,0,22,22,14,38,0,12,0,0,0,0,8,0,0,0,0,0,15,114,0,7,0,0,0,13,0,0,0,0,0,0,0,0,545,24,81,55,173,53,13,13,0,0,0,0,0,0,0,0,62,53,0,83,0,0,0,9,0,0,0,0,0,0,0,9,265,7,1,36,2,0,0,0,0,3,0,0,0,0,0,0,0,4,0,0,0,0,0,0,0,0,0,0,0,0,0,0,712,155,0,3,0,0,0,2,0,0,0,0,0,0,0,0,256,477,2,151,0,0,0,49,0,0,0,8,0,8,0,0,0,0,0,0,0,0,0,0,0,0,0,0,0,0,0,1,15,1,26,34,0,0,0,26,6,10,0,90,0,0,0,0,159,12,6,54,0,1,0,0,2,2,0,6,14,0,0,5,0,13,0,0,0,0,0,0,7,0,0,0,0,0,0,0,441,20,0,31,0,5,0,0,6,0,0,1,0,0,0,0,19,18,0,35,0,0,0,1,23,1,0,0,0,1,0,9,55,22,10,89,8,0,0,1,0,0,0,0,17,0,0,0,3,1,3,0,1,1,0,0,0,0,0,0,0,0,0,0,4,168,101,57,0,0,0,0,0,6,0,0,0,0,0,0,8,1,1,115,11,65,2,14,16,0,0,0,0,0,0,0,140,44,2,121,0,0,0,5,0,0,0,0,0,0,0,0,9,0,0,3,0,0,0,0,0,0,0,0,13,0,0,0,36,4,2,36,0,0,10,6,0,0,0,4,0,0,0,64,24,1,0,19,0,0,0,109,0,0,0,1,0,0,0,2,35,8,0,10,1,0,0,0,0,1,0,0,0,0,0,0,0,0,0,17,0,0,0,0,0,0,0,0,0,0,0,0,0,0,0,0,0,0,0,2,0,0,0,0,0,0,2,0,39,39,16,156,0,0,0,0,0,0,0,6,0,0,0,0,32,987,27,56,0,13,0,4,0,0,0,0,0,0,0,0,131,0,1,36,113,0,0,0,0,0,0,0,0,0,0,0,0,0,10,304,0,0,0,128,0,0,0,0,0,0,0,0,143,70,0,95,0,0,0,0,0,0,0,0,0,0,0,0,297,33,0,37,19,0,0,0,0,0,0,0,0,0,0,0,25,3,0,16,0,0,1,0,8,0,0,12,0,0,0,0,634,22,22,69,11,14,0,3,200,0,0,39,0,0,0,0,57,7,0,197,36,0,0,2,0,4,0,0,0,0,0,109,1,0,21,18,1,0,0,4,0,0,0,0,0,0,0,0,11,0,0,4,0,0,0,3,0,0,0,0,0,0,0,0,1997,980,454,1290,36,14,13,418,220,0,0,53,2,35,0,168,291,12,125,93,0,0,4,2,1,0,0,6,0,0,0,2,2737,584,696,1671,500,112,464,192,41,505,66,270,0,0,0,4,198,11,6,204,183,10,17,25,0,0,2,11,0,0,0,0,4521,881,1855,2447,410,134,213,76,424,5,163,0,342,3,0,260,4360,2192,2323,6469,367,5,575,1028,33,20,379,271,376,0,0,5,0,16,3,4,0,0,0,6,2,0,0,0,0,0,0,0,753,34,12,115,19,1,0,22,1,0,0,2,0,0,0,0,371,6,8,30,184,3,3,4,5,1,13,13,4,2,0,10,1350,1292,535,417,501,183,6,5,13,2,12,5,5,0,2,0,755,14,19,574,173,282,2,121,11,158,2,8,57,37,0,5,119,74,2,251,29,0,0,17,0,2,0,41,16,1,0,8,545,23,4,223,0,17,0,0,0,0,0,0,0,3,0,0,0,0,0,0,14,0,0,0,0,0,0,0,0,0,0,0,0,111,12,16,0,0,0,0,0,0,0,0,0,0,0,0,5924,2801,1757,6757,186,47,8,817,62,3,54,123,497,171,0,830,1359,433,123,1430,2,20,11,262,21,0,0,195,101,7,1,56,1943,876,1149,2968,287,5,14,1214,133,17,3,360,124,63,6,237,462,16,0,134,0,0,0,0,0,0,0,0,0,6,0,11,5723,2689,1731,7113,292,0,3,340,620,216,475,720,213,64,37,158,0,0,3,26,0,162,0,5,0,0,0,0,0,0,0,0,231,0,3,15,0,0,0,0,3,0,0,1,0,0,0,0,3338,890,261,874,466,26,30,270,35,0,16,183,6,305,0,59,1176,434,440,706,124,22,0,30,97,2,4,88,25,3,0
0,22,0,242,133,0,0,0,0,0,0,0,0,0,0,0,0,436,0,0,128,5,153,0,22,0,0,0,0,0,0,0,0,12,75,25,57,0,0,0,0,0,2,0,0,0,0,4,19,294,240,228,307,32,285,8,20,0,0,0,0,0,0,0,0,22,22,14,38,0,12,0,0,0,0,8,0,0,0,0,0,15,114,0,7,0,0,0,13,0,0,0,0,0,0,0,0,545,24,81,55,173,53,13,13,0,0,0,0,0,0,0,0,62,53,0,83,0,0,0,9,0,0,0,0,0,0,0,9,265,7,1,36,2,0,0,0,0,3,0,0,0,0,0,0,0,4,0,0,0,0,0,0,0,0,0,0,0,0,0,0,712,155,0,3,0,0,0,2,0,0,0,0,0,0,0,0,256,477,2,151,0,0,0,49,0,0,0,8,0,8,0,0,0,0,0,0,0,0,0,0,0,0,0,0,0,0,0,1,15,1,26,34,0,0,0,26,6,10,0,90,0,0,0,0,159,12,6,54,0,1,0,0,2,2,0,6,14,0,0,5,0,13,0,0,0,0,0,0,7,0,0,0,0,0,0,0,441,20,0,31,0,5,0,0,6,0,0,1,0,0,0,0,19,18,0,35,0,0,0,1,23,1,0,0,0,1,0,9,55,22,10,89,8,0,0,1,0,0,0,0,17,0,0,0,3,1,3,0,1,1,0,0,0,0,0,0,0,0,0,0,4,168,101,57,0,0,0,0,0,6,0,0,0,0,0,0,8,1,1,115,11,65,2,14,16,0,0,0,0,0,0,0,140,44,2,121,0,0,0,5,0,0,0,0,0,0,0,0,9,0,0,3,0,0,0,0,0,0,0,0,13,0,0,0,36,4,2,36,0,0,10,6,0,0,0,4,0,0,0,64,24,1,0,19,0,0,0,109,0,0,0,1,0,0,0,2,35,8,0,10,1,0,0,0,0,1,0,0,0,0,0,0,0,0,0,17,0,0,0,0,0,0,0,0,0,0,0,0,0,0,0,0,0,0,0,2,0,0,0,0,0,0,2,0,39,39,16,156,0,0,0,0,0,0,0,6,0,0,0,0,32,987,27,56,0,13,0,4,0,0,0,0,0,0,0,0,131,0,1,36,113,0,0,0,0,0,0,0,0,0,0,0,0,0,10,304,0,0,0,128,0,0,0,0,0,0,0,0,143,70,0,95,0,0,0,0,0,0,0,0,0,0,0,0,297,33,0,37,19,0,0,0,0,0,0,0,0,0,0,0,25,3,0,16,0,0,1,0,8,0,0,12,0,0,0,0,634,22,22,69,11,14,0,3,200,0,0,39,0,0,0,0,57,7,0,197,36,0,0,2,0,4,0,0,0,0,0,109,1,0,21,18,1,0,0,4,0,0,0,0,0,0,0,0,11,0,0,4,0,0,0,3,0,0,0,0,0,0,0,0,1997,980,454,1290,36,14,13,418,220,0,0,53,2,35,0,168,291,12,125,93,0,0,4,2,1,0,0,6,0,0,0,2,2737,584,696,1671,500,112,464,192,41,504,66,270,0,0,0,4,198,11,6,204,183,10,17,25,0,0,2,11,0,0,0,0,4521,881,1855,2447,410,134,212,76,424,5,163,0,342,3,0,260,4360,2192,2323,6469,367,5,575,1028,33,20,379,271,376,0,0,5,0,16,3,4,0,0,0,6,2,0,0,0,0,0,0,0,753,34,12,115,19,1,0,22,1,0,0,2,0,0,0,0,371,6,8,30,184,3,3,4,5,1,13,13,4,2,0,10,1350,1292,535,417,501,183,6,5,13,2,12,5,5,0,2,0,755,14,19,574,173,282,2,121,11,158,2,8,57,37,0,5,119,74,2,251,29,0,0,17,0,2,0,41,16,1,0,8,545,23,4,223,0,17,0,0,0,0,0,0,0,3,0,0,0,0,0,0,14,0,0,0,0,0,0,0,0,0,0,0,0,111,12,16,0,0,0,0,0,0,0,0,0,0,0,0,5924,2800,1757,6757,186,47,8,817,62,3,54,123,496,171,0,830,1359,433,123,1430,2,20,11,262,21,0,0,195,101,7,1,56,1943,876,1149,2968,287,5,14,1214,133,17,3,360,124,63,6,237,462,16,0,134,0,0,0,0,0,0,0,0,0,6,0,11,5722,2689,1731,7113,292,0,3,340,620,216,475,720,213,64,37,158,0,0,3,26,0,162,0,5,0,0,0,0,0,0,0,0,231,0,3,15,0,0,0,0,3,0,0,1,0,0,0,0,3338,890,261,874,466,26,30,270,35,0,16,183,6,305,0,59,1176,434,440,706,124,22,0,30,97,2,4,88,25,3,0
0,22,0,242,133,0,0,0,0,0,0,0,0,0,0,0,0,436,0,0,128,5,153,0,22,0,0,0,0,0,0,0,0,12,75,25,57,0,0,0,0,0,2,0,0,0,0,4,19,294,240,228,307,32,285,8,20,0,0,0,0,0,0,0,0,22,22,14,38,0,12,0,0,0,0,8,0,0,0,0,0,15,114,0,7,0,0,0,13,0,0,0,0,0,0,0,0,545,24,81,55,173,53,13,13,0,0,0,0,0,0,0,0,62,53,0,83,0,0,0,9,0,0,0,0,0,0,0,9,265,7,1,36,2,0,0,0,0,3,0,0,0,0,0,0,0,4,0,0,0,0,0,0,0,0,0,0,0,0,0,0,712,155,0,3,0,0,0,2,0,0,0,0,0,0,0,0,256,477,2,151,0,0,0,49,0,0,0,8,0,8,0,0,0,0,0,0,0,0,0,0,0,0,0,0,0,0,0,1,15,1,26,34,0,0,0,26,6,10,0,90,0,0,0,0,159,12,6,54,0,1,0,0,2,2,0,6,14,0,0,5,0,13,0,0,0,0,0,0,7,0,0,0,0,0,0,0,441,20,0,31,0,5,0,0,6,0,0,1,0,0,0,0,19,18,0,35,0,0,0,1,23,1,0,0,0,1,0,9,55,22,10,89,8,0,0,1,0,0,0,0,17,0,0,0,3,1,3,0,1,1,0,0,0,0,0,0,0,0,0,0,4,168,101,57,0,0,0,0,0,6,0,0,0,0,0,0,8,1,1,115,11,65,2,14,16,0,0,0,0,0,0,0,140,44,2,121,0,0,0,5,0,0,0,0,0,0,0,0,9,0,0,3,0,0,0,0,0,0,0,0,13,0,0,0,36,4,2,36,0,0,10,6,0,0,0,4,0,0,0,64,24,1,0,19,0,0,0,109,0,0,0,1,0,0,0,2,35,8,0,10,1,0,0,0,0,1,0,0,0,0,0,0,0,0,0,17,0,0,0,0,0,0,0,0,0,0,0,0,0,0,0,0,0,0,0,2,0,0,0,0,0,0,2,0,39,39,16,156,0,0,0,0,0,0,0,6,0,0,0,0,32,987,27,56,0,13,0,4,0,0,0,0,0,0,0,0,131,0,1,36,113,0,0,0,0,0,0,0,0,0,0,0,0,0,10,304,0,0,0,128,0,0,0,0,0,0,0,0,143,70,0,95,0,0,0,0,0,0,0,0,0,0,0,0,297,33,0,37,19,0,0,0,0,0,0,0,0,0,0,0,25,3,0,16,0,0,1,0,8,0,0,12,0,0,0,0,634,22,22,69,11,14,0,3,200,0,0,39,0,0,0,0,57,7,0,197,36,0,0,2,0,4,0,0,0,0,0,109,1,0,21,18,1,0,0,4,0,0,0,0,0,0,0,0,11,0,0,4,0,0,0,3,0,0,0,0,0,0,0,0,1997,980,455,1290,36,14,13,418,220,0,0,53,2,35,0,168,291,12,125,93,0,0,4,2,1,0,0,6,0,0,0,2,2737,584,697,1671,500,112,464,192,41,504,66,270,0,0,0,4,199,11,6,204,183,10,17,25,0,0,2,11,0,0,0,0,4521,881,1855,2447,410,134,212,76,424,5,163,0,342,3,0,260,4360,2192,2323,6470,367,5,575,1028,33,20,379,271,376,0,0,5,0,16,3,4,0,0,0,6,2,0,0,0,0,0,0,0,753,34,12,115,19,1,0,22,1,0,0,2,0,0,0,0,371,6,8,30,184,3,3,4,5,1,13,13,4,2,0,10,1350,1292,535,417,501,183,6,5,13,2,12,5,5,0,2,0,755,14,19,574,173,282,2,121,11,158,2,8,57,37,0,5,119,74,2,251,29,0,0,17,0,2,0,41,16,1,0,8,545,23,4,223,0,17,0,0,0,0,0,0,0,3,0,0,0,0,0,0,14,0,0,0,0,0,0,0,0,0,0,0,0,111,12,16,0,0,0,0,0,0,0,0,0,0,0,0,5925,2800,1757,6760,186,47,8,817,62,3,54,123,496,171,0,830,1360,434,123,1430,2,20,11,262,21,0,0,195,101,7,1,56,1943,876,1149,2969,287,5,14,1214,134,17,3,360,124,63,6,237,462,16,0,134,0,0,0,0,0,0,0,0,0,6,0,11,5722,2689,1731,7113,292,0,3,340,620,216,475,720,213,64,37,158,0,0,3,26,0,162,0,5,0,0,0,0,0,0,0,0,231,0,3,15,0,0,0,0,3,0,0,1,0,0,0,0,3338,890,261,874,466,26,30,270,35,0,16,183,6,305,0,59,1177,434,441,706,124,22,0,30,97,2,4,88,25,3,0
0,22,0,242,133,0,0,0,0,0,0,0,0,0,0,0,0,436,0,0,128,5,153,0,22,0,0,0,0,0,0,0,0,12,75,25,57,0,0,0,0,0,2,0,0,0,0,4,19,294,240,228,307,32,285,8,20,0,0,0,0,0,0,0,0,22,22,14,38,0,12,0,0,0,0,8,0,0,0,0,0,15,114,0,7,0,0,0,13,0,0,0,0,0,0,0,0,545,24,81,55,173,53,13,13,0,0,0,0,0,0,0,0,62,53,0,83,0,0,0,9,0,0,0,0,0,0,0,9,265,7,1,36,2,0,0,0,0,3,0,0,0,0,0,0,0,4,0,0,0,0,0,0,0,0,0,0,0,0,0,0,712,155,0,3,0,0,0,2,0,0,0,0,0,0,0,0,256,477,2,151,0,0,0,49,0,0,0,8,0,8,0,0,0,0,0,0,0,0,0,0,0,0,0,0,0,0,0,1,15,1,26,34,0,0,0,26,6,10,0,90,0,0,0,0,159,12,6,54,0,1,0,0,2,2,0,6,14,0,0,5,0,13,0,0,0,0,0,0,7,0,0,0,0,0,0,0,441,20,0,31,0,5,0,0,6,0,0,1,0,0,0,0,19,18,0,35,0,0,0,1,23,1,0,0,0,1,0,9,55,22,10,89,8,0,0,1,0,0,0,0,17,0,0,0,3,1,3,0,1,1,0,0,0,0,0,0,0,0,0,0,4,168,101,57,0,0,0,0,0,6,0,0,0,0,0,0,8,1,1,115,11,65,2,14,16,0,0,0,0,0,0,0,140,44,2,122,0,0,0,5,0,0,0,0,0,0,0,0,9,0,0,3,0,0,0,0,0,0,0,0,13,0,0,0,36,4,2,36,0,0,10,6,0,0,0,4,0,0,0,64,24,1,0,19,0,0,0,109,0,0,0,1,0,0,0,2,35,8,0,10,1,0,0,0,0,1,0,0,0,0,0,0,0,0,0,17,0,0,0,0,0,0,0,0,0,0,0,0,0,0,0,0,0,0,0,2,0,0,0,0,0,0,2,0,39,39,16,156,0,0,0,0,0,0,0,6,0,0,0,0,32,987,27,56,0,13,0,4,0,0,0,0,0,0,0,0,131,0,1,36,113,0,0,0,0,0,0,0,0,0,0,0,0,0,10,304,0,0,0,128,0,0,0,0,0,0,0,0,143,70,0,95,0,0,0,0,0,0,0,0,0,0,0,0,297,33,0,37,19,0,0,0,0,0,0,0,0,0,0,0,25,3,0,16,0,0,1,0,8,0,0,12,0,0,0,0,634,22,22,69,11,14,0,3,200,0,0,39,0,0,0,0,57,7,0,197,36,0,0,2,0,4,0,0,0,0,0,109,1,0,21,18,1,0,0,4,0,0,0,0,0,0,0,0,11,0,0,4,0,0,0,3,0,0,0,0,0,0,0,0,1997,980,454,1290,36,14,13,418,220,0,0,53,2,35,0,168,291,12,125,93,0,0,4,2,1,0,0,6,0,0,0,2,2737,584,697,1672,500,112,464,192,41,504,66,270,0,0,0,4,198,11,6,204,183,10,17,25,0,0,2,11,0,0,0,0,4521,881,1855,2448,410,134,212,76,424,5,163,0,342,3,0,260,4360,2192,2323,6470,367,5,575,1028,33,20,379,271,376,0,0,5,0,16,3,4,0,0,0,6,2,0,0,0,0,0,0,0,753,34,12,115,19,1,0,22,1,0,0,2,0,0,0,0,371,6,8,30,184,3,3,4,5,1,13,13,4,2,0,10,1350,1292,535,417,501,183,6,5,13,2,12,5,5,0,2,0,755,14,19,574,173,282,2,121,11,158,2,8,57,37,0,5,119,74,2,251,29,0,0,17,0,2,0,41,16,1,0,8,545,23,4,223,0,17,0,0,0,0,0,0,0,3,0,0,0,0,0,0,14,0,0,0,0,0,0,0,0,0,0,0,0,111,12,16,0,0,0,0,0,0,0,0,0,0,0,0,5924,2800,1757,6760,186,47,8,817,62,3,54,123,496,171,0,830,1359,433,123,1431,2,20,11,262,21,0,0,195,101,7,1,56,1943,876,1149,2968,287,5,14,1214,133,17,3,360,124,63,6,237,462,16,0,134,0,0,0,0,0,0,0,0,0,6,0,11,5722,2689,1731,7114,292,0,3,340,620,216,475,720,213,65,37,158,0,0,3,26,0,162,0,5,0,0,0,0,0,0,0,0,231,0,3,15,0,0,0,0,3,0,0,1,0,0,0,0,3338,890,261,874,466,26,30,270,35,0,16,183,6,305,0,59,1176,434,440,706,124,22,0,30,97,2,4,88,25,3,0
0,22,0,242,133,0,0,0,0,0,0,0,0,0,0,0,0,436,0,0,128,5,153,0,22,0,0,0,0,0,0,0,0,12,75,25,57,0,0,0,0,0,2,0,0,0,0,4,19,294,240,228,307,32,285,8,20,0,0,0,0,0,0,0,0,22,22,14,38,0,12,0,0,0,0,8,0,0,0,0,0,15,114,0,7,0,0,0,13,0,0,0,0,0,0,0,0,545,24,81,55,173,53,13,13,0,0,0,0,0,0,0,0,62,53,0,83,0,0,0,9,0,0,0,0,0,0,0,9,265,7,1,36,2,0,0,0,0,3,0,0,0,0,0,0,0,4,0,0,0,0,0,0,0,0,0,0,0,0,0,0,712,155,0,3,0,0,0,2,0,0,0,0,0,0,0,0,256,477,2,151,0,0,0,49,0,0,0,8,0,8,0,0,0,0,0,0,0,0,0,0,0,0,0,0,0,0,0,1,15,1,26,34,0,0,0,26,6,10,0,90,0,0,0,0,159,12,6,54,0,1,0,0,2,2,0,6,14,0,0,5,0,13,0,0,0,0,0,0,7,0,0,0,0,0,0,0,441,20,0,31,0,5,0,0,6,0,0,1,0,0,0,0,19,18,0,35,0,0,0,1,23,1,0,0,0,1,0,9,55,22,10,89,8,0,0,1,0,0,0,0,17,0,0,0,3,1,3,0,1,1,0,0,0,0,0,0,0,0,0,0,4,168,101,57,0,0,0,0,0,6,0,0,0,0,0,0,8,1,1,115,11,65,2,14,16,0,0,0,0,0,0,0,140,44,2,121,0,0,0,5,0,0,0,0,0,0,0,0,9,0,0,3,0,0,0,0,0,0,0,0,13,0,0,0,36,4,2,36,0,0,10,6,0,0,0,4,0,0,0,64,24,1,0,19,0,0,0,109,0,0,0,1,0,0,0,2,35,8,0,10,1,0,0,0,0,1,0,0,0,0,0,0,0,0,0,17,0,0,0,0,0,0,0,0,0,0,0,0,0,0,0,0,0,0,0,2,0,0,0,0,0,0,2,0,39,39,16,156,0,0,0,0,0,0,0,6,0,0,0,0,32,987,27,56,0,13,0,4,0,0,0,0,0,0,0,0,131,0,1,36,113,0,0,0,0,0,0,0,0,0,0,0,0,0,10,304,0,0,0,128,0,0,0,0,0,0,0,0,143,70,0,95,0,0,0,0,0,0,0,0,0,0,0,0,297,33,0,37,19,0,0,0,0,0,0,0,0,0,0,0,25,3,0,16,0,0,1,0,8,0,0,12,0,0,0,0,634,22,22,69,11,14,0,3,200,0,0,39,0,0,0,0,57,7,0,197,36,0,0,2,0,4,0,0,0,0,0,109,1,0,21,18,1,0,0,4,0,0,0,0,0,0,0,0,11,0,0,4,0,0,0,3,0,0,0,0,0,0,0,0,1997,980,454,1290,36,14,13,418,220,0,0,53,2,35,0,168,291,12,125,93,0,0,4,2,1,0,0,6,0,0,0,2,2737,584,696,1671,500,112,464,192,41,504,66,270,0,0,0,4,198,11,6,204,183,10,17,25,0,0,2,11,0,0,0,0,4521,881,1855,2447,410,134,212,76,424,5,163,0,342,3,0,260,4360,2192,2323,6469,367,5,575,1028,33,20,379,271,376,0,0,5,0,16,3,4,0,0,0,6,2,0,0,0,0,0,0,0,753,34,12,115,19,1,0,22,1,0,0,2,0,0,0,0,371,6,8,30,184,3,3,4,5,1,13,13,4,2,0,10,1350,1292,535,417,501,183,6,5,13,2,12,5,5,0,2,0,755,14,19,574,173,282,2,121,11,158,2,8,57,37,0,5,119,74,2,251,29,0,0,17,0,2,0,41,16,1,0,8,545,23,4,223,0,17,0,0,0,0,0,0,0,3,0,0,0,0,0,0,14,0,0,0,0,0,0,0,0,0,0,0,0,111,12,16,0,0,0,0,0,0,0,0,0,0,0,0,5924,2800,1757,6757,186,47,8,817,62,3,54,123,496,171,0,830,1359,433,123,1430,2,20,11,262,21,0,0,195,101,7,1,56,1943,876,1149,2968,287,5,14,1214,133,17,3,360,124,63,6,237,462,16,0,134,0,0,0,0,0,0,0,0,0,6,0,11,5722,2689,1731,7113,292,0,3,340,620,216,475,720,213,64,37,158,0,0,3,26,0,162,0,5,0,0,0,0,0,0,0,0,231,0,3,15,0,0,0,0,3,0,0,1,0,0,0,0,3338,890,261,874,466,26,30,270,35,0,16,183,6,305,0,59,1176,434,440,706,124,22,0,30,97,2,4,88,25,3,0
0,22,0,242,133,0,0,0,0,0,0,0,0,0,0,0,0,436,0,0,128,5,153,0,22,0,0,0,0,0,0,0,0,12,75,25,57,0,0,0,0,0,2,0,0,0,0,4,19,294,240,228,307,32,285,8,20,0,0,0,0,0,0,0,0,22,22,14,38,0,12,0,0,0,0,8,0,0,0,0,0,15,114,0,7,0,0,0,13,0,0,0,0,0,0,0,0,545,24,81,55,173,53,13,13,0,0,0,0,0,0,0,0,62,53,0,83,0,0,0,9,0,0,0,0,0,0,0,9,265,7,1,36,2,0,0,0,0,3,0,0,0,0,0,0,0,4,0,0,0,0,0,0,0,0,0,0,0,0,0,0,712,155,0,3,0,0,0,2,0,0,0,0,0,0,0,0,256,477,2,151,0,0,0,49,0,0,0,8,0,8,0,0,0,0,0,0,0,0,0,0,0,0,0,0,0,0,0,1,15,1,26,34,0,0,0,26,6,10,0,90,0,0,0,0,159,12,6,54,0,1,0,0,2,2,0,6,14,0,0,5,0,13,0,0,0,0,0,0,7,0,0,0,0,0,0,0,441,20,0,31,0,5,0,0,6,0,0,1,0,0,0,0,19,18,0,35,0,0,0,1,23,1,0,0,0,1,0,9,55,22,10,89,8,0,0,1,0,0,0,0,17,0,0,0,3,1,3,0,1,1,0,0,0,0,0,0,0,0,0,0,4,168,101,57,0,0,0,0,0,6,0,0,0,0,0,0,8,1,1,115,11,65,2,14,16,0,0,0,0,0,0,0,140,44,2,121,0,0,0,5,0,0,0,0,0,0,0,0,9,0,0,3,0,0,0,0,0,0,0,0,13,0,0,0,36,4,2,36,0,0,10,6,0,0,0,4,0,0,0,64,24,1,0,19,0,0,0,109,0,0,0,1,0,0,0,2,35,8,0,10,1,0,0,0,0,1,0,0,0,0,0,0,0,0,0,17,0,0,0,0,0,0,0,0,0,0,0,0,0,0,0,0,0,0,0,2,0,0,0,0,0,0,2,0,39,39,16,156,0,0,0,0,0,0,0,6,0,0,0,0,32,987,27,56,0,13,0,4,0,0,0,0,0,0,0,0,131,0,1,36,113,0,0,0,0,0,0,0,0,0,0,0,0,0,10,304,0,0,0,128,0,0,0,0,0,0,0,0,143,70,0,95,0,0,0,0,0,0,0,0,0,0,0,0,297,33,0,37,19,0,0,0,0,0,0,0,0,0,0,0,25,3,0,16,0,0,1,0,8,0,0,12,0,0,0,0,634,22,22,69,11,14,0,3,200,0,0,39,0,0,0,0,57,7,0,197,36,0,0,2,0,4,0,0,0,0,0,109,1,0,21,18,1,0,0,4,0,0,0,0,0,0,0,0,11,0,0,4,0,0,0,3,0,0,0,0,0,0,0,0,1997,980,454,1290,36,14,13,418,220,0,0,53,2,35,0,168,291,12,125,93,0,0,4,2,1,0,0,6,0,0,0,2,2737,584,696,1671,500,112,464,192,41,504,66,270,0,0,0,4,198,11,6,204,183,10,17,25,0,0,2,11,0,0,0,0,4521,881,1855,2447,410,134,212,76,424,5,163,0,342,3,0,260,4360,2192,2323,6469,367,5,575,1028,33,20,379,271,376,0,0,5,0,16,3,4,0,0,0,6,2,0,0,0,0,0,0,0,753,34,12,115,19,1,0,22,1,0,0,2,0,0,0,0,371,6,8,30,184,3,3,4,5,1,13,13,4,2,0,10,1350,1292,535,417,501,183,6,5,13,2,12,5,5,0,2,0,755,14,19,574,173,282,2,121,11,158,2,8,57,37,0,5,119,74,2,251,29,0,0,17,0,2,0,41,16,1,0,8,545,23,4,223,0,17,0,0,0,0,0,0,0,3,0,0,0,0,0,0,14,0,0,0,0,0,0,0,0,0,0,0,0,111,12,16,0,0,0,0,0,0,0,0,0,0,0,0,5924,2800,1757,6757,186,47,8,817,62,3,54,123,496,171,0,830,1359,433,123,1430,2,20,11,262,21,0,0,195,101,7,1,56,1943,876,1149,2968,287,5,14,1214,133,17,3,360,124,63,6,237,462,16,0,134,0,0,0,0,0,0,0,0,0,6,0,11,5722,2689,1731,7113,292,0,3,340,620,216,475,720,213,64,37,158,0,0,3,26,0,162,0,5,0,0,0,0,0,0,0,0,231,0,3,15,0,0,0,0,3,0,0,1,0,0,0,0,3338,890,261,874,466,26,30,270,35,0,16,183,6,305,0,59,1176,434,440,706,124,22,0,30,97,2,4,88,25,3,0
0,22,0,242,133,0,0,0,0,0,0,0,0,0,0,0,0,436,0,0,128,5,153,0,22,0,0,0,0,0,0,0,0,12,75,25,57,0,0,0,0,0,2,0,0,0,0,4,19,294,240,228,307,32,285,8,20,0,0,0,0,0,0,0,0,22,22,14,38,0,12,0,0,0,0,8,0,0,0,0,0,15,114,0,7,0,0,0,13,0,0,0,0,0,0,0,0,545,24,81,55,173,53,13,13,0,0,0,0,0,0,0,0,62,53,0,83,0,0,0,9,0,0,0,0,0,0,0,9,265,7,1,36,2,0,0,0,0,3,0,0,0,0,0,0,0,4,0,0,0,0,0,0,0,0,0,0,0,0,0,0,712,155,0,3,0,0,0,2,0,0,0,0,0,0,0,0,256,477,2,151,0,0,0,49,0,0,0,8,0,8,0,0,0,0,0,0,0,0,0,0,0,0,0,0,0,0,0,1,15,1,26,34,0,0,0,26,6,10,0,90,0,0,0,0,159,12,6,54,0,1,0,0,2,2,0,6,14,0,0,5,0,13,0,0,0,0,0,0,7,0,0,0,0,0,0,0,441,20,0,31,0,5,0,0,6,0,0,1,0,0,0,0,19,18,0,35,0,0,0,1,23,1,0,0,0,1,0,9,55,22,10,89,8,0,0,1,0,0,0,0,17,0,0,0,3,1,3,0,1,1,0,0,0,0,0,0,0,0,0,0,4,168,101,57,0,0,0,0,0,6,0,0,0,0,0,0,8,1,1,115,11,65,2,14,16,0,0,0,0,0,0,0,140,44,2,121,0,0,0,5,0,0,0,0,0,0,0,0,9,0,0,3,0,0,0,0,0,0,0,0,13,0,0,0,36,4,2,36,0,0,10,6,0,0,0,4,0,0,0,64,24,1,0,19,0,0,0,109,0,0,0,1,0,0,0,2,35,8,0,10,1,0,0,0,0,1,0,0,0,0,0,0,0,0,0,17,0,0,0,0,0,0,0,0,0,0,0,0,0,0,0,0,0,0,0,2,0,0,0,0,0,0,2,0,39,39,16,156,0,0,0,0,0,0,0,6,0,0,0,0,32,988,27,56,0,13,0,4,0,0,0,0,0,0,0,0,131,0,1,36,113,0,0,0,0,0,0,0,0,0,0,0,0,0,10,304,0,0,0,128,0,0,0,0,0,0,0,0,143,70,0,95,0,0,0,0,0,0,0,0,0,0,0,0,297,33,0,37,19,0,0,0,0,0,0,0,0,0,0,0,25,3,0,16,0,0,1,0,8,0,0,12,0,0,0,0,634,22,22,69,11,14,0,3,200,0,0,39,0,0,0,0,57,7,0,197,36,0,0,2,0,4,0,0,0,0,0,109,1,0,21,18,1,0,0,4,0,0,0,0,0,0,0,0,11,0,0,4,0,0,0,3,0,0,0,0,0,0,0,0,1997,980,454,1290,36,14,13,418,220,0,0,53,2,35,0,168,291,12,125,93,0,0,4,2,1,0,0,6,0,0,0,2,2738,584,696,1671,500,112,465,192,41,505,66,270,0,0,0,4,198,11,6,204,183,10,17,25,0,0,2,11,0,0,0,0,4522,881,1855,2447,410,134,212,76,424,5,163,0,342,3,0,260,4360,2192,2324,6469,367,5,576,1029,33,20,379,271,376,0,0,5,0,16,3,4,0,0,0,6,2,0,0,0,0,0,0,0,753,34,12,115,19,1,0,22,1,0,0,2,0,0,0,0,371,6,8,30,184,3,3,4,5,1,13,13,4,2,0,10,1350,1293,535,417,501,183,6,5,13,2,12,5,5,0,2,0,756,14,19,575,173,282,2,121,11,158,2,8,57,37,0,5,119,74,2,251,29,0,0,17,0,2,0,41,16,1,0,8,545,23,4,223,0,17,0,0,0,0,0,0,0,3,0,0,0,0,0,0,14,0,0,0,0,0,0,0,0,0,0,0,0,111,12,16,0,0,0,0,0,0,0,0,0,0,0,0,5926,2800,1758,6759,186,47,8,818,62,3,54,123,496,171,0,830,1359,433,123,1430,2,20,11,262,21,0,0,195,101,7,1,56,1944,876,1149,2968,287,5,14,1216,133,17,3,360,124,63,6,237,462,16,0,134,0,0,0,0,0,0,0,0,0,6,0,11,5722,2689,1731,7114,292,0,3,340,620,216,475,720,213,64,37,158,0,0,3,26,0,162,0,5,0,0,0,0,0,0,0,0,231,0,3,15,0,0,0,0,3,0,0,1,0,0,0,0,3338,890,261,874,466,26,30,270,35,0,16,183,6,305,0,59,1176,434,440,706,124,22,0,30,97,2,4,88,25,3,0
0,22,0,242,133,0,0,0,0,0,0,0,0,0,0,0,0,436,0,0,128,5,153,0,22,0,0,0,0,0,0,0,0,12,75,25,57,0,0,0,0,0,2,0,0,0,0,4,19,294,240,228,307,32,285,8,20,0,0,0,0,0,0,0,0,22,22,14,38,0,12,0,0,0,0,8,0,0,0,0,0,15,114,0,7,0,0,0,13,0,0,0,0,0,0,0,0,545,24,81,55,173,53,13,13,0,0,0,0,0,0,0,0,62,53,0,83,0,0,0,9,0,0,0,0,0,0,0,9,265,7,1,36,2,0,0,0,0,3,0,0,0,0,0,0,0,4,0,0,0,0,0,0,0,0,0,0,0,0,0,0,712,155,0,3,0,0,0,2,0,0,0,0,0,0,0,0,256,477,2,151,0,0,0,49,0,0,0,8,0,8,0,0,0,0,0,0,0,0,0,0,0,0,0,0,0,0,0,1,15,1,26,34,0,0,0,26,6,10,0,90,0,0,0,0,159,12,6,54,0,1,0,0,2,2,0,6,14,0,0,5,0,13,0,0,0,0,0,0,7,0,0,0,0,0,0,0,441,20,0,31,0,5,0,0,6,0,0,1,0,0,0,0,19,18,0,35,0,0,0,1,23,1,0,0,0,1,0,9,55,22,10,89,8,0,0,1,0,0,0,0,17,0,0,0,3,1,3,0,1,1,0,0,0,0,0,0,0,0,0,0,4,168,101,57,0,0,0,0,0,6,0,0,0,0,0,0,8,1,1,115,11,65,2,14,16,0,0,0,0,0,0,0,140,44,2,121,0,0,0,5,0,0,0,0,0,0,0,0,9,0,0,3,0,0,0,0,0,0,0,0,13,0,0,0,36,4,2,36,0,0,10,6,0,0,0,4,0,0,0,64,24,1,0,19,0,0,0,109,0,0,0,1,0,0,0,2,35,8,0,10,1,0,0,0,0,1,0,0,0,0,0,0,0,0,0,17,0,0,0,0,0,0,0,0,0,0,0,0,0,0,0,0,0,0,0,2,0,0,0,0,0,0,2,0,39,39,16,156,0,0,0,0,0,0,0,6,0,0,0,0,32,987,27,56,0,13,0,4,0,0,0,0,0,0,0,0,131,0,1,36,113,0,0,0,0,0,0,0,0,0,0,0,0,0,10,304,0,0,0,128,0,0,0,0,0,0,0,0,143,70,0,95,0,0,0,0,0,0,0,0,0,0,0,0,297,33,0,37,19,0,0,0,0,0,0,0,0,0,0,0,25,3,0,16,0,0,1,0,8,0,0,12,0,0,0,0,634,22,22,69,11,14,0,3,200,0,0,39,0,0,0,0,57,7,0,197,36,0,0,2,0,4,0,0,0,0,0,109,1,0,21,18,1,0,0,4,0,0,0,0,0,0,0,0,11,0,0,4,0,0,0,3,0,0,0,0,0,0,0,0,1997,980,454,1290,36,14,13,418,220,0,0,53,2,35,0,168,291,12,125,93,0,0,4,2,1,0,0,6,0,0,0,2,2737,584,696,1671,500,112,464,192,41,504,66,270,0,0,0,4,198,11,6,204,183,10,17,25,0,0,2,11,0,0,0,0,4521,881,1855,2447,410,134,212,76,424,5,163,0,342,3,0,260,4360,2192,2323,6469,367,5,575,1028,33,20,379,271,376,0,0,5,0,16,3,4,0,0,0,6,2,0,0,0,0,0,0,0,753,34,12,115,19,1,0,22,1,0,0,2,0,0,0,0,371,6,8,30,184,3,3,4,5,1,13,13,4,2,0,10,1350,1292,535,417,501,183,6,5,13,2,12,5,5,0,2,0,755,14,19,574,173,282,2,121,11,158,2,8,57,37,0,5,119,74,2,251,29,0,0,17,0,2,0,41,16,1,0,8,545,23,4,223,0,17,0,0,0,0,0,0,0,3,0,0,0,0,0,0,14,0,0,0,0,0,0,0,0,0,0,0,0,111,12,16,0,0,0,0,0,0,0,0,0,0,0,0,5924,2800,1757,6757,186,47,8,817,62,3,54,123,496,171,0,830,1359,433,123,1430,2,20,11,262,21,0,0,195,101,7,1,56,1943,876,1149,2968,287,5,14,1214,133,17,3,360,124,63,6,237,462,16,0,134,0,0,0,0,0,0,0,0,0,6,0,11,5722,2689,1731,7113,292,0,3,340,620,216,475,720,213,64,37,158,0,0,3,26,0,162,0,5,0,0,0,0,0,0,0,0,231,0,3,15,0,0,0,0,3,0,0,1,0,0,0,0,3338,890,261,874,466,26,30,270,35,0,16,183,6,305,0,59,1176,434,440,706,124,22,0,30,97,2,4,88,25,3,0
0,22,0,242,133,0,0,0,0,0,0,0,0,0,0,0,0,436,0,0,128,5,153,0,22,0,0,0,0,0,0,0,0,12,75,25,57,0,0,0,0,0,2,0,0,0,0,4,19,294,240,228,307,32,285,8,20,0,0,0,0,0,0,0,0,22,22,14,38,0,12,0,0,0,0,8,0,0,0,0,0,15,114,0,7,0,0,0,13,0,0,0,0,0,0,0,0,545,24,81,55,173,53,13,13,0,0,0,0,0,0,0,0,62,53,0,83,0,0,0,9,0,0,0,0,0,0,0,9,265,7,1,36,2,0,0,0,0,3,0,0,0,0,0,0,0,4,0,0,0,0,0,0,0,0,0,0,0,0,0,0,712,155,0,3,0,0,0,2,0,0,0,0,0,0,0,0,256,477,2,151,0,0,0,49,0,0,0,8,0,8,0,0,0,0,0,0,0,0,0,0,0,0,0,0,0,0,0,1,15,1,26,34,0,0,0,26,6,10,0,90,0,0,0,0,159,12,6,54,0,1,0,0,2,2,0,6,14,0,0,5,0,13,0,0,0,0,0,0,7,0,0,0,0,0,0,0,441,20,0,31,0,5,0,0,6,0,0,1,0,0,0,0,19,18,0,35,0,0,0,1,23,1,0,0,0,1,0,9,55,22,10,89,8,0,0,1,0,0,0,0,17,0,0,0,3,1,3,0,1,1,0,0,0,0,0,0,0,0,0,0,4,168,101,57,0,0,0,0,0,6,0,0,0,0,0,0,8,1,1,115,11,65,2,14,16,0,0,0,0,0,0,0,140,44,2,121,0,0,0,5,0,0,0,0,0,0,0,0,9,0,0,3,0,0,0,0,0,0,0,0,13,0,0,0,36,4,2,36,0,0,10,6,0,0,0,4,0,0,0,64,24,1,0,19,0,0,0,109,0,0,0,1,0,0,0,2,35,8,0,10,1,0,0,0,0,1,0,0,0,0,0,0,0,0,0,17,0,0,0,0,0,0,0,0,0,0,0,0,0,0,0,0,0,0,0,2,0,0,0,0,0,0,2,0,39,39,16,156,0,0,0,0,0,0,0,6,0,0,0,0,32,987,27,56,0,13,0,4,0,0,0,0,0,0,0,0,131,0,1,36,113,0,0,0,0,0,0,0,0,0,0,0,0,0,10,304,0,0,0,128,0,0,0,0,0,0,0,0,143,70,0,95,0,0,0,0,0,0,0,0,0,0,0,0,297,33,0,37,19,0,0,0,0,0,0,0,0,0,0,0,25,3,0,16,0,0,1,0,8,0,0,12,0,0,0,0,634,22,22,69,11,14,0,3,200,0,0,39,0,0,0,0,57,7,0,197,36,0,0,2,0,4,0,0,0,0,0,109,1,0,21,18,1,0,0,4,0,0,0,0,0,0,0,0,11,0,0,4,0,0,0,3,0,0,0,0,0,0,0,0,1997,981,454,1290,36,14,13,418,220,0,0,53,2,35,0,169,292,12,125,93,0,0,4,2,1,0,0,6,0,0,0,2,2737,585,696,1671,500,112,464,192,41,504,66,270,0,0,0,4,198,11,6,204,183,10,17,25,0,0,2,11,0,0,0,0,4521,882,1856,2447,410,134,212,76,424,5,163,0,342,3,0,260,4360,2192,2323,6469,367,5,575,1028,33,20,379,271,376,0,0,5,0,16,3,4,0,0,0,6,2,0,0,0,0,0,0,0,753,34,12,115,19,1,0,22,1,0,0,2,0,0,0,0,371,6,8,30,184,3,3,4,5,1,13,13,4,2,0,10,1350,1292,535,417,501,183,6,5,13,2,12,5,5,0,2,0,755,14,19,574,173,282,2,121,11,158,2,8,57,37,0,5,119,74,2,251,29,0,0,17,0,2,0,41,16,1,0,8,545,23,4,223,0,17,0,0,0,0,0,0,0,3,0,0,0,0,0,0,14,0,0,0,0,0,0,0,0,0,0,0,0,111,12,16,0,0,0,0,0,0,0,0,0,0,0,0,5924,2800,1758,6758,186,47,8,818,62,3,54,123,496,171,0,830,1360,433,123,1432,2,20,11,262,21,0,0,195,102,7,1,56,1943,876,1149,2968,287,5,14,1214,133,17,3,360,124,63,6,237,462,16,0,134,0,0,0,0,0,0,0,0,0,6,0,11,5722,2689,1731,7113,292,0,3,340,620,216,475,720,213,64,37,158,0,0,3,26,0,162,0,5,0,0,0,0,0,0,0,0,231,0,3,15,0,0,0,0,3,0,0,1,0,0,0,0,3338,890,261,874,466,26,30,270,35,0,16,183,6,305,0,59,1176,434,440,706,124,22,0,30,97,2,4,88,25,3,0
0,22,0,242,133,0,0,0,0,0,0,0,0,0,0,0,0,436,0,0,128,5,153,0,22,0,0,0,0,0,0,0,0,12,75,25,57,0,0,0,0,0,2,0,0,0,0,4,19,294,240,228,307,32,285,8,20,0,0,0,0,0,0,0,0,22,22,14,38,0,12,0,0,0,0,8,0,0,0,0,0,15,114,0,7,0,0,0,13,0,0,0,0,0,0,0,0,545,24,81,55,173,53,13,13,0,0,0,0,0,0,0,0,62,53,0,83,0,0,0,9,0,0,0,0,0,0,0,9,265,7,1,36,2,0,0,0,0,3,0,0,0,0,0,0,0,4,0,0,0,0,0,0,0,0,0,0,0,0,0,0,712,155,0,3,0,0,0,2,0,0,0,0,0,0,0,0,256,477,2,151,0,0,0,49,0,0,0,8,0,8,0,0,0,0,0,0,0,0,0,0,0,0,0,0,0,0,0,1,15,1,26,34,0,0,0,26,6,10,0,90,0,0,0,0,159,12,6,54,0,1,0,0,2,2,0,6,14,0,0,5,0,13,0,0,0,0,0,0,7,0,0,0,0,0,0,0,441,20,0,31,0,5,0,0,6,0,0,1,0,0,0,0,19,18,0,35,0,0,0,1,23,1,0,0,0,1,0,9,55,22,10,89,8,0,0,1,0,0,0,0,17,0,0,0,3,1,3,0,1,1,0,0,0,0,0,0,0,0,0,0,4,168,101,57,0,0,0,0,0,6,0,0,0,0,0,0,8,1,1,115,11,65,2,14,16,0,0,0,0,0,0,0,140,44,2,121,0,0,0,5,0,0,0,0,0,0,0,0,9,0,0,3,0,0,0,0,0,0,0,0,13,0,0,0,36,4,2,36,0,0,10,6,0,0,0,4,0,0,0,64,24,1,0,19,0,0,0,109,0,0,0,1,0,0,0,2,35,8,0,10,1,0,0,0,0,1,0,0,0,0,0,0,0,0,0,17,0,0,0,0,0,0,0,0,0,0,0,0,0,0,0,0,0,0,0,2,0,0,0,0,0,0,2,0,39,39,16,156,0,0,0,0,0,0,0,6,0,0,0,0,32,987,27,56,0,13,0,4,0,0,0,0,0,0,0,0,131,0,1,36,113,0,0,0,0,0,0,0,0,0,0,0,0,0,10,304,0,0,0,128,0,0,0,0,0,0,0,0,143,70,0,95,0,0,0,0,0,0,0,0,0,0,0,0,297,33,0,37,19,0,0,0,0,0,0,0,0,0,0,0,25,3,0,16,0,0,1,0,8,0,0,12,0,0,0,0,634,22,22,69,11,14,0,3,200,0,0,39,0,0,0,0,57,7,0,197,36,0,0,2,0,4,0,0,0,0,0,109,1,0,21,18,1,0,0,4,0,0,0,0,0,0,0,0,11,0,0,4,0,0,0,3,0,0,0,0,0,0,0,0,1997,980,454,1290,36,14,13,418,220,0,0,53,2,35,0,168,291,12,125,93,0,0,4,2,1,0,0,6,0,0,0,2,2737,584,696,1671,500,112,464,192,41,504,66,270,0,0,0,4,198,11,6,204,183,10,17,25,0,0,2,11,0,0,0,0,4521,881,1855,2447,410,134,212,76,424,5,163,0,342,3,0,260,4360,2192,2324,6471,367,5,575,1028,33,20,380,271,377,0,0,5,0,16,3,4,0,0,0,6,2,0,0,0,0,0,0,0,753,34,12,115,19,1,0,22,1,0,0,2,0,0,0,0,371,6,8,30,184,3,3,4,5,1,13,13,4,2,0,10,1350,1292,535,417,501,183,6,5,13,2,12,5,5,0,2,0,755,14,19,574,173,282,2,121,11,158,2,8,57,37,0,5,119,74,2,251,29,0,0,17,0,2,0,41,16,1,0,8,545,23,4,223,0,17,0,0,0,0,0,0,0,3,0,0,0,0,0,0,14,0,0,0,0,0,0,0,0,0,0,0,0,111,12,16,0,0,0,0,0,0,0,0,0,0,0,0,5924,2800,1757,6757,186,47,8,817,62,3,54,123,496,171,0,830,1359,433,123,1430,2,20,11,262,21,0,0,195,101,7,1,56,1943,876,1150,2968,287,5,14,1214,133,17,3,360,124,63,6,237,462,16,0,134,0,0,0,0,0,0,0,0,0,6,0,11,5722,2689,1732,7114,292,0,3,340,620,216,475,720,213,64,37,158,0,0,3,26,0,162,0,5,0,0,0,0,0,0,0,0,231,0,3,15,0,0,0,0,3,0,0,1,0,0,0,0,3338,890,261,874,466,26,30,270,35,0,16,183,6,305,0,59,1176,434,440,706,124,22,0,30,97,2,4,88,25,3,0
0,22,0,242,133,0,0,0,0,0,0,0,0,0,0,0,0,436,0,0,128,5,153,0,22,0,0,0,0,0,0,0,0,12,75,25,57,0,0,0,0,0,2,0,0,0,0,4,19,294,240,228,307,32,285,8,20,0,0,0,0,0,0,0,0,22,22,14,38,0,12,0,0,0,0,8,0,0,0,0,0,15,114,0,7,0,0,0,13,0,0,0,0,0,0,0,0,545,24,81,55,173,53,13,13,0,0,0,0,0,0,0,0,62,53,0,83,0,0,0,9,0,0,0,0,0,0,0,9,265,7,1,36,2,0,0,0,0,3,0,0,0,0,0,0,0,4,0,0,0,0,0,0,0,0,0,0,0,0,0,0,712,155,0,3,0,0,0,2,0,0,0,0,0,0,0,0,256,477,2,151,0,0,0,49,0,0,0,8,0,8,0,0,0,0,0,0,0,0,0,0,0,0,0,0,0,0,0,1,15,1,26,34,0,0,0,26,6,10,0,90,0,0,0,0,159,12,6,54,0,1,0,0,2,2,0,6,14,0,0,5,0,13,0,0,0,0,0,0,7,0,0,0,0,0,0,0,441,20,0,31,0,5,0,0,6,0,0,1,0,0,0,0,19,18,0,35,0,0,0,1,23,1,0,0,0,1,0,9,55,22,10,89,8,0,0,1,0,0,0,0,17,0,0,0,3,1,3,0,1,1,0,0,0,0,0,0,0,0,0,0,4,168,101,57,0,0,0,0,0,6,0,0,0,0,0,0,8,1,1,115,11,65,2,14,16,0,0,0,0,0,0,0,140,44,2,121,0,0,0,5,0,0,0,0,0,0,0,0,9,0,0,3,0,0,0,0,0,0,0,0,13,0,0,0,36,4,2,36,0,0,10,6,0,0,0,4,0,0,0,64,24,1,0,19,0,0,0,109,0,0,0,1,0,0,0,2,35,8,0,10,1,0,0,0,0,1,0,0,0,0,0,0,0,0,0,17,0,0,0,0,0,0,0,0,0,0,0,0,0,0,0,0,0,0,0,2,0,0,0,0,0,0,2,0,39,39,16,156,0,0,0,0,0,0,0,6,0,0,0,0,32,987,27,56,0,13,0,4,0,0,0,0,0,0,0,0,131,0,1,36,113,0,0,0,0,0,0,0,0,0,0,0,0,0,10,304,0,0,0,128,0,0,0,0,0,0,0,0,143,70,0,95,0,0,0,0,0,0,0,0,0,0,0,0,297,33,0,37,19,0,0,0,0,0,0,0,0,0,0,0,25,3,0,16,0,0,1,0,8,0,0,12,0,0,0,0,634,22,22,69,11,14,0,3,200,0,0,39,0,0,0,0,57,7,0,197,36,0,0,2,0,4,0,0,0,0,0,109,1,0,21,18,1,0,0,4,0,0,0,0,0,0,0,0,11,0,0,4,0,0,0,3,0,0,0,0,0,0,0,0,1997,980,454,1290,36,14,13,418,220,0,0,53,2,35,0,168,291,12,125,93,0,0,4,2,1,0,0,6,0,0,0,2,2737,584,696,1671,500,112,464,192,41,504,66,270,0,0,0,4,198,11,6,204,183,10,17,25,0,0,2,11,0,0,0,0,4521,881,1855,2447,410,134,212,76,424,5,163,0,342,3,0,260,4360,2192,2323,6469,367,5,575,1028,33,20,379,271,376,0,0,5,0,16,3,4,0,0,0,6,2,0,0,0,0,0,0,0,753,34,12,115,19,1,0,22,1,0,0,2,0,0,0,0,371,6,8,30,184,3,3,4,5,1,13,13,4,2,0,10,1350,1292,535,417,501,183,6,5,13,2,12,5,5,0,2,0,755,14,19,574,173,282,2,121,11,158,2,8,57,37,0,5,119,74,2,251,29,0,0,17,0,2,0,41,16,1,0,8,545,23,4,223,0,17,0,0,0,0,0,0,0,3,0,0,0,0,0,0,14,0,0,0,0,0,0,0,0,0,0,0,0,111,12,16,0,0,0,0,0,0,0,0,0,0,0,0,5924,2800,1757,6757,186,47,8,817,62,3,54,123,496,171,0,830,1359,433,123,1430,2,20,11,262,21,0,0,195,101,7,1,56,1943,876,1149,2968,287,5,14,1214,133,17,3,360,124,63,6,237,462,16,0,134,0,0,0,0,0,0,0,0,0,6,0,11,5722,2689,1731,7113,292,0,3,340,620,216,475,720,213,64,37,158,0,0,3,26,0,162,0,5,0,0,0,0,0,0,0,0,231,0,3,15,0,0,0,0,3,0,0,1,0,0,0,0,3338,890,261,874,466,26,30,270,35,0,16,183,6,305,0,59,1176,434,440,706,124,22,0,30,97,2,4,88,25,3,0
0,22,0,242,133,0,0,0,0,0,0,0,0,0,0,0,0,436,0,0,128,5,153,0,22,0,0,0,0,0,0,0,0,12,75,25,57,0,0,0,0,0,2,0,0,0,0,4,19,294,240,228,307,32,285,8,20,0,0,0,0,0,0,0,0,22,22,14,38,0,12,0,0,0,0,8,0,0,0,0,0,15,114,0,7,0,0,0,13,0,0,0,0,0,0,0,0,545,24,81,55,173,53,13,13,0,0,0,0,0,0,0,0,62,53,0,83,0,0,0,9,0,0,0,0,0,0,0,9,265,7,1,36,2,0,0,0,0,3,0,0,0,0,0,0,0,4,0,0,0,0,0,0,0,0,0,0,0,0,0,0,712,155,0,3,0,0,0,2,0,0,0,0,0,0,0,0,256,477,2,151,0,0,0,49,0,0,0,8,0,8,0,0,0,0,0,0,0,0,0,0,0,0,0,0,0,0,0,1,15,1,26,34,0,0,0,26,6,10,0,90,0,0,0,0,159,12,6,54,0,1,0,0,2,2,0,6,14,0,0,5,0,13,0,0,0,0,0,0,7,0,0,0,0,0,0,0,441,20,0,31,0,5,0,0,6,0,0,1,0,0,0,0,19,18,0,35,0,0,0,1,23,1,0,0,0,1,0,9,55,22,10,89,8,0,0,1,0,0,0,0,17,0,0,0,3,1,3,0,1,1,0,0,0,0,0,0,0,0,0,0,4,168,101,57,0,0,0,0,0,6,0,0,0,0,0,0,8,1,1,115,11,65,2,14,16,0,0,0,0,0,0,0,140,44,2,121,0,0,0,5,0,0,0,0,0,0,0,0,9,0,0,3,0,0,0,0,0,0,0,0,13,0,0,0,36,4,2,36,0,0,10,6,0,0,0,4,0,0,0,64,24,1,0,19,0,0,0,109,0,0,0,1,0,0,0,2,35,8,0,10,1,0,0,0,0,1,0,0,0,0,0,0,0,0,0,17,0,0,0,0,0,0,0,0,0,0,0,0,0,0,0,0,0,0,0,2,0,0,0,0,0,0,2,0,39,39,16,156,0,0,0,0,0,0,0,6,0,0,0,0,32,987,27,56,0,13,0,4,0,0,0,0,0,0,0,0,131,0,1,36,113,0,0,0,0,0,0,0,0,0,0,0,0,0,10,304,0,0,0,128,0,0,0,0,0,0,0,0,143,70,0,95,0,0,0,0,0,0,0,0,0,0,0,0,297,33,0,37,19,0,0,0,0,0,0,0,0,0,0,0,25,3,0,16,0,0,1,0,8,0,0,12,0,0,0,0,634,22,22,69,11,14,0,3,200,0,0,39,0,0,0,0,57,7,0,197,36,0,0,2,0,4,0,0,0,0,0,109,1,0,21,18,1,0,0,4,0,0,0,0,0,0,0,0,11,0,0,4,0,0,0,3,0,0,0,0,0,0,0,0,1998,980,455,1290,36,14,13,418,220,0,0,53,2,35,0,168,291,12,125,93,0,0,4,2,1,0,0,6,0,0,0,2,2737,584,696,1671,500,112,464,192,41,504,66,270,0,0,0,4,198,11,6,204,183,10,17,25,0,0,2,11,0,0,0,0,4521,881,1855,2447,410,134,212,76,424,5,163,0,342,3,0,260,4360,2192,2323,6469,367,5,575,1028,33,20,379,271,376,0,0,5,0,16,3,4,0,0,0,6,2,0,0,0,0,0,0,0,753,34,12,115,19,1,0,22,1,0,0,2,0,0,0,0,371,6,8,30,184,3,3,4,5,1,13,13,4,2,0,10,1350,1292,535,417,501,183,6,5,13,2,12,5,5,0,2,0,755,14,19,574,173,282,2,121,11,158,2,8,57,37,0,5,119,74,2,251,29,0,0,17,0,2,0,41,16,1,0,8,545,23,4,223,0,17,0,0,0,0,0,0,0,3,0,0,0,0,0,0,14,0,0,0,0,0,0,0,0,0,0,0,0,111,12,16,0,0,0,0,0,0,0,0,0,0,0,0,5925,2800,1757,6757,186,47,8,817,62,3,54,123,497,171,0,830,1360,433,123,1430,2,20,11,262,21,0,0,195,101,7,1,56,1943,876,1149,2968,287,5,14,1214,133,17,3,360,124,63,6,237,462,16,0,134,0,0,0,0,0,0,0,0,0,6,0,11,5722,2689,1731,7113,292,0,3,340,620,216,475,720,213,64,37,158,0,0,3,26,0,162,0,5,0,0,0,0,0,0,0,0,231,0,3,15,0,0,0,0,3,0,0,1,0,0,0,0,3339,890,261,874,466,26,30,270,35,0,16,183,6,305,0,59,1177,434,440,706,124,22,0,30,97,2,4,88,25,3,0
0,22,0,242,133,0,0,0,0,0,0,0,0,0,0,0,0,436,0,0,128,5,153,0,22,0,0,0,0,0,0,0,0,12,75,25,57,0,0,0,0,0,2,0,0,0,0,4,19,294,240,228,307,32,285,8,20,0,0,0,0,0,0,0,0,22,22,14,38,0,12,0,0,0,0,8,0,0,0,0,0,15,114,0,7,0,0,0,13,0,0,0,0,0,0,0,0,545,24,81,55,173,53,13,13,0,0,0,0,0,0,0,0,62,53,0,83,0,0,0,9,0,0,0,0,0,0,0,9,265,7,1,36,2,0,0,0,0,3,0,0,0,0,0,0,0,4,0,0,0,0,0,0,0,0,0,0,0,0,0,0,712,155,0,3,0,0,0,2,0,0,0,0,0,0,0,0,256,477,2,151,0,0,0,49,0,0,0,8,0,8,0,0,0,0,0,0,0,0,0,0,0,0,0,0,0,0,0,1,15,1,26,34,0,0,0,26,6,10,0,90,0,0,0,0,159,12,6,54,0,1,0,0,2,2,0,6,14,0,0,5,0,13,0,0,0,0,0,0,7,0,0,0,0,0,0,0,441,20,0,31,0,5,0,0,6,0,0,1,0,0,0,0,19,18,0,35,0,0,0,1,23,1,0,0,0,1,0,9,55,22,10,89,8,0,0,1,0,0,0,0,17,0,0,0,3,1,3,0,1,1,0,0,0,0,0,0,0,0,0,0,4,168,101,57,0,0,0,0,0,6,0,0,0,0,0,0,8,1,1,115,11,65,2,14,16,0,0,0,0,0,0,0,140,44,2,121,0,0,0,5,0,0,0,0,0,0,0,0,9,0,0,3,0,0,0,0,0,0,0,0,13,0,0,0,36,4,2,36,0,0,10,6,0,0,0,4,0,0,0,64,24,1,0,19,0,0,0,109,0,0,0,1,0,0,0,2,35,8,0,10,1,0,0,0,0,1,0,0,0,0,0,0,0,0,0,17,0,0,0,0,0,0,0,0,0,0,0,0,0,0,0,0,0,0,0,2,0,0,0,0,0,0,2,0,39,39,16,156,0,0,0,0,0,0,0,6,0,0,0,0,32,987,27,56,0,13,0,4,0,0,0,0,0,0,0,0,131,0,1,36,113,0,0,0,0,0,0,0,0,0,0,0,0,0,10,304,0,0,0,128,0,0,0,0,0,0,0,0,143,70,0,95,0,0,0,0,0,0,0,0,0,0,0,0,297,33,0,37,19,0,0,0,0,0,0,0,0,0,0,0,25,3,0,16,0,0,1,0,8,0,0,12,0,0,0,0,634,22,22,69,11,14,0,3,200,0,0,39,0,0,0,0,57,7,0,197,36,0,0,2,0,4,0,0,0,0,0,109,1,0,21,18,1,0,0,4,0,0,0,0,0,0,0,0,11,0,0,4,0,0,0,3,0,0,0,0,0,0,0,0,1997,980,454,1290,36,14,13,418,220,0,0,53,2,35,0,168,291,12,125,93,0,0,4,2,1,0,0,6,0,0,0,2,2737,584,696,1671,500,112,464,192,41,504,66,270,0,0,0,4,198,11,6,204,183,10,17,25,0,0,2,11,0,0,0,0,4521,881,1855,2447,410,134,212,76,424,5,163,0,342,3,0,260,4360,2192,2324,6471,367,5,575,1028,33,20,380,271,377,0,0,5,0,16,3,4,0,0,0,6,2,0,0,0,0,0,0,0,753,34,12,115,19,1,0,22,1,0,0,2,0,0,0,0,371,6,8,30,184,3,3,4,5,1,13,13,4,2,0,10,1350,1292,535,417,501,183,6,5,13,2,12,5,5,0,2,0,755,14,19,574,173,282,2,121,11,158,2,8,57,37,0,5,119,74,2,251,29,0,0,17,0,2,0,41,16,1,0,8,545,23,4,223,0,17,0,0,0,0,0,0,0,3,0,0,0,0,0,0,14,0,0,0,0,0,0,0,0,0,0,0,0,111,12,16,0,0,0,0,0,0,0,0,0,0,0,0,5924,2800,1757,6757,186,47,8,817,62,3,54,123,496,171,0,830,1359,433,123,1430,2,20,11,262,21,0,0,195,101,7,1,56,1943,876,1150,2968,287,5,14,1214,133,17,3,360,124,63,6,237,462,16,0,134,0,0,0,0,0,0,0,0,0,6,0,11,5722,2689,1732,7114,292,0,3,340,620,216,475,720,213,64,37,158,0,0,3,26,0,162,0,5,0,0,0,0,0,0,0,0,231,0,3,15,0,0,0,0,3,0,0,1,0,0,0,0,3338,890,261,874,466,26,30,270,35,0,16,183,6,305,0,59,1176,434,440,706,124,22,0,30,97,2,4,88,25,3,0
0,22,0,242,133,0,0,0,0,0,0,0,0,0,0,0,0,436,0,0,128,5,153,0,22,0,0,0,0,0,0,0,0,12,75,25,57,0,0,0,0,0,2,0,0,0,0,4,19,294,240,228,307,32,285,8,20,0,0,0,0,0,0,0,0,22,22,14,38,0,12,0,0,0,0,8,0,0,0,0,0,15,114,0,7,0,0,0,13,0,0,0,0,0,0,0,0,545,24,81,55,173,53,13,13,0,0,0,0,0,0,0,0,62,53,0,83,0,0,0,9,0,0,0,0,0,0,0,9,265,7,1,36,2,0,0,0,0,3,0,0,0,0,0,0,0,4,0,0,0,0,0,0,0,0,0,0,0,0,0,0,712,155,0,3,0,0,0,2,0,0,0,0,0,0,0,0,256,477,2,151,0,0,0,49,0,0,0,8,0,8,0,0,0,0,0,0,0,0,0,0,0,0,0,0,0,0,0,1,15,1,26,34,0,0,0,26,6,10,0,90,0,0,0,0,159,12,6,54,0,1,0,0,2,2,0,6,14,0,0,5,0,13,0,0,0,0,0,0,7,0,0,0,0,0,0,0,441,20,0,31,0,5,0,0,6,0,0,1,0,0,0,0,19,18,0,35,0,0,0,1,23,1,0,0,0,1,0,9,55,22,10,89,8,0,0,1,0,0,0,0,17,0,0,0,3,1,3,0,1,1,0,0,0,0,0,0,0,0,0,0,4,168,101,57,0,0,0,0,0,6,0,0,0,0,0,0,8,1,1,115,11,65,2,14,16,0,0,0,0,0,0,0,140,44,2,121,0,0,0,5,0,0,0,0,0,0,0,0,9,0,0,3,0,0,0,0,0,0,0,0,13,0,0,0,36,4,2,36,0,0,10,6,0,0,0,4,0,0,0,64,24,1,0,19,0,0,0,109,0,0,0,1,0,0,0,2,35,8,0,10,1,0,0,0,0,1,0,0,0,0,0,0,0,0,0,17,0,0,0,0,0,0,0,0,0,0,0,0,0,0,0,0,0,0,0,2,0,0,0,0,0,0,2,0,39,39,16,156,0,0,0,0,0,0,0,6,0,0,0,0,32,987,27,56,0,13,0,4,0,0,0,0,0,0,0,0,131,0,1,36,113,0,0,0,0,0,0,0,0,0,0,0,0,0,10,304,0,0,0,128,0,0,0,0,0,0,0,0,143,70,0,95,0,0,0,0,0,0,0,0,0,0,0,0,297,33,0,37,19,0,0,0,0,0,0,0,0,0,0,0,25,3,0,16,0,0,1,0,8,0,0,12,0,0,0,0,634,22,22,69,11,14,0,3,200,0,0,39,0,0,0,0,57,7,0,197,36,0,0,2,0,4,0,0,0,0,0,109,1,0,21,18,1,0,0,4,0,0,0,0,0,0,0,0,11,0,0,4,0,0,0,3,0,0,0,0,0,0,0,0,1998,980,455,1290,36,14,13,418,220,0,0,53,2,35,0,168,291,12,125,93,0,0,4,2,1,0,0,6,0,0,0,2,2737,584,696,1671,500,112,464,192,41,504,66,270,0,0,0,4,198,11,6,204,183,10,17,25,0,0,2,11,0,0,0,0,4521,881,1855,2447,410,134,212,76,424,5,163,0,342,3,0,260,4360,2192,2323,6469,367,5,575,1028,33,20,379,271,376,0,0,5,0,16,3,4,0,0,0,6,2,0,0,0,0,0,0,0,753,34,12,115,19,1,0,22,1,0,0,2,0,0,0,0,371,6,8,30,184,3,3,4,5,1,13,13,4,2,0,10,1350,1292,535,417,501,183,6,5,13,2,12,5,5,0,2,0,755,14,19,574,173,282,2,121,11,158,2,8,57,37,0,5,119,74,2,251,29,0,0,17,0,2,0,41,16,1,0,8,545,23,4,223,0,17,0,0,0,0,0,0,0,3,0,0,0,0,0,0,14,0,0,0,0,0,0,0,0,0,0,0,0,111,12,16,0,0,0,0,0,0,0,0,0,0,0,0,5925,2800,1757,6757,186,47,8,817,62,3,54,123,497,171,0,830,1360,433,123,1430,2,20,11,262,21,0,0,195,101,7,1,56,1943,876,1149,2968,287,5,14,1214,133,17,3,360,124,63,6,237,462,16,0,134,0,0,0,0,0,0,0,0,0,6,0,11,5722,2689,1731,7113,292,0,3,340,620,216,475,720,213,64,37,158,0,0,3,26,0,162,0,5,0,0,0,0,0,0,0,0,231,0,3,15,0,0,0,0,3,0,0,1,0,0,0,0,3339,890,261,874,466,26,30,270,35,0,16,183,6,305,0,59,1177,434,440,706,124,22,0,30,97,2,4,88,25,3,0
0,22,0,242,133,0,0,0,0,0,0,0,0,0,0,0,0,436,0,0,128,5,153,0,22,0,0,0,0,0,0,0,0,12,75,25,57,0,0,0,0,0,2,0,0,0,0,4,19,294,240,228,307,32,285,8,20,0,0,0,0,0,0,0,0,22,22,14,38,0,12,0,0,0,0,8,0,0,0,0,0,15,114,0,7,0,0,0,13,0,0,0,0,0,0,0,0,545,24,81,55,173,53,13,13,0,0,0,0,0,0,0,0,62,53,0,83,0,0,0,9,0,0,0,0,0,0,0,9,265,7,1,36,2,0,0,0,0,3,0,0,0,0,0,0,0,4,0,0,0,0,0,0,0,0,0,0,0,0,0,0,712,155,0,3,0,0,0,2,0,0,0,0,0,0,0,0,256,477,2,151,0,0,0,49,0,0,0,8,0,8,0,0,0,0,0,0,0,0,0,0,0,0,0,0,0,0,0,1,15,1,26,34,0,0,0,26,6,10,0,90,0,0,0,0,159,12,6,54,0,1,0,0,2,2,0,6,14,0,0,5,0,13,0,0,0,0,0,0,7,0,0,0,0,0,0,0,441,20,0,31,0,5,0,0,6,0,0,1,0,0,0,0,19,18,0,35,0,0,0,1,23,1,0,0,0,1,0,9,55,22,10,89,8,0,0,1,0,0,0,0,17,0,0,0,3,1,3,0,1,1,0,0,0,0,0,0,0,0,0,0,4,168,101,57,0,0,0,0,0,6,0,0,0,0,0,0,8,1,1,115,11,65,2,14,16,0,0,0,0,0,0,0,140,44,2,121,0,0,0,5,0,0,0,0,0,0,0,0,9,0,0,3,0,0,0,0,0,0,0,0,13,0,0,0,36,4,2,36,0,0,10,6,0,0,0,4,0,0,0,64,24,1,0,19,0,0,0,109,0,0,0,1,0,0,0,2,35,8,0,10,1,0,0,0,0,1,0,0,0,0,0,0,0,0,0,17,0,0,0,0,0,0,0,0,0,0,0,0,0,0,0,0,0,0,0,2,0,0,0,0,0,0,2,0,39,39,16,156,0,0,0,0,0,0,0,6,0,0,0,0,32,987,27,56,0,13,0,4,0,0,0,0,0,0,0,0,131,0,1,36,113,0,0,0,0,0,0,0,0,0,0,0,0,0,10,304,0,0,0,128,0,0,0,0,0,0,0,0,143,70,0,95,0,0,0,0,0,0,0,0,0,0,0,0,297,33,0,37,19,0,0,0,0,0,0,0,0,0,0,0,25,3,0,16,0,0,1,0,8,0,0,12,0,0,0,0,634,22,22,69,11,14,0,3,200,0,0,39,0,0,0,0,57,7,0,197,36,0,0,2,0,4,0,0,0,0,0,109,1,0,21,18,1,0,0,4,0,0,0,0,0,0,0,0,11,0,0,4,0,0,0,3,0,0,0,0,0,0,0,0,1997,980,454,1290,36,14,13,418,220,0,0,53,2,35,0,168,291,12,125,93,0,0,4,2,1,0,0,6,0,0,0,2,2737,584,696,1671,500,112,464,192,41,504,66,270,0,0,0,4,198,11,6,204,183,10,17,25,0,0,2,11,0,0,0,0,4521,881,1855,2447,410,134,212,76,424,5,163,0,342,3,0,260,4360,2192,2323,6469,367,5,575,1028,33,20,379,271,376,0,0,5,0,16,3,4,0,0,0,6,2,0,0,0,0,0,0,0,753,34,12,115,19,1,0,22,1,0,0,2,0,0,0,0,371,6,8,30,184,3,3,4,5,1,13,13,4,2,0,10,1350,1292,535,417,501,183,6,5,13,2,12,5,5,0,2,0,755,14,19,574,173,282,2,121,11,158,2,8,57,37,0,5,119,74,2,251,29,0,0,17,0,2,0,41,16,1,0,8,545,23,4,223,0,17,0,0,0,0,0,0,0,3,0,0,0,0,0,0,14,0,0,0,0,0,0,0,0,0,0,0,0,111,12,16,0,0,0,0,0,0,0,0,0,0,0,0,5924,2800,1757,6757,186,47,8,817,62,3,54,123,496,171,0,830,1359,433,123,1430,2,20,11,262,21,0,0,195,101,7,1,56,1943,876,1149,2968,287,5,14,1214,133,17,3,360,124,63,6,237,462,16,0,134,0,0,0,0,0,0,0,0,0,6,0,11,5722,2689,1731,7113,292,0,3,340,620,216,475,720,213,64,37,158,0,0,3,26,0,162,0,5,0,0,0,0,0,0,0,0,231,0,3,15,0,0,0,0,3,0,0,1,0,0,0,0,3338,890,261,874,466,26,30,270,35,0,16,183,6,305,0,59,1176,434,440,706,124,22,0,30,97,2,4,88,25,3,0
0,22,0,242,133,0,0,0,0,0,0,0,0,0,0,0,0,436,0,0,128,5,153,0,22,0,0,0,0,0,0,0,0,12,75,25,57,0,0,0,0,0,2,0,0,0,0,4,19,294,240,228,307,32,285,8,20,0,0,0,0,0,0,0,0,22,22,14,38,0,12,0,0,0,0,8,0,0,0,0,0,15,114,0,7,0,0,0,13,0,0,0,0,0,0,0,0,545,24,81,55,173,53,13,13,0,0,0,0,0,0,0,0,62,53,0,83,0,0,0,9,0,0,0,0,0,0,0,9,265,7,1,36,2,0,0,0,0,3,0,0,0,0,0,0,0,4,0,0,0,0,0,0,0,0,0,0,0,0,0,0,712,155,0,3,0,0,0,2,0,0,0,0,0,0,0,0,256,477,2,151,0,0,0,49,0,0,0,8,0,8,0,0,0,0,0,0,0,0,0,0,0,0,0,0,0,0,0,1,15,1,26,34,0,0,0,26,6,10,0,90,0,0,0,0,159,12,6,54,0,1,0,0,2,2,0,6,14,0,0,5,0,13,0,0,0,0,0,0,7,0,0,0,0,0,0,0,441,20,0,31,0,5,0,0,6,0,0,1,0,0,0,0,19,18,0,35,0,0,0,1,23,1,0,0,0,1,0,9,55,22,10,89,8,0,0,1,0,0,0,0,17,0,0,0,3,1,3,0,1,1,0,0,0,0,0,0,0,0,0,0,4,168,101,57,0,0,0,0,0,6,0,0,0,0,0,0,8,1,1,115,11,65,2,14,16,0,0,0,0,0,0,0,140,44,2,121,0,0,0,5,0,0,0,0,0,0,0,0,9,0,0,3,0,0,0,0,0,0,0,0,13,0,0,0,36,4,2,36,0,0,10,6,0,0,0,4,0,0,0,64,24,1,0,19,0,0,0,109,0,0,0,1,0,0,0,2,35,8,0,10,1,0,0,0,0,1,0,0,0,0,0,0,0,0,0,17,0,0,0,0,0,0,0,0,0,0,0,0,0,0,0,0,0,0,0,2,0,0,0,0,0,0,2,0,39,39,16,156,0,0,0,0,0,0,0,6,0,0,0,0,32,987,27,56,0,13,0,4,0,0,0,0,0,0,0,0,131,0,1,36,113,0,0,0,0,0,0,0,0,0,0,0,0,0,10,304,0,0,0,128,0,0,0,0,0,0,0,0,143,70,0,95,0,0,0,0,0,0,0,0,0,0,0,0,297,33,0,37,19,0,0,0,0,0,0,0,0,0,0,0,25,3,0,16,0,0,1,0,8,0,0,12,0,0,0,0,634,22,22,69,11,14,0,3,200,0,0,39,0,0,0,0,57,7,0,197,36,0,0,2,0,4,0,0,0,0,0,109,1,0,21,18,1,0,0,4,0,0,0,0,0,0,0,0,11,0,0,4,0,0,0,3,0,0,0,0,0,0,0,0,1997,980,454,1290,36,14,13,418,220,0,0,53,2,35,0,168,291,12,125,93,0,0,4,2,1,0,0,6,0,0,0,2,2737,584,696,1671,500,112,464,192,41,504,66,270,0,0,0,4,198,11,6,204,183,10,17,25,0,0,2,11,0,0,0,0,4523,881,1855,2447,410,134,212,76,424,5,163,0,342,3,0,260,4361,2193,2323,6469,367,5,575,1028,33,20,379,271,376,0,0,5,0,16,3,4,0,0,0,6,2,0,0,0,0,0,0,0,753,34,12,115,19,1,0,22,1,0,0,2,0,0,0,0,371,6,8,30,184,3,3,4,5,1,13,13,4,2,0,10,1350,1292,535,417,501,183,6,5,13,2,12,5,5,0,2,0,755,14,19,574,173,282,2,121,11,158,2,8,57,37,0,5,119,74,2,251,29,0,0,17,0,2,0,41,16,1,0,8,545,23,4,223,0,17,0,0,0,0,0,0,0,3,0,0,0,0,0,0,14,0,0,0,0,0,0,0,0,0,0,0,0,111,12,16,0,0,0,0,0,0,0,0,0,0,0,0,5924,2800,1757,6757,186,47,8,817,62,3,54,123,496,171,0,830,1359,433,123,1430,2,20,11,262,21,0,0,195,101,7,1,56,1943,876,1149,2968,287,5,14,1214,133,17,3,360,124,63,6,237,462,16,0,134,0,0,0,0,0,0,0,0,0,6,0,11,5724,2689,1731,7113,292,0,3,340,620,216,475,720,213,64,37,158,0,0,3,26,0,162,0,5,0,0,0,0,0,0,0,0,231,0,3,15,0,0,0,0,3,0,0,1,0,0,0,0,3338,890,261,874,466,26,30,270,35,0,16,183,6,305,0,59,1176,434,440,706,124,22,0,30,97,2,4,88,25,3,0
0,22,0,242,133,0,0,0,0,0,0,0,0,0,0,0,0,436,0,0,128,5,153,0,22,0,0,0,0,0,0,0,0,12,75,25,57,0,0,0,0,0,2,0,0,0,0,4,19,294,240,228,307,32,285,8,20,0,0,0,0,0,0,0,0,22,22,14,38,0,12,0,0,0,0,8,0,0,0,0,0,15,114,0,7,0,0,0,13,0,0,0,0,0,0,0,0,545,24,81,55,173,53,13,13,0,0,0,0,0,0,0,0,62,53,0,83,0,0,0,9,0,0,0,0,0,0,0,9,265,7,1,36,2,0,0,0,0,3,0,0,0,0,0,0,0,4,0,0,0,0,0,0,0,0,0,0,0,0,0,0,712,155,0,3,0,0,0,2,0,0,0,0,0,0,0,0,256,477,2,151,0,0,0,49,0,0,0,8,0,8,0,0,0,0,0,0,0,0,0,0,0,0,0,0,0,0,0,1,15,1,26,34,0,0,0,26,6,10,0,90,0,0,0,0,159,12,6,54,0,1,0,0,2,2,0,6,14,0,0,5,0,13,0,0,0,0,0,0,7,0,0,0,0,0,0,0,441,20,0,31,0,5,0,0,6,0,0,1,0,0,0,0,19,18,0,35,0,0,0,1,23,1,0,0,0,1,0,9,55,22,10,89,8,0,0,1,0,0,0,0,17,0,0,0,3,1,3,0,1,1,0,0,0,0,0,0,0,0,0,0,4,168,101,57,0,0,0,0,0,6,0,0,0,0,0,0,8,1,1,115,11,65,2,14,16,0,0,0,0,0,0,0,140,44,2,121,0,0,0,5,0,0,0,0,0,0,0,0,9,0,0,3,0,0,0,0,0,0,0,0,13,0,0,0,36,4,2,36,0,0,10,6,0,0,0,4,0,0,0,64,24,1,0,19,0,0,0,109,0,0,0,1,0,0,0,2,35,8,0,10,1,0,0,0,0,1,0,0,0,0,0,0,0,0,0,17,0,0,0,0,0,0,0,0,0,0,0,0,0,0,0,0,0,0,0,2,0,0,0,0,0,0,2,0,39,39,16,156,0,0,0,0,0,0,0,6,0,0,0,0,32,987,27,56,0,13,0,4,0,0,0,0,0,0,0,0,131,0,1,36,113,0,0,0,0,0,0,0,0,0,0,0,0,0,10,304,0,0,0,128,0,0,0,0,0,0,0,0,143,70,0,95,0,0,0,0,0,0,0,0,0,0,0,0,297,33,0,37,19,0,0,0,0,0,0,0,0,0,0,0,25,3,0,16,0,0,1,0,8,0,0,12,0,0,0,0,634,22,22,69,11,14,0,3,200,0,0,39,0,0,0,0,57,7,0,197,36,0,0,2,0,4,0,0,0,0,0,109,1,0,21,18,1,0,0,4,0,0,0,0,0,0,0,0,11,0,0,4,0,0,0,3,0,0,0,0,0,0,0,0,1997,980,454,1290,36,14,13,418,220,0,0,53,2,35,0,168,291,12,125,93,0,0,4,2,1,0,0,6,0,0,0,2,2738,584,696,1671,500,112,464,192,41,504,66,270,0,0,0,4,198,11,6,204,183,10,17,25,0,0,2,11,0,0,0,0,4522,881,1855,2447,410,134,212,76,424,5,163,0,342,3,0,260,4360,2192,2323,6469,367,5,575,1028,33,20,379,271,376,0,0,5,0,16,3,4,0,0,0,6,2,0,0,0,0,0,0,0,753,34,12,115,19,1,0,22,1,0,0,2,0,0,0,0,371,6,8,30,184,3,3,4,5,1,13,13,4,2,0,10,1350,1292,535,417,501,183,6,5,13,2,12,5,5,0,2,0,755,14,19,574,173,282,2,121,11,158,2,8,57,37,0,5,119,74,2,251,29,0,0,17,0,2,0,41,16,1,0,8,545,23,4,223,0,17,0,0,0,0,0,0,0,3,0,0,0,0,0,0,14,0,0,0,0,0,0,0,0,0,0,0,0,111,12,16,0,0,0,0,0,0,0,0,0,0,0,0,5924,2800,1757,6757,186,47,8,817,62,3,54,123,496,171,0,830,1359,433,123,1430,2,20,11,262,21,0,0,195,101,7,1,56,1943,876,1149,2968,287,5,14,1214,133,17,3,360,124,63,6,237,462,16,0,134,0,0,0,0,0,0,0,0,0,6,0,11,5722,2689,1731,7113,292,0,3,340,621,216,475,721,213,64,37,158,0,0,3,26,0,162,0,5,0,0,0,0,0,0,0,0,231,0,3,15,0,0,0,0,3,0,0,1,0,0,0,0,3338,890,261,874,466,26,30,270,35,0,16,183,6,305,0,59,1176,434,440,706,124,22,0,30,97,2,4,88,25,3,0
0,22,0,242,133,0,0,0,0,0,0,0,0,0,0,0,0,436,0,0,128,5,153,0,22,0,0,0,0,0,0,0,0,12,75,25,57,0,0,0,0,0,2,0,0,0,0,4,19,294,240,228,307,32,285,8,20,0,0,0,0,0,0,0,0,22,22,14,38,0,12,0,0,0,0,8,0,0,0,0,0,15,114,0,7,0,0,0,13,0,0,0,0,0,0,0,0,545,24,81,55,173,53,13,13,0,0,0,0,0,0,0,0,62,53,0,83,0,0,0,9,0,0,0,0,0,0,0,9,265,7,1,36,2,0,0,0,0,3,0,0,0,0,0,0,0,4,0,0,0,0,0,0,0,0,0,0,0,0,0,0,712,155,0,3,0,0,0,2,0,0,0,0,0,0,0,0,256,477,2,151,0,0,0,49,0,0,0,8,0,8,0,0,0,0,0,0,0,0,0,0,0,0,0,0,0,0,0,1,15,1,26,34,0,0,0,26,6,10,0,90,0,0,0,0,159,12,6,54,0,1,0,0,2,2,0,6,14,0,0,5,0,13,0,0,0,0,0,0,7,0,0,0,0,0,0,0,441,20,0,31,0,5,0,0,6,0,0,1,0,0,0,0,19,18,0,35,0,0,0,1,23,1,0,0,0,1,0,9,55,22,10,89,8,0,0,1,0,0,0,0,17,0,0,0,3,1,3,0,1,1,0,0,0,0,0,0,0,0,0,0,4,168,101,57,0,0,0,0,0,6,0,0,0,0,0,0,8,1,1,115,11,65,2,14,16,0,0,0,0,0,0,0,140,44,2,121,0,0,0,5,0,0,0,0,0,0,0,0,9,0,0,3,0,0,0,0,0,0,0,0,13,0,0,0,36,4,2,36,0,0,10,6,0,0,0,4,0,0,0,64,24,1,0,19,0,0,0,109,0,0,0,1,0,0,0,2,35,8,0,10,1,0,0,0,0,1,0,0,0,0,0,0,0,0,0,17,0,0,0,0,0,0,0,0,0,0,0,0,0,0,0,0,0,0,0,2,0,0,0,0,0,0,2,0,39,39,16,156,0,0,0,0,0,0,0,6,0,0,0,0,32,987,27,56,0,13,0,4,0,0,0,0,0,0,0,0,131,0,1,36,113,0,0,0,0,0,0,0,0,0,0,0,0,0,10,304,0,0,0,128,0,0,0,0,0,0,0,0,143,70,0,95,0,0,0,0,0,0,0,0,0,0,0,0,297,33,0,37,19,0,0,0,0,0,0,0,0,0,0,0,25,3,0,16,0,0,1,0,8,0,0,12,0,0,0,0,634,22,22,69,11,14,0,3,200,0,0,39,0,0,0,0,57,7,0,197,36,0,0,2,0,4,0,0,0,0,0,109,1,0,21,18,1,0,0,4,0,0,0,0,0,0,0,0,11,0,0,4,0,0,0,3,0,0,0,0,0,0,0,0,1997,980,454,1290,36,14,13,418,220,0,0,53,2,35,0,168,291,12,125,93,0,0,4,2,1,0,0,6,0,0,0,2,2737,584,696,1671,500,112,464,192,41,504,66,270,0,0,0,4,198,11,6,204,183,10,17,25,0,0,2,11,0,0,0,0,4521,881,1855,2447,410,134,212,76,424,5,163,0,342,3,0,260,4360,2192,2323,6469,367,5,575,1028,33,20,379,271,376,0,0,5,0,16,3,4,0,0,0,6,2,0,0,0,0,0,0,0,753,34,12,115,19,1,0,22,1,0,0,2,0,0,0,0,371,6,8,30,184,3,3,4,5,1,13,13,4,2,0,10,1350,1292,535,417,501,183,6,5,13,2,12,5,5,0,2,0,755,14,19,574,173,282,2,121,11,158,2,8,57,37,0,5,119,74,2,251,29,0,0,17,0,2,0,41,16,1,0,8,545,23,4,223,0,17,0,0,0,0,0,0,0,3,0,0,0,0,0,0,14,0,0,0,0,0,0,0,0,0,0,0,0,111,12,16,0,0,0,0,0,0,0,0,0,0,0,0,5924,2800,1757,6757,186,47,8,817,62,3,54,123,496,171,0,830,1359,433,123,1430,2,20,11,262,21,0,0,195,101,7,1,56,1943,876,1149,2968,287,5,14,1214,133,17,3,360,124,63,6,237,462,16,0,134,0,0,0,0,0,0,0,0,0,6,0,11,5722,2689,1731,7113,292,0,3,340,620,216,475,720,213,64,37,158,0,0,3,26,0,162,0,5,0,0,0,0,0,0,0,0,231,0,3,15,0,0,0,0,3,0,0,1,0,0,0,0,3338,890,261,874,466,26,30,270,35,0,16,183,6,305,0,59,1176,434,440,706,124,22,0,30,97,2,4,88,25,3,0
0,22,0,242,133,0,0,0,0,0,0,0,0,0,0,0,0,436,0,0,128,5,153,0,22,0,0,0,0,0,0,0,0,12,75,25,57,0,0,0,0,0,2,0,0,0,0,4,19,294,240,228,307,32,285,8,20,0,0,0,0,0,0,0,0,22,22,14,38,0,12,0,0,0,0,8,0,0,0,0,0,15,114,0,7,0,0,0,13,0,0,0,0,0,0,0,0,545,24,81,55,173,53,13,13,0,0,0,0,0,0,0,0,62,53,0,83,0,0,0,9,0,0,0,0,0,0,0,9,265,7,1,36,2,0,0,0,0,3,0,0,0,0,0,0,0,4,0,0,0,0,0,0,0,0,0,0,0,0,0,0,712,155,0,3,0,0,0,2,0,0,0,0,0,0,0,0,256,477,2,151,0,0,0,49,0,0,0,8,0,8,0,0,0,0,0,0,0,0,0,0,0,0,0,0,0,0,0,1,15,1,26,34,0,0,0,26,6,10,0,90,0,0,0,0,159,12,6,54,0,1,0,0,2,2,0,6,14,0,0,5,0,13,0,0,0,0,0,0,7,0,0,0,0,0,0,0,441,20,0,31,0,5,0,0,6,0,0,1,0,0,0,0,19,18,0,35,0,0,0,1,23,1,0,0,0,1,0,9,55,22,10,89,8,0,0,1,0,0,0,0,17,0,0,0,3,1,3,0,1,1,0,0,0,0,0,0,0,0,0,0,4,168,101,57,0,0,0,0,0,6,0,0,0,0,0,0,8,1,1,115,11,65,2,14,16,0,0,0,0,0,0,0,140,44,2,121,0,0,0,5,0,0,0,0,0,0,0,0,9,0,0,3,0,0,0,0,0,0,0,0,13,0,0,0,36,4,2,36,0,0,10,6,0,0,0,4,0,0,0,64,24,1,0,19,0,0,0,109,0,0,0,1,0,0,0,2,35,8,0,10,1,0,0,0,0,1,0,0,0,0,0,0,0,0,0,17,0,0,0,0,0,0,0,0,0,0,0,0,0,0,0,0,0,0,0,2,0,0,0,0,0,0,2,0,39,39,16,156,0,0,0,0,0,0,0,6,0,0,0,0,32,987,27,56,0,13,0,4,0,0,0,0,0,0,0,0,131,0,1,36,113,0,0,0,0,0,0,0,0,0,0,0,0,0,10,304,0,0,0,128,0,0,0,0,0,0,0,0,143,70,0,95,0,0,0,0,0,0,0,0,0,0,0,0,297,33,0,37,19,0,0,0,0,0,0,0,0,0,0,0,25,3,0,16,0,0,1,0,8,0,0,12,0,0,0,0,634,22,22,69,11,14,0,3,200,0,0,39,0,0,0,0,57,7,0,197,36,0,0,2,0,4,0,0,0,0,0,109,1,0,21,18,1,0,0,4,0,0,0,0,0,0,0,0,11,0,0,4,0,0,0,3,0,0,0,0,0,0,0,0,1997,981,454,1290,36,14,13,418,220,0,0,53,2,35,0,169,292,12,125,93,0,0,4,2,1,0,0,6,0,0,0,2,2737,585,696,1671,500,112,464,192,41,504,66,270,0,0,0,4,198,11,6,204,183,10,17,25,0,0,2,11,0,0,0,0,4521,882,1856,2447,410,134,212,76,424,5,163,0,342,3,0,260,4360,2192,2323,6469,367,5,575,1028,33,20,379,271,376,0,0,5,0,16,3,4,0,0,0,6,2,0,0,0,0,0,0,0,753,34,12,115,19,1,0,22,1,0,0,2,0,0,0,0,371,6,8,30,184,3,3,4,5,1,13,13,4,2,0,10,1350,1292,535,417,501,183,6,5,13,2,12,5,5,0,2,0,755,14,19,574,173,282,2,121,11,158,2,8,57,37,0,5,119,74,2,251,29,0,0,17,0,2,0,41,16,1,0,8,545,23,4,223,0,17,0,0,0,0,0,0,0,3,0,0,0,0,0,0,14,0,0,0,0,0,0,0,0,0,0,0,0,111,12,16,0,0,0,0,0,0,0,0,0,0,0,0,5924,2800,1758,6758,186,47,8,818,62,3,54,123,496,171,0,830,1360,433,123,1432,2,20,11,262,21,0,0,195,102,7,1,56,1943,876,1149,2968,287,5,14,1214,133,17,3,360,124,63,6,237,462,16,0,134,0,0,0,0,0,0,0,0,0,6,0,11,5722,2689,1731,7113,292,0,3,340,620,216,475,720,213,64,37,158,0,0,3,26,0,162,0,5,0,0,0,0,0,0,0,0,231,0,3,15,0,0,0,0,3,0,0,1,0,0,0,0,3338,890,261,874,466,26,30,270,35,0,16,183,6,305,0,59,1176,434,440,706,124,22,0,30,97,2,4,88,25,3,0
0,22,0,242,133,0,0,0,0,0,0,0,0,0,0,0,0,436,0,0,128,5,153,0,22,0,0,0,0,0,0,0,0,12,75,25,57,0,0,0,0,0,2,0,0,0,0,4,19,294,240,228,307,32,285,8,20,0,0,0,0,0,0,0,0,22,22,14,38,0,12,0,0,0,0,8,0,0,0,0,0,15,114,0,7,0,0,0,13,0,0,0,0,0,0,0,0,545,24,81,55,173,53,13,13,0,0,0,0,0,0,0,0,62,53,0,83,0,0,0,9,0,0,0,0,0,0,0,9,265,7,1,36,2,0,0,0,0,3,0,0,0,0,0,0,0,4,0,0,0,0,0,0,0,0,0,0,0,0,0,0,712,155,0,3,0,0,0,2,0,0,0,0,0,0,0,0,256,477,2,151,0,0,0,49,0,0,0,8,0,8,0,0,0,0,0,0,0,0,0,0,0,0,0,0,0,0,0,1,15,1,26,34,0,0,0,26,6,10,0,90,0,0,0,0,159,12,6,54,0,1,0,0,2,2,0,6,14,0,0,5,0,13,0,0,0,0,0,0,7,0,0,0,0,0,0,0,441,20,0,31,0,5,0,0,6,0,0,1,0,0,0,0,19,18,0,35,0,0,0,1,23,1,0,0,0,1,0,9,55,22,10,89,8,0,0,1,0,0,0,0,17,0,0,0,3,1,3,0,1,1,0,0,0,0,0,0,0,0,0,0,4,168,101,57,0,0,0,0,0,6,0,0,0,0,0,0,8,1,1,115,11,65,2,14,16,0,0,0,0,0,0,0,140,44,2,121,0,0,0,5,0,0,0,0,0,0,0,0,9,0,0,3,0,0,0,0,0,0,0,0,13,0,0,0,36,4,2,36,0,0,10,6,0,0,0,4,0,0,0,64,24,1,0,19,0,0,0,109,0,0,0,1,0,0,0,2,35,8,0,10,1,0,0,0,0,1,0,0,0,0,0,0,0,0,0,17,0,0,0,0,0,0,0,0,0,0,0,0,0,0,0,0,0,0,0,2,0,0,0,0,0,0,2,0,39,39,16,156,0,0,0,0,0,0,0,6,0,0,0,0,32,987,27,56,0,13,0,4,0,0,0,0,0,0,0,0,131,0,1,36,113,0,0,0,0,0,0,0,0,0,0,0,0,0,10,304,0,0,0,128,0,0,0,0,0,0,0,0,143,70,0,95,0,0,0,0,0,0,0,0,0,0,0,0,297,33,0,37,19,0,0,0,0,0,0,0,0,0,0,0,25,3,0,16,0,0,1,0,8,0,0,12,0,0,0,0,634,22,22,69,11,14,0,3,200,0,0,39,0,0,0,0,57,7,0,197,36,0,0,2,0,4,0,0,0,0,0,109,1,0,21,18,1,0,0,4,0,0,0,0,0,0,0,0,11,0,0,4,0,0,0,3,0,0,0,0,0,0,0,0,1997,980,454,1290,36,14,13,418,220,0,0,53,2,35,0,168,291,12,125,93,0,0,4,2,1,0,0,6,0,0,0,2,2737,584,696,1671,500,112,464,192,41,504,66,270,0,0,0,4,198,11,6,204,183,10,17,25,0,0,2,11,0,0,0,0,4521,881,1855,2447,410,134,212,76,424,5,163,0,342,3,0,260,4360,2192,2323,6469,367,5,575,1028,33,20,379,271,376,0,0,5,0,16,3,4,0,0,0,6,2,0,0,0,0,0,0,0,753,34,12,115,19,1,0,22,1,0,0,2,0,0,0,0,371,6,8,30,184,3,3,4,5,1,13,13,4,2,0,10,1350,1292,535,417,501,183,6,5,13,2,12,5,5,0,2,0,755,14,19,574,173,282,2,121,11,158,2,8,57,37,0,5,119,74,2,251,29,0,0,17,0,2,0,41,16,1,0,8,545,23,4,223,0,17,0,0,0,0,0,0,0,3,0,0,0,0,0,0,14,0,0,0,0,0,0,0,0,0,0,0,0,111,12,16,0,0,0,0,0,0,0,0,0,0,0,0,5924,2800,1757,6757,186,47,8,817,62,3,54,123,496,171,0,830,1359,433,123,1430,2,20,11,262,21,0,0,195,101,7,1,56,1943,876,1149,2968,287,5,14,1214,133,17,3,360,124,63,6,237,462,16,0,134,0,0,0,0,0,0,0,0,0,6,0,11,5722,2689,1731,7113,292,0,3,340,620,216,475,720,213,64,37,158,0,0,3,26,0,162,0,5,0,0,0,0,0,0,0,0,231,0,3,15,0,0,0,0,3,0,0,1,0,0,0,0,3338,890,261,874,466,26,30,270,35,0,16,183,6,305,0,59,1176,434,440,706,124,22,0,30,97,2,4,88,25,3,0
0,22,0,242,133,0,0,0,0,0,0,0,0,0,0,0,0,436,0,0,128,5,153,0,22,0,0,0,0,0,0,0,0,12,75,25,57,0,0,0,0,0,2,0,0,0,0,4,19,294,240,228,307,32,285,8,20,0,0,0,0,0,0,0,0,22,22,14,38,0,12,0,0,0,0,8,0,0,0,0,0,15,114,0,7,0,0,0,13,0,0,0,0,0,0,0,0,545,24,81,55,173,53,13,13,0,0,0,0,0,0,0,0,62,53,0,83,0,0,0,9,0,0,0,0,0,0,0,9,265,7,1,36,2,0,0,0,0,3,0,0,0,0,0,0,0,4,0,0,0,0,0,0,0,0,0,0,0,0,0,0,712,155,0,3,0,0,0,2,0,0,0,0,0,0,0,0,256,477,2,151,0,0,0,49,0,0,0,8,0,8,0,0,0,0,0,0,0,0,0,0,0,0,0,0,0,0,0,1,15,1,26,34,0,0,0,26,6,10,0,90,0,0,0,0,159,12,6,54,0,1,0,0,2,2,0,6,14,0,0,5,0,13,0,0,0,0,0,0,7,0,0,0,0,0,0,0,441,20,0,31,0,5,0,0,6,0,0,1,0,0,0,0,19,18,0,35,0,0,0,1,23,1,0,0,0,1,0,9,55,22,10,89,8,0,0,1,0,0,0,0,17,0,0,0,3,1,3,0,1,1,0,0,0,0,0,0,0,0,0,0,4,168,101,57,0,0,0,0,0,6,0,0,0,0,0,0,8,1,1,115,11,65,2,14,16,0,0,0,0,0,0,0,140,44,2,121,0,0,0,5,0,0,0,0,0,0,0,0,9,0,0,3,0,0,0,0,0,0,0,0,13,0,0,0,36,4,2,36,0,0,10,6,0,0,0,4,0,0,0,64,24,1,0,19,0,0,0,109,0,0,0,1,0,0,0,2,35,8,0,10,1,0,0,0,0,1,0,0,0,0,0,0,0,0,0,17,0,0,0,0,0,0,0,0,0,0,0,0,0,0,0,0,0,0,0,2,0,0,0,0,0,0,2,0,39,39,16,156,0,0,0,0,0,0,0,6,0,0,0,0,32,987,27,56,0,13,0,4,0,0,0,0,0,0,0,0,131,0,1,36,113,0,0,0,0,0,0,0,0,0,0,0,0,0,10,304,0,0,0,128,0,0,0,0,0,0,0,0,143,70,0,95,0,0,0,0,0,0,0,0,0,0,0,0,297,33,0,37,19,0,0,0,0,0,0,0,0,0,0,0,25,3,0,16,0,0,1,0,8,0,0,12,0,0,0,0,634,22,22,69,11,14,0,3,200,0,0,39,0,0,0,0,57,7,0,197,36,0,0,2,0,4,0,0,0,0,0,109,1,0,21,18,1,0,0,4,0,0,0,0,0,0,0,0,11,0,0,4,0,0,0,3,0,0,0,0,0,0,0,0,1997,980,454,1290,36,14,13,418,220,0,0,53,2,35,0,168,291,12,125,93,0,0,4,2,1,0,0,6,0,0,0,2,2737,584,696,1671,500,112,464,192,41,504,66,270,0,0,0,4,198,11,6,204,183,10,17,25,0,0,2,11,0,0,0,0,4521,881,1855,2447,410,134,212,76,424,5,163,0,342,3,0,260,4360,2192,2323,6469,367,5,575,1028,33,20,379,271,376,0,0,5,0,16,3,4,0,0,0,6,2,0,0,0,0,0,0,0,753,34,12,115,19,1,0,22,1,0,0,2,0,0,0,0,371,6,8,30,184,3,3,4,5,1,13,13,4,2,0,10,1350,1292,535,417,501,183,6,5,13,2,12,5,5,0,2,0,755,14,19,574,173,282,2,121,11,158,2,8,57,37,0,5,119,74,2,251,29,0,0,17,0,2,0,41,16,1,0,8,545,23,4,223,0,17,0,0,0,0,0,0,0,3,0,0,0,0,0,0,14,0,0,0,0,0,0,0,0,0,0,0,0,111,12,16,0,0,0,0,0,0,0,0,0,0,0,0,5924,2800,1757,6757,186,47,8,817,62,3,54,123,496,171,0,830,1359,433,123,1430,2,20,11,262,21,0,0,195,101,7,1,56,1943,876,1149,2968,287,5,14,1214,133,17,3,360,124,63,6,237,462,16,0,134,0,0,0,0,0,0,0,0,0,6,0,11,5722,2689,1731,7113,292,0,3,340,620,216,475,720,213,64,37,158,0,0,3,26,0,162,0,5,0,0,0,0,0,0,0,0,231,0,3,15,0,0,0,0,3,0,0,1,0,0,0,0,3338,890,261,874,466,26,30,270,35,0,16,183,6,305,0,59,1176,434,440,706,124,22,0,30,97,2,4,88,25,3,0
0,22,0,242,133,0,0,0,0,0,0,0,0,0,0,0,0,436,0,0,128,5,153,0,22,0,0,0,0,0,0,0,0,12,75,25,57,0,0,0,0,0,2,0,0,0,0,4,19,294,240,228,307,32,285,8,20,0,0,0,0,0,0,0,0,22,22,14,38,0,12,0,0,0,0,8,0,0,0,0,0,15,114,0,7,0,0,0,13,0,0,0,0,0,0,0,0,545,24,81,55,173,53,13,13,0,0,0,0,0,0,0,0,62,53,0,83,0,0,0,9,0,0,0,0,0,0,0,9,265,7,1,36,2,0,0,0,0,3,0,0,0,0,0,0,0,4,0,0,0,0,0,0,0,0,0,0,0,0,0,0,714,155,0,3,0,0,0,2,0,0,0,0,0,0,0,0,256,477,2,151,0,0,0,49,0,0,0,8,0,8,0,0,0,0,0,0,0,0,0,0,0,0,0,0,0,0,0,1,15,1,26,34,0,0,0,26,6,10,0,90,0,0,0,0,159,12,6,54,0,1,0,0,2,2,0,6,14,0,0,5,0,13,0,0,0,0,0,0,7,0,0,0,0,0,0,0,441,20,0,31,0,5,0,0,6,0,0,1,0,0,0,0,19,18,0,35,0,0,0,1,23,1,0,0,0,1,0,9,55,22,10,89,8,0,0,1,0,0,0,0,17,0,0,0,3,1,3,0,1,1,0,0,0,0,0,0,0,0,0,0,4,168,101,57,0,0,0,0,0,6,0,0,0,0,0,0,8,1,1,115,11,65,2,14,16,0,0,0,0,0,0,0,140,44,2,121,0,0,0,5,0,0,0,0,0,0,0,0,9,0,0,3,0,0,0,0,0,0,0,0,13,0,0,0,36,4,2,36,0,0,10,6,0,0,0,4,0,0,0,64,24,1,0,19,0,0,0,109,0,0,0,1,0,0,0,2,35,8,0,10,1,0,0,0,0,1,0,0,0,0,0,0,0,0,0,17,0,0,0,0,0,0,0,0,0,0,0,0,0,0,0,0,0,0,0,2,0,0,0,0,0,0,2,0,39,39,16,156,0,0,0,0,0,0,0,6,0,0,0,0,32,987,27,56,0,13,0,4,0,0,0,0,0,0,0,0,131,0,1,36,113,0,0,0,0,0,0,0,0,0,0,0,0,0,10,304,0,0,0,128,0,0,0,0,0,0,0,0,143,70,0,95,0,0,0,0,0,0,0,0,0,0,0,0,297,33,0,37,19,0,0,0,0,0,0,0,0,0,0,0,25,3,0,16,0,0,1,0,8,0,0,12,0,0,0,0,634,22,22,69,11,14,0,3,200,0,0,39,0,0,0,0,57,7,0,197,36,0,0,2,0,4,0,0,0,0,0,109,1,0,21,18,1,0,0,4,0,0,0,0,0,0,0,0,11,0,0,4,0,0,0,3,0,0,0,0,0,0,0,0,1997,980,454,1290,36,14,13,418,220,0,0,53,2,35,0,168,291,12,125,93,0,0,4,2,1,0,0,6,0,0,0,2,2737,584,696,1671,500,112,464,192,41,504,66,270,0,0,0,4,198,11,6,204,183,10,17,25,0,0,2,11,0,0,0,0,4521,881,1855,2447,410,134,212,76,424,5,163,0,342,3,0,261,4361,2192,2323,6470,367,5,575,1029,33,20,379,271,376,0,0,5,0,16,3,4,0,0,0,6,2,0,0,0,0,0,0,0,753,34,12,115,19,1,0,22,1,0,0,2,0,0,0,0,371,6,8,30,184,3,3,4,5,1,13,13,4,2,0,10,1350,1292,535,417,501,183,6,5,13,2,12,5,5,0,2,0,755,14,19,574,173,282,2,121,11,158,2,8,57,37,0,5,119,74,2,251,29,0,0,17,0,2,0,41,16,1,0,8,545,23,4,223,0,17,0,0,0,0,0,0,0,3,0,0,0,0,0,0,14,0,0,0,0,0,0,0,0,0,0,0,0,111,12,16,0,0,0,0,0,0,0,0,0,0,0,0,5924,2800,1757,6757,186,47,8,817,62,3,54,123,496,171,0,830,1359,433,123,1430,2,20,11,262,21,0,0,195,101,7,1,56,1943,876,1149,2968,287,5,14,1214,133,17,3,360,124,63,6,237,462,16,0,134,0,0,0,0,0,0,0,0,0,6,0,11,5722,2689,1731,7113,292,0,3,340,620,216,475,720,213,64,37,158,0,0,3,26,0,162,0,5,0,0,0,0,0,0,0,0,231,0,3,15,0,0,0,0,3,0,0,1,0,0,0,0,3339,890,261,874,466,26,30,270,35,0,16,183,6,305,0,59,1176,434,440,706,124,22,0,30,97,2,4,88,25,3,0
0,22,0,242,133,0,0,0,0,0,0,0,0,0,0,0,0,436,0,0,128,5,153,0,23,0,0,0,0,0,0,0,0,12,75,25,57,0,0,0,0,0,2,0,0,0,0,4,19,294,240,228,307,32,285,8,20,0,0,0,0,0,0,0,0,22,22,14,38,0,12,0,0,0,0,8,0,0,0,0,0,15,114,0,7,0,0,0,13,0,0,0,0,0,0,0,0,546,24,81,56,173,53,13,13,0,0,0,0,0,0,0,0,62,53,0,83,0,0,0,9,0,0,0,0,0,0,0,9,265,7,1,36,2,0,0,0,0,3,0,0,0,0,0,0,0,4,0,0,0,0,0,0,0,0,0,0,0,0,0,0,712,155,0,3,0,0,0,2,0,0,0,0,0,0,0,0,256,477,2,151,0,0,0,49,0,0,0,8,0,8,0,0,0,0,0,0,0,0,0,0,0,0,0,0,0,0,0,1,15,1,26,34,0,0,0,26,6,10,0,90,0,0,0,0,159,12,6,54,0,1,0,0,2,2,0,6,14,0,0,5,0,13,0,0,0,0,0,0,7,0,0,0,0,0,0,0,441,20,0,31,0,5,0,0,6,0,0,1,0,0,0,0,19,18,0,35,0,0,0,1,23,1,0,0,0,1,0,9,55,22,10,89,8,0,0,1,0,0,0,0,17,0,0,0,3,1,3,0,1,1,0,0,0,0,0,0,0,0,0,0,4,168,101,57,0,0,0,0,0,6,0,0,0,0,0,0,8,1,1,115,11,65,2,14,16,0,0,0,0,0,0,0,140,44,2,121,0,0,0,5,0,0,0,0,0,0,0,0,9,0,0,3,0,0,0,0,0,0,0,0,13,0,0,0,36,4,2,36,0,0,10,6,0,0,0,4,0,0,0,64,24,1,0,19,0,0,0,109,0,0,0,1,0,0,0,2,35,8,0,10,1,0,0,0,0,1,0,0,0,0,0,0,0,0,0,17,0,0,0,0,0,0,0,0,0,0,0,0,0,0,0,0,0,0,0,2,0,0,0,0,0,0,2,0,39,39,16,156,0,0,0,0,0,0,0,6,0,0,0,0,32,987,27,56,0,13,0,4,0,0,0,0,0,0,0,0,131,0,1,36,113,0,0,0,0,0,0,0,0,0,0,0,0,0,10,304,0,0,0,128,0,0,0,0,0,0,0,0,143,70,0,95,0,0,0,0,0,0,0,0,0,0,0,0,297,33,0,37,19,0,0,0,0,0,0,0,0,0,0,0,25,3,0,16,0,0,1,0,8,0,0,12,0,0,0,0,634,22,22,69,11,14,0,3,200,0,0,39,0,0,0,0,57,7,0,197,36,0,0,2,0,4,0,0,0,0,0,109,1,0,21,18,1,0,0,4,0,0,0,0,0,0,0,0,11,0,0,4,0,0,0,3,0,0,0,0,0,0,0,0,1997,980,454,1290,36,14,13,418,220,0,0,53,2,35,0,168,291,12,125,93,0,0,4,2,1,0,0,6,0,0,0,2,2737,584,696,1672,500,112,464,192,41,504,66,270,0,0,0,4,198,11,6,204,183,10,17,25,0,0,2,11,0,0,0,0,4521,881,1855,2449,410,134,212,76,424,5,163,0,342,3,0,260,4360,2192,2323,6470,367,5,575,1028,33,20,379,271,376,0,0,5,0,16,3,4,0,0,0,6,2,0,0,0,0,0,0,0,753,34,12,115,19,1,0,22,1,0,0,2,0,0,0,0,371,6,8,30,184,3,3,4,5,1,13,13,4,2,0,10,1350,1292,535,417,501,183,6,5,13,2,12,5,5,0,2,0,755,14,19,574,173,282,2,121,11,158,2,8,57,37,0,5,119,74,2,251,29,0,0,17,0,2,0,41,16,1,0,8,545,23,4,223,0,17,0,0,0,0,0,0,0,3,0,0,0,0,0,0,14,0,0,0,0,0,0,0,0,0,0,0,0,111,12,16,0,0,0,0,0,0,0,0,0,0,0,0,5924,2800,1757,6757,186,47,8,817,62,3,54,123,496,171,0,830,1359,433,123,1430,2,20,11,262,21,0,0,195,101,7,1,56,1943,876,1149,2969,287,5,14,1214,133,17,3,360,124,63,6,237,462,16,0,134,0,0,0,0,0,0,0,0,0,6,0,11,5722,2689,1731,7115,292,0,3,340,620,216,475,720,213,64,37,158,0,0,3,26,0,162,0,5,0,0,0,0,0,0,0,0,231,0,3,15,0,0,0,0,3,0,0,1,0,0,0,0,3338,890,261,874,466,26,30,270,35,0,16,183,6,305,0,59,1176,434,440,706,124,22,0,30,97,2,4,88,25,3,0
0,22,0,242,133,0,0,0,0,0,0,0,0,0,0,0,0,436,0,0,128,5,153,0,22,0,0,0,0,0,0,0,0,12,75,25,57,0,0,0,0,0,2,0,0,0,0,4,19,294,240,228,307,32,285,8,20,0,0,0,0,0,0,0,0,22,22,14,38,0,12,0,0,0,0,8,0,0,0,0,0,15,114,0,7,0,0,0,13,0,0,0,0,0,0,0,0,545,24,81,55,173,53,13,13,0,0,0,0,0,0,0,0,62,53,0,83,0,0,0,9,0,0,0,0,0,0,0,9,265,7,1,36,2,0,0,0,0,3,0,0,0,0,0,0,0,4,0,0,0,0,0,0,0,0,0,0,0,0,0,0,712,155,0,3,0,0,0,2,0,0,0,0,0,0,0,0,256,477,2,151,0,0,0,49,0,0,0,8,0,8,0,0,0,0,0,0,0,0,0,0,0,0,0,0,0,0,0,1,15,1,26,34,0,0,0,26,6,10,0,90,0,0,0,0,159,12,6,54,0,1,0,0,2,2,0,6,14,0,0,5,0,13,0,0,0,0,0,0,7,0,0,0,0,0,0,0,441,20,0,31,0,5,0,0,6,0,0,1,0,0,0,0,19,18,0,35,0,0,0,1,23,1,0,0,0,1,0,9,55,22,10,89,8,0,0,1,0,0,0,0,17,0,0,0,3,1,3,0,1,1,0,0,0,0,0,0,0,0,0,0,4,168,101,57,0,0,0,0,0,6,0,0,0,0,0,0,8,1,1,115,11,65,2,14,16,0,0,0,0,0,0,0,140,44,2,121,0,0,0,5,0,0,0,0,0,0,0,0,9,0,0,3,0,0,0,0,0,0,0,0,13,0,0,0,36,4,2,36,0,0,10,6,0,0,0,4,0,0,0,64,24,1,0,19,0,0,0,109,0,0,0,1,0,0,0,2,35,8,0,10,1,0,0,0,0,1,0,0,0,0,0,0,0,0,0,17,0,0,0,0,0,0,0,0,0,0,0,0,0,0,0,0,0,0,0,2,0,0,0,0,0,0,2,0,39,39,16,156,0,0,0,0,0,0,0,6,0,0,0,0,32,987,27,56,0,13,0,4,0,0,0,0,0,0,0,0,131,0,1,36,113,0,0,0,0,0,0,0,0,0,0,0,0,0,10,304,0,0,0,128,0,0,0,0,0,0,0,0,143,70,0,95,0,0,0,0,0,0,0,0,0,0,0,0,297,33,0,37,19,0,0,0,0,0,0,0,0,0,0,0,25,3,0,16,0,0,1,0,8,0,0,12,0,0,0,0,634,22,22,69,11,14,0,3,200,0,0,39,0,0,0,0,57,7,0,197,36,0,0,2,0,4,0,0,0,0,0,109,1,0,21,18,1,0,0,4,0,0,0,0,0,0,0,0,11,0,0,4,0,0,0,3,0,0,0,0,0,0,0,0,1997,980,454,1290,36,14,13,418,220,0,0,53,2,35,0,168,291,12,125,93,0,0,4,2,1,0,0,6,0,0,0,2,2737,584,696,1672,500,112,464,192,41,504,66,270,0,0,0,4,198,11,6,204,183,10,17,25,0,0,2,11,0,0,0,0,4521,881,1856,2447,410,134,212,76,424,5,163,0,342,3,0,260,4360,2192,2323,6470,367,5,575,1028,33,20,379,271,376,0,0,5,0,16,3,4,0,0,0,6,2,0,0,0,0,0,0,0,753,34,12,115,19,1,0,22,1,0,0,2,0,0,0,0,371,6,8,30,184,3,3,4,5,1,13,13,4,2,0,10,1350,1292,535,417,501,183,6,5,13,2,12,5,5,0,2,0,755,14,19,574,173,282,2,121,11,158,2,8,57,37,0,5,119,74,2,251,29,0,0,17,0,2,0,41,16,1,0,8,545,23,4,223,0,17,0,0,0,0,0,0,0,3,0,0,0,0,0,0,14,0,0,0,0,0,0,0,0,0,0,0,0,111,12,16,0,0,0,0,0,0,0,0,0,0,0,0,5924,2800,1757,6757,187,47,8,817,62,3,54,123,496,171,0,830,1359,433,123,1430,2,20,11,262,21,0,0,195,101,7,1,56,1943,876,1149,2970,287,5,14,1214,133,17,3,360,124,63,6,237,462,16,0,134,0,0,0,0,0,0,0,0,0,6,0,11,5722,2689,1731,7114,292,0,3,340,620,216,475,721,213,64,37,158,0,0,3,26,0,162,0,5,0,0,0,0,0,0,0,0,231,0,3,15,0,0,0,0,3,0,0,1,0,0,0,0,3338,890,261,874,466,26,30,270,35,0,16,183,6,305,0,59,1176,434,440,706,124,22,0,30,97,2,4,88,25,3,0
0,22,0,242,133,0,0,0,0,0,0,0,0,0,0,0,0,436,0,0,128,5,153,0,22,0,0,0,0,0,0,0,0,12,75,25,57,0,0,0,0,0,2,0,0,0,0,4,19,294,240,228,307,32,285,8,20,0,0,0,0,0,0,0,0,22,22,14,38,0,12,0,0,0,0,8,0,0,0,0,0,15,114,0,7,0,0,0,13,0,0,0,0,0,0,0,0,545,24,81,55,173,53,13,13,0,0,0,0,0,0,0,0,62,53,0,83,0,0,0,9,0,0,0,0,0,0,0,9,265,7,1,36,2,0,0,0,0,3,0,0,0,0,0,0,0,4,0,0,0,0,0,0,0,0,0,0,0,0,0,0,712,155,0,3,0,0,0,2,0,0,0,0,0,0,0,0,256,477,2,151,0,0,0,49,0,0,0,8,0,8,0,0,0,0,0,0,0,0,0,0,0,0,0,0,0,0,0,1,15,1,26,34,0,0,0,26,6,10,0,90,0,0,0,0,159,12,6,54,0,1,0,0,2,2,0,6,14,0,0,5,0,13,0,0,0,0,0,0,7,0,0,0,0,0,0,0,441,20,0,31,0,5,0,0,6,0,0,1,0,0,0,0,19,18,0,35,0,0,0,1,23,1,0,0,0,1,0,9,55,22,10,89,8,0,0,1,0,0,0,0,17,0,0,0,3,1,3,0,1,1,0,0,0,0,0,0,0,0,0,0,4,168,101,57,0,0,0,0,0,6,0,0,0,0,0,0,8,1,1,115,11,65,2,14,16,0,0,0,0,0,0,0,140,44,2,121,0,0,0,5,0,0,0,0,0,0,0,0,9,0,0,3,0,0,0,0,0,0,0,0,13,0,0,0,36,4,2,36,0,0,10,6,0,0,0,4,0,0,0,64,24,1,0,19,0,0,0,109,0,0,0,1,0,0,0,2,35,8,0,10,1,0,0,0,0,1,0,0,0,0,0,0,0,0,0,17,0,0,0,0,0,0,0,0,0,0,0,0,0,0,0,0,0,0,0,2,0,0,0,0,0,0,2,0,39,39,16,156,0,0,0,0,0,0,0,6,0,0,0,0,32,987,27,56,0,13,0,4,0,0,0,0,0,0,0,0,131,0,1,36,113,0,0,0,0,0,0,0,0,0,0,0,0,0,10,304,0,0,0,128,0,0,0,0,0,0,0,0,143,70,0,95,0,0,0,0,0,0,0,0,0,0,0,0,297,33,0,37,19,0,0,0,0,0,0,0,0,0,0,0,25,3,0,16,0,0,1,0,8,0,0,12,0,0,0,0,634,22,22,69,11,14,0,3,200,0,0,39,0,0,0,0,57,7,0,197,36,0,0,2,0,4,0,0,0,0,0,109,1,0,21,18,1,0,0,4,0,0,0,0,0,0,0,0,11,0,0,4,0,0,0,3,0,0,0,0,0,0,0,0,1997,980,454,1290,36,14,13,418,220,0,0,53,2,35,0,168,291,12,125,93,0,0,4,2,1,0,0,6,0,0,0,2,2737,584,696,1671,500,112,464,192,41,504,66,270,0,0,0,4,198,11,6,204,183,10,17,25,0,0,2,11,0,0,0,0,4521,881,1855,2447,410,134,212,76,424,5,163,0,342,3,0,260,4360,2192,2323,6469,367,5,575,1028,33,20,379,271,376,0,0,5,0,16,3,4,0,0,0,6,2,0,0,0,0,0,0,0,753,34,12,115,19,1,0,22,1,0,0,2,0,0,0,0,371,6,8,30,184,3,3,4,5,1,13,13,4,2,0,10,1350,1292,535,417,501,183,6,5,13,2,12,5,5,0,2,0,755,14,19,574,173,282,2,121,11,158,2,8,57,37,0,5,119,74,2,251,29,0,0,17,0,2,0,41,16,1,0,8,545,23,4,223,0,17,0,0,0,0,0,0,0,3,0,0,0,0,0,0,14,0,0,0,0,0,0,0,0,0,0,0,0,111,12,16,0,0,0,0,0,0,0,0,0,0,0,0,5924,2800,1757,6757,186,47,8,817,62,3,54,123,496,171,0,830,1359,433,123,1430,2,20,11,262,21,0,0,195,101,7,1,56,1943,876,1149,2968,287,5,14,1214,133,17,3,360,124,63,6,237,462,16,0,134,0,0,0,0,0,0,0,0,0,6,0,11,5722,2689,1731,7114,292,0,3,340,620,216,475,720,213,64,37,158,0,0,3,26,0,162,0,5,0,0,0,0,0,0,0,0,231,0,3,15,0,0,0,0,3,0,0,1,0,0,0,0,3338,890,261,874,466,26,30,270,35,0,16,183,6,305,0,59,1176,434,440,706,124,22,0,30,97,2,4,88,25,3,0
0,22,0,242,133,0,0,0,0,0,0,0,0,0,0,0,0,436,0,0,128,5,153,0,22,0,0,0,0,0,0,0,0,12,75,25,57,0,0,0,0,0,2,0,0,0,0,4,19,294,240,228,307,32,285,8,20,0,0,0,0,0,0,0,0,22,22,14,38,0,12,0,0,0,0,8,0,0,0,0,0,15,114,0,7,0,0,0,13,0,0,0,0,0,0,0,0,545,24,81,55,173,53,13,13,0,0,0,0,0,0,0,0,62,53,0,83,0,0,0,9,0,0,0,0,0,0,0,9,265,7,1,36,2,0,0,0,0,3,0,0,0,0,0,0,0,4,0,0,0,0,0,0,0,0,0,0,0,0,0,0,712,155,0,3,0,0,0,2,0,0,0,0,0,0,0,0,256,477,2,151,0,0,0,49,0,0,0,8,0,8,0,0,0,0,0,0,0,0,0,0,0,0,0,0,0,0,0,1,15,1,26,34,0,0,0,26,6,10,0,90,0,0,0,0,159,12,6,54,0,1,0,0,2,2,0,6,14,0,0,5,0,13,0,0,0,0,0,0,7,0,0,0,0,0,0,0,441,20,0,31,0,5,0,0,6,0,0,1,0,0,0,0,19,18,0,35,0,0,0,1,23,1,0,0,0,1,0,9,55,22,10,89,8,0,0,1,0,0,0,0,17,0,0,0,3,1,3,0,1,1,0,0,0,0,0,0,0,0,0,0,4,168,101,57,0,0,0,0,0,6,0,0,0,0,0,0,8,1,1,115,11,65,2,14,16,0,0,0,0,0,0,0,140,44,2,121,0,0,0,5,0,0,0,0,0,0,0,0,9,0,0,3,0,0,0,0,0,0,0,0,13,0,0,0,36,4,2,36,0,0,10,6,0,0,0,4,0,0,0,64,24,1,0,19,0,0,0,109,0,0,0,1,0,0,0,2,35,8,0,10,1,0,0,0,0,1,0,0,0,0,0,0,0,0,0,17,0,0,0,0,0,0,0,0,0,0,0,0,0,0,0,0,0,0,0,2,0,0,0,0,0,0,2,0,39,39,16,156,0,0,0,0,0,0,0,6,0,0,0,0,32,988,27,56,0,13,0,4,0,0,0,0,0,0,0,0,131,0,1,36,113,0,0,0,0,0,0,0,0,0,0,0,0,0,10,304,0,0,0,128,0,0,0,0,0,0,0,0,143,70,0,95,0,0,0,0,0,0,0,0,0,0,0,0,297,33,0,37,19,0,0,0,0,0,0,0,0,0,0,0,25,3,0,16,0,0,1,0,8,0,0,12,0,0,0,0,634,22,22,69,11,14,0,3,200,0,0,39,0,0,0,0,57,7,0,197,36,0,0,2,0,4,0,0,0,0,0,109,1,0,21,18,1,0,0,4,0,0,0,0,0,0,0,0,11,0,0,4,0,0,0,3,0,0,0,0,0,0,0,0,1997,980,454,1290,36,14,13,418,220,0,0,53,2,35,0,168,291,12,125,93,0,0,4,2,1,0,0,6,0,0,0,2,2738,584,696,1671,500,112,465,192,41,505,66,270,0,0,0,4,198,11,6,204,183,10,17,25,0,0,2,11,0,0,0,0,4522,881,1855,2447,410,134,212,76,424,5,163,0,342,3,0,260,4360,2192,2324,6469,367,5,576,1029,33,20,379,271,376,0,0,5,0,16,3,4,0,0,0,6,2,0,0,0,0,0,0,0,753,34,12,115,19,1,0,22,1,0,0,2,0,0,0,0,371,6,8,30,184,3,3,4,5,1,13,13,4,2,0,10,1350,1293,535,417,501,183,6,5,13,2,12,5,5,0,2,0,756,14,19,575,173,282,2,121,11,158,2,8,57,37,0,5,119,74,2,251,29,0,0,17,0,2,0,41,16,1,0,8,545,23,4,223,0,17,0,0,0,0,0,0,0,3,0,0,0,0,0,0,14,0,0,0,0,0,0,0,0,0,0,0,0,111,12,16,0,0,0,0,0,0,0,0,0,0,0,0,5926,2800,1758,6759,186,47,8,818,62,3,54,123,496,171,0,830,1359,433,123,1430,2,20,11,262,21,0,0,195,101,7,1,56,1944,876,1149,2968,287,5,14,1216,133,17,3,360,124,63,6,237,462,16,0,134,0,0,0,0,0,0,0,0,0,6,0,11,5722,2689,1731,7114,292,0,3,340,620,216,475,720,213,64,37,158,0,0,3,26,0,162,0,5,0,0,0,0,0,0,0,0,231,0,3,15,0,0,0,0,3,0,0,1,0,0,0,0,3338,890,261,874,466,26,30,270,35,0,16,183,6,305,0,59,1176,434,440,706,124,22,0,30,97,2,4,88,25,3,0
0,22,0,242,133,0,0,0,0,0,0,0,0,0,0,0,0,436,0,0,128,5,153,0,22,0,0,0,0,0,0,0,0,12,75,25,57,0,0,0,0,0,2,0,0,0,0,4,19,294,240,228,307,32,285,8,20,0,0,0,0,0,0,0,0,22,22,14,38,0,12,0,0,0,0,8,0,0,0,0,0,15,114,0,7,0,0,0,13,0,0,0,0,0,0,0,0,545,24,81,55,173,53,13,13,0,0,0,0,0,0,0,0,62,53,0,83,0,0,0,9,0,0,0,0,0,0,0,9,265,7,1,36,2,0,0,0,0,3,0,0,0,0,0,0,0,4,0,0,0,0,0,0,0,0,0,0,0,0,0,0,712,155,0,3,0,0,0,2,0,0,0,0,0,0,0,0,256,477,2,151,0,0,0,49,0,0,0,8,0,8,0,0,0,0,0,0,0,0,0,0,0,0,0,0,0,0,0,1,15,1,26,34,0,0,0,26,6,10,0,90,0,0,0,0,159,12,6,54,0,1,0,0,2,2,0,6,14,0,0,5,0,13,0,0,0,0,0,0,7,0,0,0,0,0,0,0,441,20,0,31,0,5,0,0,6,0,0,1,0,0,0,0,19,18,0,35,0,0,0,1,23,1,0,0,0,1,0,9,55,22,10,89,8,0,0,1,0,0,0,0,17,0,0,0,3,1,3,0,1,1,0,0,0,0,0,0,0,0,0,0,4,168,101,57,0,0,0,0,0,6,0,0,0,0,0,0,8,1,1,115,11,65,2,14,16,0,0,0,0,0,0,0,140,44,2,121,0,0,0,5,0,0,0,0,0,0,0,0,9,0,0,3,0,0,0,0,0,0,0,0,13,0,0,0,36,4,2,36,0,0,10,6,0,0,0,4,0,0,0,64,24,1,0,19,0,0,0,109,0,0,0,1,0,0,0,2,35,8,0,10,1,0,0,0,0,1,0,0,0,0,0,0,0,0,0,17,0,0,0,0,0,0,0,0,0,0,0,0,0,0,0,0,0,0,0,2,0,0,0,0,0,0,2,0,39,39,16,156,0,0,0,0,0,0,0,6,0,0,0,0,32,987,27,56,0,13,0,4,0,0,0,0,0,0,0,0,131,0,1,36,113,0,0,0,0,0,0,0,0,0,0,0,0,0,10,304,0,0,0,128,0,0,0,0,0,0,0,0,143,70,0,95,0,0,0,0,0,0,0,0,0,0,0,0,297,33,0,37,19,0,0,0,0,0,0,0,0,0,0,0,25,3,0,16,0,0,1,0,8,0,0,12,0,0,0,0,634,22,22,69,11,14,0,3,200,0,0,39,0,0,0,0,57,7,0,197,36,0,0,2,0,4,0,0,0,0,0,109,1,0,21,18,1,0,0,4,0,0,0,0,0,0,0,0,11,0,0,4,0,0,0,3,0,0,0,0,0,0,0,0,1997,980,454,1290,36,14,13,418,220,0,0,53,2,35,0,168,291,12,125,93,0,0,4,2,1,0,0,6,0,0,0,2,2737,584,696,1671,500,112,464,192,41,504,66,270,0,0,0,4,198,11,6,204,183,10,17,25,0,0,2,11,0,0,0,0,4521,881,1855,2448,410,134,212,76,424,5,163,0,342,3,0,260,4361,2192,2323,6470,367,5,575,1028,33,20,379,271,376,0,0,5,0,16,3,4,0,0,0,6,2,0,0,0,0,0,0,0,753,34,12,115,19,1,0,22,1,0,0,2,0,0,0,0,371,6,8,30,184,3,3,4,5,1,13,13,4,2,0,10,1350,1292,535,417,501,183,6,5,13,2,12,5,5,0,2,0,755,14,19,574,173,282,2,121,11,158,2,8,57,37,0,5,119,74,2,251,29,0,0,17,0,2,0,41,16,1,0,8,545,23,4,223,0,17,0,0,0,0,0,0,0,3,0,0,0,0,0,0,14,0,0,0,0,0,0,0,0,0,0,0,0,111,12,16,0,0,0,0,0,0,0,0,0,0,0,0,5924,2800,1757,6757,186,47,8,817,62,3,54,123,496,171,0,830,1359,433,123,1430,2,20,11,262,21,0,0,195,101,7,1,56,1943,876,1149,2969,287,5,14,1214,133,17,3,360,124,63,6,237,462,16,0,134,0,0,0,0,0,0,0,0,0,6,0,11,5722,2691,1731,7115,292,0,3,340,620,216,475,720,213,64,37,158,0,0,3,26,0,162,0,5,0,0,0,0,0,0,0,0,231,0,3,15,0,0,0,0,3,0,0,1,0,0,0,0,3338,890,261,874,466,26,30,270,35,0,16,183,6,305,0,59,1176,434,440,706,124,22,0,30,97,2,4,88,25,3,0
0,22,0,242,133,0,0,0,0,0,0,0,0,0,0,0,0,436,0,0,128,5,153,0,22,0,0,0,0,0,0,0,0,12,75,25,57,0,0,0,0,0,2,0,0,0,0,4,19,294,240,228,307,32,285,8,20,0,0,0,0,0,0,0,0,22,22,14,38,0,12,0,0,0,0,8,0,0,0,0,0,15,114,0,7,0,0,0,13,0,0,0,0,0,0,0,0,545,24,81,55,173,53,13,13,0,0,0,0,0,0,0,0,62,53,0,83,0,0,0,9,0,0,0,0,0,0,0,9,265,7,1,36,2,0,0,0,0,3,0,0,0,0,0,0,0,4,0,0,0,0,0,0,0,0,0,0,0,0,0,0,712,155,0,3,0,0,0,2,0,0,0,0,0,0,0,0,256,477,2,151,0,0,0,49,0,0,0,8,0,8,0,0,0,0,0,0,0,0,0,0,0,0,0,0,0,0,0,1,15,1,26,34,0,0,0,26,6,10,0,90,0,0,0,0,159,12,6,54,0,1,0,0,2,2,0,6,14,0,0,5,0,13,0,0,0,0,0,0,7,0,0,0,0,0,0,0,441,20,0,31,0,5,0,0,6,0,0,1,0,0,0,0,19,18,0,35,0,0,0,1,23,1,0,0,0,1,0,9,55,22,10,89,8,0,0,1,0,0,0,0,17,0,0,0,3,1,3,0,1,1,0,0,0,0,0,0,0,0,0,0,4,168,101,57,0,0,0,0,0,6,0,0,0,0,0,0,8,1,1,115,11,65,2,14,16,0,0,0,0,0,0,0,140,44,2,121,0,0,0,5,0,0,0,0,0,0,0,0,9,0,0,3,0,0,0,0,0,0,0,0,13,0,0,0,36,4,2,36,0,0,10,6,0,0,0,4,0,0,0,64,24,1,0,19,0,0,0,109,0,0,0,1,0,0,0,2,35,8,0,10,1,0,0,0,0,1,0,0,0,0,0,0,0,0,0,17,0,0,0,0,0,0,0,0,0,0,0,0,0,0,0,0,0,0,0,2,0,0,0,0,0,0,2,0,39,39,16,156,0,0,0,0,0,0,0,6,0,0,0,0,32,987,27,56,0,13,0,4,0,0,0,0,0,0,0,0,131,0,1,36,113,0,0,0,0,0,0,0,0,0,0,0,0,0,10,304,0,0,0,128,0,0,0,0,0,0,0,0,143,70,0,95,0,0,0,0,0,0,0,0,0,0,0,0,297,33,0,37,19,0,0,0,0,0,0,0,0,0,0,0,25,3,0,16,0,0,1,0,8,0,0,12,0,0,0,0,634,22,22,69,11,14,0,3,200,0,0,39,0,0,0,0,57,7,0,197,36,0,0,2,0,4,0,0,0,0,0,109,1,0,21,18,1,0,0,4,0,0,0,0,0,0,0,0,11,0,0,4,0,0,0,3,0,0,0,0,0,0,0,0,1997,980,454,1290,36,14,13,418,220,0,0,53,2,35,0,168,291,12,125,93,0,0,4,2,1,0,0,6,0,0,0,2,2737,584,696,1671,500,112,464,192,41,504,66,270,0,0,0,4,198,11,6,204,183,10,17,25,0,0,2,11,0,0,0,0,4521,881,1855,2447,410,134,212,76,424,5,163,0,342,3,0,260,4360,2192,2323,6469,367,5,575,1028,33,20,379,271,376,0,0,5,0,16,3,4,0,0,0,6,2,0,0,0,0,0,0,0,753,34,12,115,19,1,0,22,1,0,0,2,0,0,0,0,371,6,8,30,184,3,3,4,5,1,13,13,4,2,0,10,1350,1292,535,417,501,183,6,5,13,2,12,5,5,0,2,0,755,14,19,574,173,282,2,121,11,158,2,8,57,37,0,5,119,74,2,251,29,0,0,17,0,2,0,41,16,1,0,8,545,23,4,223,0,17,0,0,0,0,0,0,0,3,0,0,0,0,0,0,14,0,0,0,0,0,0,0,0,0,0,0,0,111,12,16,0,0,0,0,0,0,0,0,0,0,0,0,5924,2800,1757,6757,186,47,8,817,62,3,54,123,496,171,0,830,1359,433,123,1430,2,20,11,262,21,0,0,195,101,7,1,56,1943,876,1149,2968,287,5,14,1214,133,17,3,360,124,63,6,237,462,16,0,134,0,0,0,0,0,0,0,0,0,6,0,11,5722,2689,1731,7113,292,0,3,340,620,216,475,720,213,64,37,158,0,0,3,26,0,162,0,5,0,0,0,0,0,0,0,0,231,0,3,15,0,0,0,0,3,0,0,1,0,0,0,0,3338,890,261,874,466,26,30,270,35,0,16,183,6,305,0,59,1176,434,440,706,124,22,0,30,97,2,4,88,25,3,0
0,22,0,242,133,0,0,0,0,0,0,0,0,0,0,0,0,436,0,0,128,5,153,0,22,0,0,0,0,0,0,0,0,12,75,25,57,0,0,0,0,0,2,0,0,0,0,4,19,294,240,228,307,32,285,8,20,0,0,0,0,0,0,0,0,22,22,14,38,0,12,0,0,0,0,8,0,0,0,0,0,15,114,0,7,0,0,0,13,0,0,0,0,0,0,0,0,545,24,81,55,173,53,13,13,0,0,0,0,0,0,0,0,62,53,0,83,0,0,0,9,0,0,0,0,0,0,0,9,265,7,1,36,2,0,0,0,0,3,0,0,0,0,0,0,0,4,0,0,0,0,0,0,0,0,0,0,0,0,0,0,714,155,0,3,0,0,0,2,0,0,0,0,0,0,0,0,256,477,2,151,0,0,0,49,0,0,0,8,0,8,0,0,0,0,0,0,0,0,0,0,0,0,0,0,0,0,0,1,15,1,26,34,0,0,0,26,6,10,0,90,0,0,0,0,159,12,6,54,0,1,0,0,2,2,0,6,14,0,0,5,0,13,0,0,0,0,0,0,7,0,0,0,0,0,0,0,441,20,0,31,0,5,0,0,6,0,0,1,0,0,0,0,19,18,0,35,0,0,0,1,23,1,0,0,0,1,0,9,55,22,10,89,8,0,0,1,0,0,0,0,17,0,0,0,3,1,3,0,1,1,0,0,0,0,0,0,0,0,0,0,4,168,101,57,0,0,0,0,0,6,0,0,0,0,0,0,8,1,1,115,11,65,2,14,16,0,0,0,0,0,0,0,140,44,2,121,0,0,0,5,0,0,0,0,0,0,0,0,9,0,0,3,0,0,0,0,0,0,0,0,13,0,0,0,36,4,2,36,0,0,10,6,0,0,0,4,0,0,0,64,24,1,0,19,0,0,0,109,0,0,0,1,0,0,0,2,35,8,0,10,1,0,0,0,0,1,0,0,0,0,0,0,0,0,0,17,0,0,0,0,0,0,0,0,0,0,0,0,0,0,0,0,0,0,0,2,0,0,0,0,0,0,2,0,39,39,16,156,0,0,0,0,0,0,0,6,0,0,0,0,32,987,27,56,0,13,0,4,0,0,0,0,0,0,0,0,131,0,1,36,113,0,0,0,0,0,0,0,0,0,0,0,0,0,10,304,0,0,0,128,0,0,0,0,0,0,0,0,143,70,0,95,0,0,0,0,0,0,0,0,0,0,0,0,297,33,0,37,19,0,0,0,0,0,0,0,0,0,0,0,25,3,0,16,0,0,1,0,8,0,0,12,0,0,0,0,634,22,22,69,11,14,0,3,200,0,0,39,0,0,0,0,57,7,0,197,36,0,0,2,0,4,0,0,0,0,0,109,1,0,21,18,1,0,0,4,0,0,0,0,0,0,0,0,11,0,0,4,0,0,0,3,0,0,0,0,0,0,0,0,1997,980,454,1290,36,14,13,418,220,0,0,53,2,35,0,168,291,12,125,93,0,0,4,2,1,0,0,6,0,0,0,2,2737,584,696,1671,500,112,464,192,41,504,66,270,0,0,0,4,198,11,6,204,183,10,17,25,0,0,2,11,0,0,0,0,4521,881,1855,2447,410,134,212,76,424,5,163,0,342,3,0,261,4361,2192,2323,6470,367,5,575,1029,33,20,379,271,376,0,0,5,0,16,3,4,0,0,0,6,2,0,0,0,0,0,0,0,753,34,12,115,19,1,0,22,1,0,0,2,0,0,0,0,371,6,8,30,184,3,3,4,5,1,13,13,4,2,0,10,1350,1292,535,417,501,183,6,5,13,2,12,5,5,0,2,0,755,14,19,574,173,282,2,121,11,158,2,8,57,37,0,5,119,74,2,251,29,0,0,17,0,2,0,41,16,1,0,8,545,23,4,223,0,17,0,0,0,0,0,0,0,3,0,0,0,0,0,0,14,0,0,0,0,0,0,0,0,0,0,0,0,111,12,16,0,0,0,0,0,0,0,0,0,0,0,0,5924,2800,1757,6757,186,47,8,817,62,3,54,123,496,171,0,830,1359,433,123,1430,2,20,11,262,21,0,0,195,101,7,1,56,1943,876,1149,2968,287,5,14,1214,133,17,3,360,124,63,6,237,462,16,0,134,0,0,0,0,0,0,0,0,0,6,0,11,5722,2689,1731,7113,292,0,3,340,620,216,475,720,213,64,37,158,0,0,3,26,0,162,0,5,0,0,0,0,0,0,0,0,231,0,3,15,0,0,0,0,3,0,0,1,0,0,0,0,3339,890,261,874,466,26,30,270,35,0,16,183,6,305,0,59,1176,434,440,706,124,22,0,30,97,2,4,88,25,3,0
0,22,0,242,133,0,0,0,0,0,0,0,0,0,0,0,0,436,0,0,128,5,153,0,22,0,0,0,0,0,0,0,0,12,75,25,57,0,0,0,0,0,2,0,0,0,0,4,19,294,240,228,307,32,285,8,20,0,0,0,0,0,0,0,0,22,22,14,38,0,12,0,0,0,0,8,0,0,0,0,0,15,114,0,7,0,0,0,13,0,0,0,0,0,0,0,0,545,24,81,55,173,53,13,13,0,0,0,0,0,0,0,0,62,53,0,83,0,0,0,9,0,0,0,0,0,0,0,9,265,7,1,36,2,0,0,0,0,3,0,0,0,0,0,0,0,4,0,0,0,0,0,0,0,0,0,0,0,0,0,0,712,155,0,3,0,0,0,2,0,0,0,0,0,0,0,0,256,477,2,151,0,0,0,49,0,0,0,8,0,8,0,0,0,0,0,0,0,0,0,0,0,0,0,0,0,0,0,1,15,1,26,34,0,0,0,26,6,10,0,90,0,0,0,0,159,12,6,54,0,1,0,0,2,2,0,6,14,0,0,5,0,13,0,0,0,0,0,0,7,0,0,0,0,0,0,0,441,20,0,31,0,5,0,0,6,0,0,1,0,0,0,0,19,18,0,35,0,0,0,1,23,1,0,0,0,1,0,9,55,22,10,89,8,0,0,1,0,0,0,0,17,0,0,0,3,1,3,0,1,1,0,0,0,0,0,0,0,0,0,0,4,168,101,57,0,0,0,0,0,6,0,0,0,0,0,0,8,1,1,115,11,65,2,14,16,0,0,0,0,0,0,0,140,44,2,121,0,0,0,5,0,0,0,0,0,0,0,0,9,0,0,3,0,0,0,0,0,0,0,0,13,0,0,0,36,4,2,36,0,0,10,6,0,0,0,4,0,0,0,64,24,1,0,19,0,0,0,109,0,0,0,1,0,0,0,2,35,8,0,10,1,0,0,0,0,1,0,0,0,0,0,0,0,0,0,17,0,0,0,0,0,0,0,0,0,0,0,0,0,0,0,0,0,0,0,2,0,0,0,0,0,0,2,0,39,39,16,156,0,0,0,0,0,0,0,6,0,0,0,0,32,987,27,56,0,13,0,4,0,0,0,0,0,0,0,0,131,0,1,36,113,0,0,0,0,0,0,0,0,0,0,0,0,0,10,304,0,0,0,128,0,0,0,0,0,0,0,0,143,70,0,95,0,0,0,0,0,0,0,0,0,0,0,0,297,33,0,37,19,0,0,0,0,0,0,0,0,0,0,0,25,3,0,16,0,0,1,0,8,0,0,12,0,0,0,0,634,22,22,69,11,14,0,3,200,0,0,39,0,0,0,0,57,7,0,197,36,0,0,2,0,4,0,0,0,0,0,109,1,0,21,18,1,0,0,4,0,0,0,0,0,0,0,0,11,0,0,4,0,0,0,3,0,0,0,0,0,0,0,0,1997,980,454,1290,36,14,13,418,220,0,0,53,2,35,0,168,291,12,125,93,0,0,4,2,1,0,0,6,0,0,0,2,2737,584,696,1671,500,112,464,192,41,504,66,270,0,0,0,4,198,11,6,204,183,10,17,25,0,0,2,11,0,0,0,0,4521,881,1855,2447,410,134,212,76,424,5,163,0,342,3,0,260,4360,2192,2323,6469,367,5,575,1028,33,20,379,271,376,0,0,5,0,16,3,4,0,0,0,6,2,0,0,0,0,0,0,0,753,34,12,115,19,1,0,22,1,0,0,2,0,0,0,0,371,6,8,30,184,3,3,4,5,1,13,13,4,2,0,10,1350,1292,535,417,501,183,6,5,13,2,12,5,5,0,2,0,755,14,19,574,173,282,2,121,11,158,2,8,57,37,0,5,119,74,2,251,29,0,0,17,0,2,0,41,16,1,0,8,545,23,4,223,0,17,0,0,0,0,0,0,0,3,0,0,0,0,0,0,14,0,0,0,0,0,0,0,0,0,0,0,0,111,12,16,0,0,0,0,0,0,0,0,0,0,0,0,5925,2800,1757,6757,186,47,8,817,62,3,54,123,496,171,0,830,1360,433,123,1430,2,20,11,262,21,0,0,195,101,7,1,56,1943,876,1149,2968,287,5,14,1214,133,17,3,360,124,63,6,237,463,16,0,134,0,0,0,0,0,0,0,0,0,6,0,11,5722,2689,1731,7113,292,0,3,340,620,216,475,721,213,64,37,158,0,0,3,26,0,162,0,5,0,0,0,0,0,0,0,0,231,0,3,15,0,0,0,0,3,0,0,1,0,0,0,0,3338,890,261,874,466,26,30,270,35,0,16,183,6,305,0,59,1176,434,440,706,124,22,0,30,97,2,4,88,25,3,0
0,22,0,242,133,0,0,0,0,0,0,0,0,0,0,0,0,436,0,0,128,5,153,0,22,0,0,0,0,0,0,0,0,12,75,25,57,0,0,0,0,0,2,0,0,0,0,4,19,294,240,228,307,32,285,8,20,0,0,0,0,0,0,0,0,22,22,14,38,0,12,0,0,0,0,8,0,0,0,0,0,15,114,0,7,0,0,0,13,0,0,0,0,0,0,0,0,545,24,81,55,173,53,13,13,0,0,0,0,0,0,0,0,62,53,0,83,0,0,0,9,0,0,0,0,0,0,0,9,265,7,1,36,2,0,0,0,0,3,0,0,0,0,0,0,0,4,0,0,0,0,0,0,0,0,0,0,0,0,0,0,712,155,0,3,0,0,0,2,0,0,0,0,0,0,0,0,256,477,2,151,0,0,0,49,0,0,0,8,0,8,0,0,0,0,0,0,0,0,0,0,0,0,0,0,0,0,0,1,15,1,26,34,0,0,0,26,6,10,0,90,0,0,0,0,159,12,6,54,0,1,0,0,2,2,0,6,14,0,0,5,0,13,0,0,0,0,0,0,7,0,0,0,0,0,0,0,441,20,0,31,0,5,0,0,6,0,0,1,0,0,0,0,19,18,0,35,0,0,0,1,23,1,0,0,0,1,0,9,55,22,10,89,8,0,0,1,0,0,0,0,17,0,0,0,3,1,3,0,1,1,0,0,0,0,0,0,0,0,0,0,4,168,101,57,0,0,0,0,0,6,0,0,0,0,0,0,8,1,1,115,11,65,2,14,16,0,0,0,0,0,0,0,140,44,2,121,0,0,0,5,0,0,0,0,0,0,0,0,9,0,0,3,0,0,0,0,0,0,0,0,13,0,0,0,36,4,2,36,0,0,10,6,0,0,0,4,0,0,0,64,24,1,0,19,0,0,0,109,0,0,0,1,0,0,0,2,35,8,0,10,1,0,0,0,0,1,0,0,0,0,0,0,0,0,0,17,0,0,0,0,0,0,0,0,0,0,0,0,0,0,0,0,0,0,0,2,0,0,0,0,0,0,2,0,39,39,16,156,0,0,0,0,0,0,0,6,0,0,0,0,32,987,27,56,0,13,0,4,0,0,0,0,0,0,0,0,131,0,1,36,113,0,0,0,0,0,0,0,0,0,0,0,0,0,10,304,0,0,0,128,0,0,0,0,0,0,0,0,143,70,0,95,0,0,0,0,0,0,0,0,0,0,0,0,297,33,0,37,19,0,0,0,0,0,0,0,0,0,0,0,25,3,0,16,0,0,1,0,8,0,0,12,0,0,0,0,634,22,22,69,11,14,0,3,200,0,0,39,0,0,0,0,57,7,0,197,36,0,0,2,0,4,0,0,0,0,0,109,1,0,21,18,1,0,0,4,0,0,0,0,0,0,0,0,11,0,0,4,0,0,0,3,0,0,0,0,0,0,0,0,1997,980,454,1290,36,14,13,418,220,0,0,53,2,35,0,168,291,12,125,93,0,0,4,2,1,0,0,6,0,0,0,2,2737,584,696,1671,500,112,464,192,41,504,66,270,0,0,0,4,198,11,6,204,183,10,17,25,0,0,2,11,0,0,0,0,4521,881,1855,2447,410,134,212,76,424,5,163,0,342,3,0,260,4360,2192,2323,6469,367,5,575,1028,33,20,379,271,376,0,0,5,0,16,3,4,0,0,0,6,2,0,0,0,0,0,0,0,753,34,12,115,19,1,0,22,1,0,0,2,0,0,0,0,371,6,8,30,184,3,3,4,5,1,13,13,4,2,0,10,1350,1292,535,417,501,183,6,5,13,2,12,5,5,0,2,0,755,14,19,574,173,282,2,121,11,158,2,8,57,37,0,5,119,74,2,251,29,0,0,17,0,2,0,41,16,1,0,8,545,23,4,223,0,17,0,0,0,0,0,0,0,3,0,0,0,0,0,0,14,0,0,0,0,0,0,0,0,0,0,0,0,111,12,16,0,0,0,0,0,0,0,0,0,0,0,0,5924,2800,1757,6757,186,47,8,817,62,3,54,123,496,171,0,830,1359,433,123,1430,2,20,11,262,21,0,0,195,101,7,1,56,1943,876,1149,2968,287,5,14,1214,133,17,3,360,124,63,6,237,462,16,0,134,0,0,0,0,0,0,0,0,0,6,0,11,5722,2689,1731,7113,292,0,3,340,620,216,475,720,213,64,37,158,0,0,3,26,0,162,0,5,0,0,0,0,0,0,0,0,231,0,3,15,0,0,0,0,3,0,0,1,0,0,0,0,3338,890,261,874,466,26,30,270,35,0,16,183,6,305,0,59,1176,434,440,706,124,22,0,30,97,2,4,88,25,3,0
0,22,0,242,133,0,0,0,0,0,0,0,0,0,0,0,0,436,0,0,128,5,153,0,22,0,0,0,0,0,0,0,0,12,75,25,57,0,0,0,0,0,2,0,0,0,0,4,19,294,240,228,307,32,285,8,20,0,0,0,0,0,0,0,0,22,22,14,38,0,12,0,0,0,0,8,0,0,0,0,0,15,114,0,7,0,0,0,13,0,0,0,0,0,0,0,0,545,24,81,55,173,53,13,13,0,0,0,0,0,0,0,0,62,53,0,83,0,0,0,9,0,0,0,0,0,0,0,9,265,7,1,36,2,0,0,0,0,3,0,0,0,0,0,0,0,4,0,0,0,0,0,0,0,0,0,0,0,0,0,0,712,155,0,3,0,0,0,2,0,0,0,0,0,0,0,0,256,477,2,151,0,0,0,49,0,0,0,8,0,8,0,0,0,0,0,0,0,0,0,0,0,0,0,0,0,0,0,1,15,1,26,34,0,0,0,26,6,10,0,90,0,0,0,0,159,12,6,54,0,1,0,0,2,2,0,6,14,0,0,5,0,13,0,0,0,0,0,0,7,0,0,0,0,0,0,0,441,20,0,31,0,5,0,0,6,0,0,1,0,0,0,0,19,18,0,35,0,0,0,1,23,1,0,0,0,1,0,9,55,22,10,89,8,0,0,1,0,0,0,0,17,0,0,0,3,1,3,0,1,1,0,0,0,0,0,0,0,0,0,0,4,168,101,57,0,0,0,0,0,6,0,0,0,0,0,0,8,1,1,115,11,65,2,14,16,0,0,0,0,0,0,0,140,44,2,121,0,0,0,5,0,0,0,0,0,0,0,0,9,0,0,3,0,0,0,0,0,0,0,0,13,0,0,0,36,4,2,36,0,0,10,6,0,0,0,4,0,0,0,64,24,1,0,19,0,0,0,109,0,0,0,1,0,0,0,2,35,8,0,10,1,0,0,0,0,1,0,0,0,0,0,0,0,0,0,17,0,0,0,0,0,0,0,0,0,0,0,0,0,0,0,0,0,0,0,2,0,0,0,0,0,0,2,0,39,39,16,156,0,0,0,0,0,0,0,6,0,0,0,0,32,987,27,56,0,13,0,4,0,0,0,0,0,0,0,0,131,0,1,36,113,0,0,0,0,0,0,0,0,0,0,0,0,0,10,304,0,0,0,128,0,0,0,0,0,0,0,0,143,70,0,95,0,0,0,0,0,0,0,0,0,0,0,0,297,33,0,37,19,0,0,0,0,0,0,0,0,0,0,0,25,3,0,16,0,0,1,0,8,0,0,12,0,0,0,0,634,22,22,69,11,14,0,3,200,0,0,39,0,0,0,0,57,7,0,197,36,0,0,2,0,4,0,0,0,0,0,109,1,0,21,18,1,0,0,4,0,0,0,0,0,0,0,0,11,0,0,4,0,0,0,3,0,0,0,0,0,0,0,0,1997,980,454,1290,36,14,13,418,220,0,0,53,2,35,0,168,291,12,125,93,0,0,4,2,1,0,0,6,0,0,0,2,2737,584,696,1671,500,112,464,192,41,504,66,270,0,0,0,4,198,11,6,204,183,10,17,25,0,0,2,11,0,0,0,0,4521,881,1855,2448,410,134,212,76,424,5,163,0,342,3,0,260,4361,2192,2323,6470,367,5,575,1028,33,20,379,271,376,0,0,5,0,16,3,4,0,0,0,6,2,0,0,0,0,0,0,0,753,34,12,115,19,1,0,22,1,0,0,2,0,0,0,0,371,6,8,30,184,3,3,4,5,1,13,13,4,2,0,10,1350,1292,535,417,501,183,6,5,13,2,12,5,5,0,2,0,755,14,19,574,173,282,2,121,11,158,2,8,57,37,0,5,119,74,2,251,29,0,0,17,0,2,0,41,16,1,0,8,545,23,4,223,0,17,0,0,0,0,0,0,0,3,0,0,0,0,0,0,14,0,0,0,0,0,0,0,0,0,0,0,0,111,12,16,0,0,0,0,0,0,0,0,0,0,0,0,5924,2800,1757,6757,186,47,8,817,62,3,54,123,496,171,0,830,1359,433,123,1430,2,20,11,262,21,0,0,195,101,7,1,56,1943,876,1149,2969,287,5,14,1214,133,17,3,360,124,63,6,237,462,16,0,134,0,0,0,0,0,0,0,0,0,6,0,11,5722,2691,1731,7115,292,0,3,340,620,216,475,720,213,64,37,158,0,0,3,26,0,162,0,5,0,0,0,0,0,0,0,0,231,0,3,15,0,0,0,0,3,0,0,1,0,0,0,0,3338,890,261,874,466,26,30,270,35,0,16,183,6,305,0,59,1176,434,440,706,124,22,0,30,97,2,4,88,25,3,0
0,22,0,242,133,0,0,0,0,0,0,0,0,0,0,0,0,436,0,0,128,5,153,0,22,0,0,0,0,0,0,0,0,12,75,25,57,0,0,0,0,0,2,0,0,0,0,4,19,294,240,228,307,32,285,8,20,0,0,0,0,0,0,0,0,22,22,14,38,0,12,0,0,0,0,8,0,0,0,0,0,15,114,0,7,0,0,0,13,0,0,0,0,0,0,0,0,545,24,81,55,173,53,13,13,0,0,0,0,0,0,0,0,62,53,0,83,0,0,0,9,0,0,0,0,0,0,0,9,265,7,1,36,2,0,0,0,0,3,0,0,0,0,0,0,0,4,0,0,0,0,0,0,0,0,0,0,0,0,0,0,712,155,0,3,0,0,0,2,0,0,0,0,0,0,0,0,256,477,2,151,0,0,0,49,0,0,0,8,0,8,0,0,0,0,0,0,0,0,0,0,0,0,0,0,0,0,0,1,15,1,26,34,0,0,0,26,6,10,0,90,0,0,0,0,159,12,6,54,0,1,0,0,2,2,0,6,14,0,0,5,0,13,0,0,0,0,0,0,7,0,0,0,0,0,0,0,441,20,0,31,0,5,0,0,6,0,0,1,0,0,0,0,19,18,0,35,0,0,0,1,23,1,0,0,0,1,0,9,55,22,10,89,8,0,0,1,0,0,0,0,17,0,0,0,3,1,3,0,1,1,0,0,0,0,0,0,0,0,0,0,4,168,101,57,0,0,0,0,0,6,0,0,0,0,0,0,8,1,1,115,11,65,2,14,16,0,0,0,0,0,0,0,140,44,2,121,0,0,0,5,0,0,0,0,0,0,0,0,9,0,0,3,0,0,0,0,0,0,0,0,13,0,0,0,36,4,2,36,0,0,10,6,0,0,0,4,0,0,0,64,24,1,0,19,0,0,0,109,0,0,0,1,0,0,0,2,35,8,0,10,1,0,0,0,0,1,0,0,0,0,0,0,0,0,0,17,0,0,0,0,0,0,0,0,0,0,0,0,0,0,0,0,0,0,0,2,0,0,0,0,0,0,2,0,39,39,16,156,0,0,0,0,0,0,0,6,0,0,0,0,32,987,27,56,0,13,0,4,0,0,0,0,0,0,0,0,131,0,1,36,113,0,0,0,0,0,0,0,0,0,0,0,0,0,10,304,0,0,0,128,0,0,0,0,0,0,0,0,143,70,0,95,0,0,0,0,0,0,0,0,0,0,0,0,297,33,0,37,19,0,0,0,0,0,0,0,0,0,0,0,25,3,0,16,0,0,1,0,8,0,0,12,0,0,0,0,634,22,22,69,11,14,0,3,200,0,0,39,0,0,0,0,57,7,0,197,36,0,0,2,0,4,0,0,0,0,0,109,1,0,21,18,1,0,0,4,0,0,0,0,0,0,0,0,11,0,0,4,0,0,0,3,0,0,0,0,0,0,0,0,1997,980,454,1290,36,14,13,418,220,0,0,53,2,35,0,168,291,12,125,93,0,0,4,2,1,0,0,6,0,0,0,2,2737,584,696,1671,500,112,464,192,41,504,66,270,0,0,0,4,198,11,6,204,183,10,17,25,0,0,2,11,0,0,0,0,4521,881,1855,2447,410,134,212,76,424,5,163,0,342,3,0,260,4360,2192,2323,6469,367,5,575,1028,33,20,379,271,376,0,0,5,0,16,3,4,0,0,0,6,2,0,0,0,0,0,0,0,753,34,12,115,19,1,0,22,1,0,0,2,0,0,0,0,371,6,8,30,184,3,3,4,5,1,13,13,4,2,0,10,1350,1292,535,417,501,183,6,5,13,2,12,5,5,0,2,0,755,14,19,574,173,282,2,121,11,158,2,8,57,37,0,5,119,74,2,251,29,0,0,17,0,2,0,41,16,1,0,8,545,23,4,223,0,17,0,0,0,0,0,0,0,3,0,0,0,0,0,0,14,0,0,0,0,0,0,0,0,0,0,0,0,111,12,16,0,0,0,0,0,0,0,0,0,0,0,0,5924,2800,1757,6757,186,47,8,817,62,3,54,123,496,171,0,830,1359,433,123,1430,2,20,11,262,21,0,0,195,101,7,1,56,1943,876,1149,2968,287,5,14,1214,133,17,3,360,124,63,6,237,462,16,0,134,0,0,0,0,0,0,0,0,0,6,0,11,5722,2689,1731,7113,292,0,3,340,620,216,475,720,213,64,37,158,0,0,3,26,0,162,0,5,0,0,0,0,0,0,0,0,231,0,3,15,0,0,0,0,3,0,0,1,0,0,0,0,3338,890,261,874,466,26,30,270,35,0,16,183,6,305,0,59,1176,434,440,706,124,22,0,30,97,2,4,88,25,3,0
0,22,0,242,133,0,0,0,0,0,0,0,0,0,0,0,0,436,0,0,128,5,153,0,22,0,0,0,0,0,0,0,0,12,75,25,57,0,0,0,0,0,2,0,0,0,0,4,19,294,240,228,307,32,285,8,20,0,0,0,0,0,0,0,0,22,22,14,38,0,12,0,0,0,0,8,0,0,0,0,0,15,114,0,7,0,0,0,13,0,0,0,0,0,0,0,0,545,24,81,55,173,53,13,13,0,0,0,0,0,0,0,0,62,53,0,83,0,0,0,9,0,0,0,0,0,0,0,9,265,7,1,36,2,0,0,0,0,3,0,0,0,0,0,0,0,4,0,0,0,0,0,0,0,0,0,0,0,0,0,0,712,155,0,3,0,0,0,2,0,0,0,0,0,0,0,0,256,477,2,151,0,0,0,49,0,0,0,8,0,8,0,0,0,0,0,0,0,0,0,0,0,0,0,0,0,0,0,1,15,1,26,34,0,0,0,26,6,10,0,90,0,0,0,0,159,12,6,54,0,1,0,0,2,2,0,6,14,0,0,5,0,13,0,0,0,0,0,0,7,0,0,0,0,0,0,0,441,20,0,31,0,5,0,0,6,0,0,1,0,0,0,0,19,18,0,35,0,0,0,1,23,1,0,0,0,1,0,9,55,22,10,89,8,0,0,1,0,0,0,0,17,0,0,0,3,1,3,0,1,1,0,0,0,0,0,0,0,0,0,0,4,168,101,57,0,0,0,0,0,6,0,0,0,0,0,0,8,1,1,115,11,65,2,14,16,0,0,0,0,0,0,0,140,44,2,121,0,0,0,5,0,0,0,0,0,0,0,0,9,0,0,3,0,0,0,0,0,0,0,0,13,0,0,0,36,4,2,36,0,0,10,6,0,0,0,4,0,0,0,64,24,1,0,19,0,0,0,109,0,0,0,1,0,0,0,2,35,8,0,10,1,0,0,0,0,1,0,0,0,0,0,0,0,0,0,17,0,0,0,0,0,0,0,0,0,0,0,0,0,0,0,0,0,0,0,2,0,0,0,0,0,0,2,0,39,39,16,156,0,0,0,0,0,0,0,6,0,0,0,0,32,987,27,56,0,13,0,4,0,0,0,0,0,0,0,0,131,0,1,36,113,0,0,0,0,0,0,0,0,0,0,0,0,0,10,304,0,0,0,128,0,0,0,0,0,0,0,0,143,70,0,95,0,0,0,0,0,0,0,0,0,0,0,0,297,33,0,37,19,0,0,0,0,0,0,0,0,0,0,0,25,3,0,16,0,0,1,0,8,0,0,12,0,0,0,0,634,22,22,69,11,14,0,3,200,0,0,39,0,0,0,0,57,7,0,197,36,0,0,2,0,4,0,0,0,0,0,109,1,0,21,18,1,0,0,4,0,0,0,0,0,0,0,0,11,0,0,4,0,0,0,3,0,0,0,0,0,0,0,0,1997,980,454,1290,36,14,13,418,220,0,0,53,2,35,0,168,291,12,125,93,0,0,4,2,1,0,0,6,0,0,0,2,2737,584,696,1671,500,112,464,192,41,504,66,270,0,0,0,4,198,11,6,204,183,10,17,25,0,0,2,11,0,0,0,0,4521,881,1855,2447,410,134,212,76,424,5,163,0,342,3,0,260,4360,2192,2323,6469,367,5,575,1028,33,20,379,271,376,0,0,5,0,16,3,4,0,0,0,6,2,0,0,0,0,0,0,0,753,34,12,115,19,1,0,22,1,0,0,2,0,0,0,0,371,6,8,30,184,3,3,4,5,1,13,13,4,2,0,10,1350,1292,535,417,501,183,6,5,13,2,12,5,5,0,2,0,755,14,19,574,173,282,2,121,11,158,2,8,57,37,0,5,119,74,2,251,29,0,0,17,0,2,0,41,16,1,0,8,545,23,4,223,0,17,0,0,0,0,0,0,0,3,0,0,0,0,0,0,14,0,0,0,0,0,0,0,0,0,0,0,0,111,12,16,0,0,0,0,0,0,0,0,0,0,0,0,5924,2800,1757,6757,186,47,8,817,62,3,54,123,496,171,0,830,1359,433,123,1430,2,20,11,262,21,0,0,195,101,7,1,56,1943,876,1149,2968,287,5,14,1214,133,17,3,360,124,63,6,237,462,16,0,134,0,0,0,0,0,0,0,0,0,6,0,11,5722,2689,1731,7113,292,0,3,340,620,216,475,720,213,64,37,158,0,0,3,26,0,162,0,5,0,0,0,0,0,0,0,0,231,0,3,15,0,0,0,0,3,0,0,1,0,0,0,0,3338,890,261,874,466,26,30,270,35,0,16,183,6,305,0,59,1176,434,440,706,124,22,0,30,97,2,4,88,25,3,0
0,22,0,242,134,0,0,0,0,0,0,0,0,0,0,0,0,436,0,0,128,5,153,0,22,0,0,0,0,0,0,0,0,12,75,25,57,0,0,0,0,0,2,0,0,0,0,4,19,294,240,228,307,32,285,8,20,0,0,0,0,0,0,0,0,22,22,14,38,0,12,0,0,0,0,8,0,0,0,0,0,15,114,0,7,0,0,0,13,0,0,0,0,0,0,0,0,545,24,81,55,173,53,13,13,0,0,0,0,0,0,0,0,62,54,0,84,0,0,0,9,0,0,0,0,0,0,0,9,265,7,1,36,2,0,0,0,0,3,0,0,0,0,0,0,0,4,0,0,0,0,0,0,0,0,0,0,0,0,0,0,712,155,0,3,0,0,0,2,0,0,0,0,0,0,0,0,256,477,2,151,0,0,0,49,0,0,0,8,0,8,0,0,0,0,0,0,0,0,0,0,0,0,0,0,0,0,0,1,15,1,26,34,0,0,0,26,6,10,0,90,0,0,0,0,159,12,6,54,0,1,0,0,2,2,0,6,14,0,0,5,0,13,0,0,0,0,0,0,7,0,0,0,0,0,0,0,441,20,0,31,0,5,0,0,6,0,0,1,0,0,0,0,19,18,0,35,0,0,0,1,23,1,0,0,0,1,0,9,55,22,10,89,8,0,0,1,0,0,0,0,17,0,0,0,3,1,3,0,1,1,0,0,0,0,0,0,0,0,0,0,4,168,101,57,0,0,0,0,0,6,0,0,0,0,0,0,8,1,1,115,11,65,2,14,16,0,0,0,0,0,0,0,140,44,2,121,0,0,0,5,0,0,0,0,0,0,0,0,9,0,0,3,0,0,0,0,0,0,0,0,13,0,0,0,36,4,2,36,0,0,10,6,0,0,0,4,0,0,0,64,24,1,0,19,0,0,0,109,0,0,0,1,0,0,0,2,35,8,0,10,1,0,0,0,0,1,0,0,0,0,0,0,0,0,0,17,0,0,0,0,0,0,0,0,0,0,0,0,0,0,0,0,0,0,0,2,0,0,0,0,0,0,2,0,39,39,16,156,0,0,0,0,0,0,0,6,0,0,0,0,32,987,27,56,0,13,0,4,0,0,0,0,0,0,0,0,131,0,1,36,113,0,0,0,0,0,0,0,0,0,0,0,0,0,10,304,0,0,0,128,0,0,0,0,0,0,0,0,143,70,0,95,0,0,0,0,0,0,0,0,0,0,0,0,297,33,0,37,19,0,0,0,0,0,0,0,0,0,0,0,25,3,0,16,0,0,1,0,8,0,0,12,0,0,0,0,634,22,22,69,11,14,0,3,200,0,0,39,0,0,0,0,57,7,0,197,36,0,0,2,0,4,0,0,0,0,0,109,1,0,21,18,1,0,0,4,0,0,0,0,0,0,0,0,11,0,0,4,0,0,0,3,0,0,0,0,0,0,0,0,1997,980,454,1290,36,14,13,418,220,0,0,54,2,35,0,168,291,12,125,93,0,0,4,2,1,0,0,6,0,0,0,2,2737,584,697,1671,500,112,464,192,41,504,66,270,0,0,0,4,198,11,6,204,183,10,17,25,0,0,2,11,0,0,0,0,4521,881,1855,2447,410,134,212,76,424,5,163,0,342,3,0,260,4360,2192,2323,6469,367,5,575,1028,33,20,379,271,376,0,0,5,0,16,3,4,0,0,0,6,2,0,0,0,0,0,0,0,754,34,12,115,19,1,0,22,1,0,0,2,0,0,0,0,371,6,8,30,184,3,3,4,5,1,13,13,4,2,0,10,1350,1292,535,417,501,183,6,5,13,2,12,5,5,0,2,0,755,14,19,574,173,282,2,121,11,158,2,8,57,37,0,5,119,74,2,251,29,0,0,17,0,2,0,41,16,1,0,8,545,23,4,223,0,17,0,0,0,0,0,0,0,3,0,0,0,0,0,0,14,0,0,0,0,0,0,0,0,0,0,0,0,111,12,16,0,0,0,0,0,0,0,0,0,0,0,0,5925,2800,1758,6759,186,47,8,817,62,3,54,123,496,171,0,830,1359,433,123,1430,2,20,11,262,21,0,0,195,101,7,1,56,1943,876,1149,2968,287,5,14,1214,133,17,3,360,124,63,6,237,462,16,0,134,0,0,0,0,0,0,0,0,0,6,0,11,5722,2689,1731,7113,292,0,3,340,620,216,475,720,213,64,37,159,0,0,3,26,0,162,0,5,0,0,0,0,0,0,0,0,231,0,3,15,0,0,0,0,3,0,0,1,0,0,0,0,3338,890,261,874,466,26,30,270,35,0,16,183,6,305,0,60,1176,434,440,706,124,22,0,30,97,2,4,88,25,3,0
0,22,0,242,133,0,0,0,0,0,0,0,0,0,0,0,0,436,0,0,128,5,153,0,22,0,0,0,0,0,0,0,0,12,75,25,57,0,0,0,0,0,2,0,0,0,0,4,19,294,240,228,307,32,285,8,20,0,0,0,0,0,0,0,0,22,22,14,38,0,12,0,0,0,0,8,0,0,0,0,0,15,114,0,7,0,0,0,13,0,0,0,0,0,0,0,0,545,24,81,55,173,53,13,13,0,0,0,0,0,0,0,0,62,53,0,83,0,0,0,9,0,0,0,0,0,0,0,9,265,7,1,36,2,0,0,0,0,3,0,0,0,0,0,0,0,4,0,0,0,0,0,0,0,0,0,0,0,0,0,0,712,155,0,3,0,0,0,2,0,0,0,0,0,0,0,0,256,477,2,151,0,0,0,49,0,0,0,8,0,8,0,0,0,0,0,0,0,0,0,0,0,0,0,0,0,0,0,1,15,1,26,34,0,0,0,26,6,10,0,90,0,0,0,0,159,12,6,54,0,1,0,0,2,2,0,6,14,0,0,5,0,13,0,0,0,0,0,0,7,0,0,0,0,0,0,0,441,20,0,31,0,5,0,0,6,0,0,1,0,0,0,0,19,18,0,35,0,0,0,1,23,1,0,0,0,1,0,9,55,22,10,89,8,0,0,1,0,0,0,0,17,0,0,0,3,1,3,0,1,1,0,0,0,0,0,0,0,0,0,0,4,168,101,57,0,0,0,0,0,6,0,0,0,0,0,0,8,1,1,115,11,65,2,14,16,0,0,0,0,0,0,0,140,44,2,121,0,0,0,5,0,0,0,0,0,0,0,0,9,0,0,3,0,0,0,0,0,0,0,0,13,0,0,0,36,4,2,36,0,0,10,6,0,0,0,4,0,0,0,64,24,1,0,19,0,0,0,109,0,0,0,1,0,0,0,2,35,8,0,10,1,0,0,0,0,1,0,0,0,0,0,0,0,0,0,17,0,0,0,0,0,0,0,0,0,0,0,0,0,0,0,0,0,0,0,2,0,0,0,0,0,0,2,0,39,39,16,156,0,0,0,0,0,0,0,6,0,0,0,0,32,988,27,56,0,13,0,4,0,0,0,0,0,0,0,0,131,0,1,36,113,0,0,0,0,0,0,0,0,0,0,0,0,0,10,304,0,0,0,128,0,0,0,0,0,0,0,0,143,70,0,95,0,0,0,0,0,0,0,0,0,0,0,0,297,33,0,37,19,0,0,0,0,0,0,0,0,0,0,0,25,3,0,16,0,0,1,0,8,0,0,12,0,0,0,0,634,22,22,69,11,14,0,3,200,0,0,39,0,0,0,0,57,7,0,197,36,0,0,2,0,4,0,0,0,0,0,109,1,0,21,18,1,0,0,4,0,0,0,0,0,0,0,0,11,0,0,4,0,0,0,3,0,0,0,0,0,0,0,0,1997,980,454,1290,36,14,13,418,220,0,0,53,2,35,0,168,291,12,125,93,0,0,4,2,1,0,0,6,0,0,0,2,2738,584,696,1671,500,112,465,192,41,505,66,270,0,0,0,4,198,11,6,204,183,10,17,25,0,0,2,11,0,0,0,0,4522,881,1855,2447,410,134,212,76,424,5,163,0,342,3,0,260,4360,2192,2324,6469,367,5,576,1029,33,20,379,271,376,0,0,5,0,16,3,4,0,0,0,6,2,0,0,0,0,0,0,0,753,34,12,115,19,1,0,22,1,0,0,2,0,0,0,0,371,6,8,30,184,3,3,4,5,1,13,13,4,2,0,10,1350,1293,535,417,501,183,6,5,13,2,12,5,5,0,2,0,756,14,19,575,173,282,2,121,11,158,2,8,57,37,0,5,119,74,2,251,29,0,0,17,0,2,0,41,16,1,0,8,545,23,4,223,0,17,0,0,0,0,0,0,0,3,0,0,0,0,0,0,14,0,0,0,0,0,0,0,0,0,0,0,0,111,12,16,0,0,0,0,0,0,0,0,0,0,0,0,5926,2800,1758,6759,186,47,8,818,62,3,54,123,496,171,0,830,1359,433,123,1430,2,20,11,262,21,0,0,195,101,7,1,56,1944,876,1149,2968,287,5,14,1216,133,17,3,360,124,63,6,237,462,16,0,134,0,0,0,0,0,0,0,0,0,6,0,11,5722,2689,1731,7114,292,0,3,340,620,216,475,720,213,64,37,158,0,0,3,26,0,162,0,5,0,0,0,0,0,0,0,0,231,0,3,15,0,0,0,0,3,0,0,1,0,0,0,0,3338,890,261,874,466,26,30,270,35,0,16,183,6,305,0,59,1176,434,440,706,124,22,0,30,97,2,4,88,25,3,0
0,22,0,242,133,0,0,0,0,0,0,0,0,0,0,0,0,436,0,0,128,5,153,0,22,0,0,0,0,0,0,0,0,12,75,25,57,0,0,0,0,0,2,0,0,0,0,4,19,294,240,228,307,32,285,8,20,0,0,0,0,0,0,0,0,22,22,14,38,0,12,0,0,0,0,8,0,0,0,0,0,15,114,0,7,0,0,0,13,0,0,0,0,0,0,0,0,545,24,81,55,173,53,13,13,0,0,0,0,0,0,0,0,62,53,0,83,0,0,0,9,0,0,0,0,0,0,0,9,265,7,1,36,2,0,0,0,0,3,0,0,0,0,0,0,0,4,0,0,0,0,0,0,0,0,0,0,0,0,0,0,712,155,0,3,0,0,0,2,0,0,0,0,0,0,0,0,256,477,2,151,0,0,0,49,0,0,0,8,0,8,0,0,0,0,0,0,0,0,0,0,0,0,0,0,0,0,0,1,15,1,26,34,0,0,0,26,6,10,0,90,0,0,0,0,159,12,6,54,0,1,0,0,2,2,0,6,14,0,0,5,0,13,0,0,0,0,0,0,7,0,0,0,0,0,0,0,441,20,0,31,0,5,0,0,6,0,0,1,0,0,0,0,19,18,0,35,0,0,0,1,23,1,0,0,0,1,0,9,55,22,10,89,8,0,0,1,0,0,0,0,17,0,0,0,3,1,3,0,1,1,0,0,0,0,0,0,0,0,0,0,4,168,101,57,0,0,0,0,0,6,0,0,0,0,0,0,8,1,1,115,11,65,2,14,16,0,0,0,0,0,0,0,140,44,2,121,0,0,0,5,0,0,0,0,0,0,0,0,9,0,0,3,0,0,0,0,0,0,0,0,13,0,0,0,36,4,2,36,0,0,10,6,0,0,0,4,0,0,0,64,24,1,0,19,0,0,0,109,0,0,0,1,0,0,0,2,35,8,0,10,1,0,0,0,0,1,0,0,0,0,0,0,0,0,0,17,0,0,0,0,0,0,0,0,0,0,0,0,0,0,0,0,0,0,0,2,0,0,0,0,0,0,2,0,39,39,16,156,0,0,0,0,0,0,0,6,0,0,0,0,32,987,27,56,0,13,0,4,0,0,0,0,0,0,0,0,131,0,1,36,113,0,0,0,0,0,0,0,0,0,0,0,0,0,10,304,0,0,0,128,0,0,0,0,0,0,0,0,143,70,0,95,0,0,0,0,0,0,0,0,0,0,0,0,297,33,0,37,19,0,0,0,0,0,0,0,0,0,0,0,25,3,0,16,0,0,1,0,8,0,0,12,0,0,0,0,634,22,22,69,11,14,0,3,200,0,0,39,0,0,0,0,57,7,0,197,36,0,0,2,0,4,0,0,0,0,0,109,1,0,21,18,1,0,0,4,0,0,0,0,0,0,0,0,11,0,0,4,0,0,0,3,0,0,0,0,0,0,0,0,1997,980,454,1290,36,14,13,418,220,0,0,53,2,35,0,168,291,12,125,93,0,0,4,2,1,0,0,6,0,0,0,2,2737,584,696,1671,500,112,464,192,41,504,66,270,0,0,0,4,198,11,6,204,183,10,17,25,0,0,2,11,0,0,0,0,4521,881,1855,2447,410,134,212,76,424,5,163,0,342,3,0,260,4360,2192,2323,6469,367,5,575,1028,33,20,379,271,376,0,0,5,0,16,3,4,0,0,0,6,2,0,0,0,0,0,0,0,753,34,12,115,19,1,0,22,1,0,0,2,0,0,0,0,371,6,8,30,184,3,3,4,5,1,13,13,4,2,0,10,1350,1292,535,417,501,183,6,5,13,2,12,5,5,0,2,0,755,14,19,574,173,282,2,121,11,158,2,8,57,37,0,5,119,74,2,251,29,0,0,17,0,2,0,41,16,1,0,8,545,23,4,223,0,17,0,0,0,0,0,0,0,3,0,0,0,0,0,0,14,0,0,0,0,0,0,0,0,0,0,0,0,111,12,16,0,0,0,0,0,0,0,0,0,0,0,0,5924,2800,1757,6757,186,47,8,817,62,3,54,123,496,171,0,830,1359,433,123,1430,2,20,11,262,21,0,0,195,101,7,1,56,1943,876,1149,2968,287,5,14,1214,133,17,3,360,124,63,6,237,462,16,0,134,0,0,0,0,0,0,0,0,0,6,0,11,5722,2689,1731,7113,292,0,3,340,620,216,475,720,213,64,37,158,0,0,3,26,0,162,0,5,0,0,0,0,0,0,0,0,231,0,3,15,0,0,0,0,3,0,0,1,0,0,0,0,3338,890,261,874,466,26,30,270,35,0,16,183,6,305,0,59,1176,434,440,706,124,22,0,30,97,2,4,88,25,3,0
0,22,0,242,133,0,0,0,0,0,0,0,0,0,0,0,0,436,0,0,128,5,153,0,22,0,0,0,0,0,0,0,0,12,75,25,57,0,0,0,0,0,2,0,0,0,0,4,19,294,240,228,307,32,285,8,20,0,0,0,0,0,0,0,0,22,22,14,38,0,12,0,0,0,0,8,0,0,0,0,0,15,114,0,7,0,0,0,13,0,0,0,0,0,0,0,0,545,24,81,55,173,53,13,13,0,0,0,0,0,0,0,0,62,53,0,83,0,0,0,9,0,0,0,0,0,0,0,9,265,7,1,36,2,0,0,0,0,3,0,0,0,0,0,0,0,4,0,0,0,0,0,0,0,0,0,0,0,0,0,0,712,155,0,3,0,0,0,2,0,0,0,0,0,0,0,0,256,477,2,151,0,0,0,49,0,0,0,8,0,8,0,0,0,0,0,0,0,0,0,0,0,0,0,0,0,0,0,1,15,1,26,34,0,0,0,26,6,10,0,90,0,0,0,0,159,12,6,54,0,1,0,0,2,2,0,6,14,0,0,5,0,13,0,0,0,0,0,0,7,0,0,0,0,0,0,0,441,20,0,31,0,5,0,0,6,0,0,1,0,0,0,0,19,18,0,35,0,0,0,1,23,1,0,0,0,1,0,9,55,22,10,89,8,0,0,1,0,0,0,0,17,0,0,0,3,1,3,0,1,1,0,0,0,0,0,0,0,0,0,0,4,168,101,57,0,0,0,0,0,6,0,0,0,0,0,0,8,1,1,115,11,65,2,14,16,0,0,0,0,0,0,0,140,44,2,121,0,0,0,5,0,0,0,0,0,0,0,0,9,0,0,3,0,0,0,0,0,0,0,0,13,0,0,0,36,4,2,36,0,0,10,6,0,0,0,4,0,0,0,64,24,1,0,19,0,0,0,109,0,0,0,1,0,0,0,2,35,8,0,10,1,0,0,0,0,1,0,0,0,0,0,0,0,0,0,17,0,0,0,0,0,0,0,0,0,0,0,0,0,0,0,0,0,0,0,2,0,0,0,0,0,0,2,0,39,39,16,156,0,0,0,0,0,0,0,6,0,0,0,0,32,987,27,56,0,13,0,4,0,0,0,0,0,0,0,0,131,0,1,36,113,0,0,0,0,0,0,0,0,0,0,0,0,0,10,304,0,0,0,128,0,0,0,0,0,0,0,0,143,70,0,95,0,0,0,0,0,0,0,0,0,0,0,0,297,33,0,37,19,0,0,0,0,0,0,0,0,0,0,0,25,3,0,16,0,0,1,0,8,0,0,12,0,0,0,0,634,22,22,69,11,14,0,3,200,0,0,39,0,0,0,0,57,7,0,197,36,0,0,2,0,4,0,0,0,0,0,109,1,0,21,18,1,0,0,4,0,0,0,0,0,0,0,0,11,0,0,4,0,0,0,3,0,0,0,0,0,0,0,0,1997,980,454,1290,36,14,13,418,220,0,0,53,2,35,0,168,291,12,125,93,0,0,4,2,1,0,0,6,0,0,0,2,2737,584,696,1671,500,112,464,192,41,504,66,270,0,0,0,4,198,11,6,204,183,10,17,25,0,0,2,11,0,0,0,0,4521,881,1855,2447,410,134,212,76,424,5,163,0,342,3,0,260,4360,2192,2323,6469,367,5,575,1028,33,20,379,271,376,0,0,5,0,16,3,4,0,0,0,6,2,0,0,0,0,0,0,0,753,34,12,115,19,1,0,22,1,0,0,2,0,0,0,0,371,6,8,30,184,3,3,4,5,1,13,13,4,2,0,10,1350,1292,535,417,501,183,6,5,13,2,12,5,5,0,2,0,755,14,19,574,173,282,2,121,11,158,2,8,57,37,0,5,119,74,2,251,29,0,0,17,0,2,0,41,16,1,0,8,545,23,4,223,0,17,0,0,0,0,0,0,0,3,0,0,0,0,0,0,14,0,0,0,0,0,0,0,0,0,0,0,0,111,12,16,0,0,0,0,0,0,0,0,0,0,0,0,5924,2800,1757,6757,186,47,8,817,62,3,54,123,496,171,0,830,1359,433,123,1430,2,20,11,262,21,0,0,195,101,7,1,56,1943,876,1149,2968,287,5,14,1214,133,17,3,360,124,63,6,237,462,16,0,134,0,0,0,0,0,0,0,0,0,6,0,11,5722,2689,1731,7113,292,0,3,340,620,216,475,720,213,64,37,158,0,0,3,26,0,162,0,5,0,0,0,0,0,0,0,0,231,0,3,15,0,0,0,0,3,0,0,1,0,0,0,0,3338,890,261,874,466,26,30,270,35,0,16,183,6,305,0,59,1176,434,440,706,124,22,0,30,97,2,4,88,25,3,0
0,22,0,242,133,0,0,0,0,0,0,0,0,0,0,0,0,436,0,0,128,5,153,0,22,0,0,0,0,0,0,0,0,12,75,25,57,0,0,0,0,0,2,0,0,0,0,4,19,294,240,228,307,32,285,8,20,0,0,0,0,0,0,0,0,22,22,14,38,0,12,0,0,0,0,8,0,0,0,0,0,15,114,0,7,0,0,0,13,0,0,0,0,0,0,0,0,545,24,81,55,173,53,13,13,0,0,0,0,0,0,0,0,62,53,0,83,0,0,0,9,0,0,0,0,0,0,0,9,265,7,1,36,2,0,0,0,0,3,0,0,0,0,0,0,0,4,0,0,0,0,0,0,0,0,0,0,0,0,0,0,712,155,0,3,0,0,0,2,0,0,0,0,0,0,0,0,256,477,2,151,0,0,0,49,0,0,0,8,0,8,0,0,0,0,0,0,0,0,0,0,0,0,0,0,0,0,0,1,15,1,26,34,0,0,0,26,6,10,0,90,0,0,0,0,159,12,6,54,0,1,0,0,2,2,0,6,14,0,0,5,0,13,0,0,0,0,0,0,7,0,0,0,0,0,0,0,441,20,0,31,0,5,0,0,6,0,0,1,0,0,0,0,19,18,0,35,0,0,0,1,23,1,0,0,0,1,0,9,55,22,10,89,8,0,0,1,0,0,0,0,17,0,0,0,3,1,3,0,1,1,0,0,0,0,0,0,0,0,0,0,4,168,101,57,0,0,0,0,0,6,0,0,0,0,0,0,8,1,1,115,11,65,2,14,16,0,0,0,0,0,0,0,140,44,2,121,0,0,0,5,0,0,0,0,0,0,0,0,9,0,0,3,0,0,0,0,0,0,0,0,13,0,0,0,36,4,2,36,0,0,10,6,0,0,0,4,0,0,0,64,24,1,0,19,0,0,0,109,0,0,0,1,0,0,0,2,35,8,0,10,1,0,0,0,0,1,0,0,0,0,0,0,0,0,0,17,0,0,0,0,0,0,0,0,0,0,0,0,0,0,0,0,0,0,0,2,0,0,0,0,0,0,2,0,39,39,16,156,0,0,0,0,0,0,0,6,0,0,0,0,32,987,27,56,0,13,0,4,0,0,0,0,0,0,0,0,131,0,1,36,113,0,0,0,0,0,0,0,0,0,0,0,0,0,10,304,0,0,0,128,0,0,0,0,0,0,0,0,143,70,0,95,0,0,0,0,0,0,0,0,0,0,0,0,297,33,0,37,19,0,0,0,0,0,0,0,0,0,0,0,25,3,0,16,0,0,1,0,8,0,0,12,0,0,0,0,634,22,22,69,11,14,0,3,200,0,0,39,0,0,0,0,57,7,0,197,36,0,0,2,0,4,0,0,0,0,0,109,1,0,21,18,1,0,0,4,0,0,0,0,0,0,0,0,11,0,0,4,0,0,0,3,0,0,0,0,0,0,0,0,1997,980,454,1290,36,14,13,418,220,0,0,53,2,35,0,168,291,12,125,93,0,0,4,2,1,0,0,6,0,0,0,2,2737,584,696,1671,500,112,464,192,41,504,66,270,0,0,0,4,198,11,6,204,183,10,17,25,0,0,2,11,0,0,0,0,4521,881,1855,2447,410,134,212,76,424,5,163,0,342,3,0,260,4360,2192,2323,6469,367,5,575,1028,33,20,379,271,376,0,0,5,0,16,3,4,0,0,0,6,2,0,0,0,0,0,0,0,753,34,12,115,19,1,0,22,1,0,0,2,0,0,0,0,371,6,8,30,184,3,3,4,5,1,13,13,4,2,0,10,1350,1292,535,417,501,183,6,5,13,2,12,5,5,0,2,0,755,14,19,574,173,282,2,121,11,158,2,8,57,37,0,5,119,74,2,251,29,0,0,17,0,2,0,41,16,1,0,8,545,23,4,223,0,17,0,0,0,0,0,0,0,3,0,0,0,0,0,0,14,0,0,0,0,0,0,0,0,0,0,0,0,111,12,16,0,0,0,0,0,0,0,0,0,0,0,0,5924,2800,1757,6757,186,47,8,817,62,3,54,123,496,171,0,830,1359,433,123,1430,2,20,11,262,21,0,0,195,101,7,1,56,1943,876,1149,2968,287,5,14,1214,133,17,3,360,124,63,6,237,462,16,0,134,0,0,0,0,0,0,0,0,0,6,0,11,5722,2689,1731,7114,292,0,3,340,620,216,475,720,213,64,37,158,0,0,3,26,0,162,0,5,0,0,0,0,0,0,0,0,231,0,3,15,0,0,0,0,3,0,0,1,0,0,0,0,3338,890,261,874,466,26,30,270,35,0,16,183,6,305,0,59,1176,434,440,706,124,22,0,30,97,2,4,88,25,3,0
0,22,0,242,133,0,0,0,0,0,0,0,0,0,0,0,0,436,0,0,128,5,153,0,22,0,0,0,0,0,0,0,0,12,75,25,57,0,0,0,0,0,2,0,0,0,0,4,19,294,240,228,307,32,285,8,20,0,0,0,0,0,0,0,0,22,22,14,38,0,12,0,0,0,0,8,0,0,0,0,0,15,114,0,7,0,0,0,13,0,0,0,0,0,0,0,0,545,24,81,55,173,53,13,13,0,0,0,0,0,0,0,0,62,53,0,83,0,0,0,9,0,0,0,0,0,0,0,9,265,7,1,36,2,0,0,0,0,3,0,0,0,0,0,0,0,4,0,0,0,0,0,0,0,0,0,0,0,0,0,0,712,155,0,3,0,0,0,2,0,0,0,0,0,0,0,0,256,477,2,151,0,0,0,49,0,0,0,8,0,8,0,0,0,0,0,0,0,0,0,0,0,0,0,0,0,0,0,1,15,1,26,34,0,0,0,26,6,10,0,90,0,0,0,0,159,12,6,54,0,1,0,0,2,2,0,6,14,0,0,5,0,13,0,0,0,0,0,0,7,0,0,0,0,0,0,0,441,20,0,31,0,5,0,0,6,0,0,1,0,0,0,0,19,18,0,35,0,0,0,1,23,1,0,0,0,1,0,9,55,22,10,89,8,0,0,1,0,0,0,0,17,0,0,0,3,1,3,0,1,1,0,0,0,0,0,0,0,0,0,0,4,168,101,57,0,0,0,0,0,6,0,0,0,0,0,0,8,1,1,115,11,65,2,14,16,0,0,0,0,0,0,0,140,44,2,121,0,0,0,5,0,0,0,0,0,0,0,0,9,0,0,3,0,0,0,0,0,0,0,0,13,0,0,0,36,4,2,36,0,0,10,6,0,0,0,4,0,0,0,64,24,1,0,19,0,0,0,109,0,0,0,1,0,0,0,2,35,8,0,10,1,0,0,0,0,1,0,0,0,0,0,0,0,0,0,17,0,0,0,0,0,0,0,0,0,0,0,0,0,0,0,0,0,0,0,2,0,0,0,0,0,0,2,0,39,39,16,156,0,0,0,0,0,0,0,6,0,0,0,0,32,987,27,56,0,13,0,4,0,0,0,0,0,0,0,0,131,0,1,36,113,0,0,0,0,0,0,0,0,0,0,0,0,0,10,304,0,0,0,128,0,0,0,0,0,0,0,0,143,70,0,95,0,0,0,0,0,0,0,0,0,0,0,0,297,33,0,37,19,0,0,0,0,0,0,0,0,0,0,0,25,3,0,16,0,0,1,0,8,0,0,12,0,0,0,0,634,22,22,69,11,14,0,3,200,0,0,39,0,0,0,0,57,7,0,197,36,0,0,2,0,4,0,0,0,0,0,109,1,0,21,18,1,0,0,4,0,0,0,0,0,0,0,0,11,0,0,4,0,0,0,3,0,0,0,0,0,0,0,0,1997,980,454,1290,36,14,13,418,220,0,0,53,2,35,0,168,291,12,125,93,0,0,4,2,1,0,0,6,0,0,0,2,2737,584,696,1671,500,112,464,192,41,504,66,270,0,0,0,4,198,11,6,204,183,10,17,25,0,0,2,11,0,0,0,0,4521,881,1855,2447,410,134,212,76,424,5,163,0,342,3,0,260,4360,2192,2323,6469,367,5,575,1028,33,20,379,271,376,0,0,5,0,16,3,4,0,0,0,6,2,0,0,0,0,0,0,0,753,34,12,115,19,1,0,22,1,0,0,2,0,0,0,0,371,6,8,30,184,3,3,4,5,1,13,13,4,2,0,10,1350,1292,535,417,501,183,6,5,13,2,12,5,5,0,2,0,755,14,19,574,173,282,2,121,11,158,2,8,57,37,0,5,119,74,2,251,29,0,0,17,0,2,0,41,16,1,0,8,545,23,4,223,0,17,0,0,0,0,0,0,0,3,0,0,0,0,0,0,14,0,0,0,0,0,0,0,0,0,0,0,0,111,12,16,0,0,0,0,0,0,0,0,0,0,0,0,5924,2800,1757,6757,186,47,8,817,62,3,54,123,496,171,0,830,1359,433,123,1430,2,20,11,262,21,0,0,195,101,7,1,56,1943,876,1149,2968,287,5,14,1214,133,17,3,360,124,63,6,237,462,16,0,134,0,0,0,0,0,0,0,0,0,6,0,11,5722,2689,1731,7113,292,0,3,340,620,216,475,720,213,64,37,158,0,0,3,26,0,162,0,5,0,0,0,0,0,0,0,0,231,0,3,15,0,0,0,0,3,0,0,1,0,0,0,0,3338,890,261,874,466,26,30,270,35,0,16,183,6,305,0,59,1176,434,440,706,124,22,0,30,97,2,4,88,25,3,0
0,22,0,242,133,0,0,0,0,0,0,0,0,0,0,0,0,436,0,0,128,5,153,0,22,0,0,0,0,0,0,0,0,12,75,25,57,0,0,0,0,0,2,0,0,0,0,4,19,294,240,228,307,32,285,8,20,0,0,0,0,0,0,0,0,22,22,14,38,0,12,0,0,0,0,8,0,0,0,0,0,15,114,0,7,0,0,0,13,0,0,0,0,0,0,0,0,545,24,81,55,173,53,13,13,0,0,0,0,0,0,0,0,62,53,0,83,0,0,0,9,0,0,0,0,0,0,0,9,266,7,1,36,2,0,0,0,0,3,0,0,0,0,0,0,0,4,0,0,0,0,0,0,0,0,0,0,0,0,0,0,712,155,0,3,0,0,0,2,0,0,0,0,0,0,0,0,256,477,2,151,0,0,0,49,0,0,0,8,0,8,0,0,0,0,0,0,0,0,0,0,0,0,0,0,0,0,0,1,15,1,26,34,0,0,0,26,6,10,0,90,0,0,0,0,159,12,6,54,0,1,0,0,2,2,0,6,14,0,0,5,0,13,0,0,0,0,0,0,7,0,0,0,0,0,0,0,441,20,0,31,0,5,0,0,6,0,0,1,0,0,0,0,19,18,0,35,0,0,0,1,23,1,0,0,0,1,0,9,55,22,10,89,8,0,0,1,0,0,0,0,17,0,0,0,3,1,3,0,1,1,0,0,0,0,0,0,0,0,0,0,4,168,101,57,0,0,0,0,0,6,0,0,0,0,0,0,8,1,1,115,11,65,2,14,16,0,0,0,0,0,0,0,140,44,2,121,0,0,0,5,0,0,0,0,0,0,0,0,9,0,0,3,0,0,0,0,0,0,0,0,13,0,0,0,36,4,2,36,0,0,10,6,0,0,0,4,0,0,0,64,24,1,0,19,0,0,0,109,0,0,0,1,0,0,0,2,35,8,0,10,1,0,0,0,0,1,0,0,0,0,0,0,0,0,0,17,0,0,0,0,0,0,0,0,0,0,0,0,0,0,0,0,0,0,0,2,0,0,0,0,0,0,2,0,39,39,16,156,0,0,0,0,0,0,0,6,0,0,0,0,32,987,27,56,0,13,0,4,0,0,0,0,0,0,0,0,131,0,1,36,113,0,0,0,0,0,0,0,0,0,0,0,0,0,10,304,0,0,0,128,0,0,0,0,0,0,0,0,143,70,0,95,0,0,0,0,0,0,0,0,0,0,0,0,297,33,0,37,19,0,0,0,0,0,0,0,0,0,0,0,25,3,0,16,0,0,1,0,8,0,0,12,0,0,0,0,634,22,22,69,11,14,0,3,200,0,0,39,0,0,0,0,57,7,0,197,36,0,0,2,0,4,0,0,0,0,0,109,1,0,21,18,1,0,0,4,0,0,0,0,0,0,0,0,11,0,0,4,0,0,0,3,0,0,0,0,0,0,0,0,1997,980,454,1290,36,14,13,418,220,0,0,53,2,35,0,168,291,12,125,93,0,0,4,2,1,0,0,6,0,0,0,2,2737,584,696,1671,500,112,464,192,41,504,66,270,0,0,0,4,198,11,6,204,183,10,17,25,0,0,2,11,0,0,0,0,4521,881,1855,2447,410,134,212,76,424,5,163,0,342,3,0,260,4360,2194,2324,6472,367,5,576,1028,33,20,379,272,376,0,0,5,0,16,3,4,0,0,0,6,2,0,0,0,0,0,0,0,753,34,12,115,19,1,0,22,1,0,0,2,0,0,0,0,371,6,8,30,184,3,3,4,5,1,13,13,4,2,0,10,1350,1292,535,417,501,183,6,5,13,2,12,5,5,0,2,0,755,14,19,574,173,282,2,121,11,158,2,8,57,37,0,5,119,74,2,251,29,0,0,17,0,2,0,41,16,1,0,8,545,23,4,223,0,17,0,0,0,0,0,0,0,3,0,0,0,0,0,0,14,0,0,0,0,0,0,0,0,0,0,0,0,111,12,16,0,0,0,0,0,0,0,0,0,0,0,0,5924,2800,1757,6757,186,47,8,817,62,3,54,123,496,171,0,830,1359,433,123,1430,2,20,11,262,21,0,0,195,101,7,1,56,1943,878,1149,2968,287,5,14,1214,133,17,3,362,124,63,6,237,462,16,0,134,0,0,0,0,0,0,0,0,0,6,0,11,5722,2689,1731,7117,292,0,3,340,621,216,476,720,213,64,37,158,0,0,3,26,0,163,0,5,0,0,0,0,0,0,0,0,231,0,3,15,0,0,0,0,3,0,0,1,0,0,0,0,3338,890,261,874,466,26,30,270,35,0,16,183,6,305,0,59,1176,434,440,706,124,22,0,30,97,2,4,88,25,3,0
0,22,0,242,133,0,0,0,0,0,0,0,0,0,0,0,0,436,0,0,128,5,153,0,22,0,0,0,0,0,0,0,0,12,75,25,57,0,0,0,0,0,2,0,0,0,0,4,19,294,240,228,307,32,285,8,20,0,0,0,0,0,0,0,0,22,22,14,38,0,12,0,0,0,0,8,0,0,0,0,0,15,114,0,7,0,0,0,13,0,0,0,0,0,0,0,0,545,24,81,55,173,53,13,13,0,0,0,0,0,0,0,0,62,53,0,83,0,0,0,9,0,0,0,0,0,0,0,9,265,7,1,36,2,0,0,0,0,3,0,0,0,0,0,0,0,4,0,0,0,0,0,0,0,0,0,0,0,0,0,0,712,155,0,3,0,0,0,2,0,0,0,0,0,0,0,0,256,477,2,151,0,0,0,49,0,0,0,8,0,8,0,0,0,0,0,0,0,0,0,0,0,0,0,0,0,0,0,1,15,1,26,34,0,0,0,26,6,10,0,90,0,0,0,0,159,12,6,54,0,1,0,0,2,2,0,6,14,0,0,5,0,13,0,0,0,0,0,0,7,0,0,0,0,0,0,0,441,20,0,31,0,5,0,0,6,0,0,1,0,0,0,0,19,18,0,35,0,0,0,1,23,1,0,0,0,1,0,9,55,22,10,89,8,0,0,1,0,0,0,0,17,0,0,0,3,1,3,0,1,1,0,0,0,0,0,0,0,0,0,0,4,168,101,57,0,0,0,0,0,6,0,0,0,0,0,0,8,1,1,115,11,65,2,14,16,0,0,0,0,0,0,0,140,44,2,121,0,0,0,5,0,0,0,0,0,0,0,0,9,0,0,3,0,0,0,0,0,0,0,0,13,0,0,0,36,4,2,36,0,0,10,6,0,0,0,4,0,0,0,64,24,1,0,19,0,0,0,109,0,0,0,1,0,0,0,2,35,8,0,10,1,0,0,0,0,1,0,0,0,0,0,0,0,0,0,17,0,0,0,0,0,0,0,0,0,0,0,0,0,0,0,0,0,0,0,2,0,0,0,0,0,0,2,0,39,39,16,156,0,0,0,0,0,0,0,6,0,0,0,0,32,988,27,56,0,13,0,4,0,0,0,0,0,0,0,0,131,0,1,36,113,0,0,0,0,0,0,0,0,0,0,0,0,0,10,304,0,0,0,128,0,0,0,0,0,0,0,0,143,70,0,95,0,0,0,0,0,0,0,0,0,0,0,0,297,33,0,37,19,0,0,0,0,0,0,0,0,0,0,0,25,3,0,16,0,0,1,0,8,0,0,12,0,0,0,0,634,22,22,69,11,14,0,3,200,0,0,39,0,0,0,0,57,7,0,197,36,0,0,2,0,4,0,0,0,0,0,109,1,0,21,18,1,0,0,4,0,0,0,0,0,0,0,0,11,0,0,4,0,0,0,3,0,0,0,0,0,0,0,0,1997,980,454,1290,36,14,13,418,220,0,0,53,2,35,0,168,291,12,125,93,0,0,4,2,1,0,0,6,0,0,0,2,2738,584,696,1671,500,112,465,192,41,505,66,270,0,0,0,4,198,11,6,204,183,10,17,25,0,0,2,11,0,0,0,0,4522,881,1855,2447,410,134,212,76,424,5,163,0,342,3,0,260,4360,2192,2324,6469,367,5,576,1029,33,20,379,271,376,0,0,5,0,16,3,4,0,0,0,6,2,0,0,0,0,0,0,0,753,34,12,115,19,1,0,22,1,0,0,2,0,0,0,0,371,6,8,30,184,3,3,4,5,1,13,13,4,2,0,10,1350,1293,535,417,501,183,6,5,13,2,12,5,5,0,2,0,756,14,19,575,173,282,2,121,11,158,2,8,57,37,0,5,119,74,2,251,29,0,0,17,0,2,0,41,16,1,0,8,545,23,4,223,0,17,0,0,0,0,0,0,0,3,0,0,0,0,0,0,14,0,0,0,0,0,0,0,0,0,0,0,0,111,12,16,0,0,0,0,0,0,0,0,0,0,0,0,5926,2800,1758,6759,186,47,8,818,62,3,54,123,496,171,0,830,1359,433,123,1430,2,20,11,262,21,0,0,195,101,7,1,56,1944,876,1149,2968,287,5,14,1216,133,17,3,360,124,63,6,237,462,16,0,134,0,0,0,0,0,0,0,0,0,6,0,11,5722,2689,1731,7114,292,0,3,340,620,216,475,720,213,64,37,158,0,0,3,26,0,162,0,5,0,0,0,0,0,0,0,0,231,0,3,15,0,0,0,0,3,0,0,1,0,0,0,0,3338,890,261,874,466,26,30,270,35,0,16,183,6,305,0,59,1176,434,440,706,124,22,0,30,97,2,4,88,25,3,0
0,22,0,242,133,0,0,0,0,0,0,0,0,0,0,0,0,436,0,0,128,5,153,0,22,0,0,0,0,0,0,0,0,12,75,25,57,0,0,0,0,0,2,0,0,0,0,4,19,294,240,228,307,32,285,8,20,0,0,0,0,0,0,0,0,22,22,14,38,0,12,0,0,0,0,8,0,0,0,0,0,15,114,0,7,0,0,0,13,0,0,0,0,0,0,0,0,545,24,81,55,173,53,13,13,0,0,0,0,0,0,0,0,62,53,0,83,0,0,0,9,0,0,0,0,0,0,0,9,265,7,1,36,2,0,0,0,0,3,0,0,0,0,0,0,0,4,0,0,0,0,0,0,0,0,0,0,0,0,0,0,712,155,0,3,0,0,0,2,0,0,0,0,0,0,0,0,256,477,2,151,0,0,0,49,0,0,0,8,0,8,0,0,0,0,0,0,0,0,0,0,0,0,0,0,0,0,0,1,15,1,26,34,0,0,0,26,6,10,0,90,0,0,0,0,159,12,6,54,0,1,0,0,2,2,0,6,14,0,0,5,0,13,0,0,0,0,0,0,7,0,0,0,0,0,0,0,441,20,0,31,0,5,0,0,6,0,0,1,0,0,0,0,19,18,0,35,0,0,0,1,23,1,0,0,0,1,0,9,55,22,10,89,8,0,0,1,0,0,0,0,17,0,0,0,3,1,3,0,1,1,0,0,0,0,0,0,0,0,0,0,4,168,101,57,0,0,0,0,0,6,0,0,0,0,0,0,8,1,1,115,11,65,2,14,16,0,0,0,0,0,0,0,140,44,2,121,0,0,0,5,0,0,0,0,0,0,0,0,9,0,0,3,0,0,0,0,0,0,0,0,13,0,0,0,36,4,2,36,0,0,10,6,0,0,0,4,0,0,0,64,24,1,0,19,0,0,0,109,0,0,0,1,0,0,0,2,35,8,0,10,1,0,0,0,0,1,0,0,0,0,0,0,0,0,0,17,0,0,0,0,0,0,0,0,0,0,0,0,0,0,0,0,0,0,0,2,0,0,0,0,0,0,2,0,39,39,16,156,0,0,0,0,0,0,0,6,0,0,0,0,32,987,27,56,0,13,0,4,0,0,0,0,0,0,0,0,131,0,1,36,113,0,0,0,0,0,0,0,0,0,0,0,0,0,10,304,0,0,0,128,0,0,0,0,0,0,0,0,143,70,0,95,0,0,0,0,0,0,0,0,0,0,0,0,297,33,0,37,19,0,0,0,0,0,0,0,0,0,0,0,25,3,0,16,0,0,1,0,8,0,0,12,0,0,0,0,634,22,22,69,11,14,0,3,200,0,0,39,0,0,0,0,57,7,0,197,36,0,0,2,0,4,0,0,0,0,0,109,1,0,21,18,1,0,0,4,0,0,0,0,0,0,0,0,11,0,0,4,0,0,0,3,0,0,0,0,0,0,0,0,1997,980,454,1290,36,14,13,418,220,0,0,53,2,35,0,168,291,12,125,93,0,0,4,2,1,0,0,6,0,0,0,2,2737,584,696,1671,500,112,464,192,41,504,66,270,0,0,0,4,198,11,6,204,183,10,17,25,0,0,2,11,0,0,0,0,4523,881,1855,2447,410,134,212,76,424,5,163,0,342,3,0,260,4361,2193,2323,6469,367,5,575,1028,33,20,379,271,376,0,0,5,0,16,3,4,0,0,0,6,2,0,0,0,0,0,0,0,753,34,12,115,19,1,0,22,1,0,0,2,0,0,0,0,371,6,8,30,184,3,3,4,5,1,13,13,4,2,0,10,1350,1292,535,417,501,183,6,5,13,2,12,5,5,0,2,0,755,14,19,574,173,282,2,121,11,158,2,8,57,37,0,5,119,74,2,251,29,0,0,17,0,2,0,41,16,1,0,8,545,23,4,223,0,17,0,0,0,0,0,0,0,3,0,0,0,0,0,0,14,0,0,0,0,0,0,0,0,0,0,0,0,111,12,16,0,0,0,0,0,0,0,0,0,0,0,0,5924,2800,1757,6757,186,47,8,817,62,3,54,123,496,171,0,830,1359,433,123,1430,2,20,11,262,21,0,0,195,101,7,1,56,1943,876,1149,2968,287,5,14,1214,133,17,3,360,124,63,6,237,462,16,0,134,0,0,0,0,0,0,0,0,0,6,0,11,5724,2689,1731,7113,292,0,3,340,620,216,475,720,213,64,37,158,0,0,3,26,0,162,0,5,0,0,0,0,0,0,0,0,231,0,3,15,0,0,0,0,3,0,0,1,0,0,0,0,3338,890,261,874,466,26,30,270,35,0,16,183,6,305,0,59,1176,434,440,706,124,22,0,30,97,2,4,88,25,3,0
0,22,0,242,133,0,0,0,0,0,0,0,0,0,0,0,0,436,0,0,128,5,153,0,22,0,0,0,0,0,0,0,0,12,75,25,57,0,0,0,0,0,2,0,0,0,0,4,19,294,240,228,307,32,285,8,20,0,0,0,0,0,0,0,0,22,22,14,38,0,12,0,0,0,0,8,0,0,0,0,0,15,114,0,7,0,0,0,13,0,0,0,0,0,0,0,0,545,24,81,55,173,53,13,13,0,0,0,0,0,0,0,0,62,53,0,83,0,0,0,9,0,0,0,0,0,0,0,9,265,7,1,36,2,0,0,0,0,3,0,0,0,0,0,0,0,4,0,0,0,0,0,0,0,0,0,0,0,0,0,0,712,155,0,3,0,0,0,2,0,0,0,0,0,0,0,0,256,477,2,151,0,0,0,49,0,0,0,8,0,8,0,0,0,0,0,0,0,0,0,0,0,0,0,0,0,0,0,1,15,1,26,34,0,0,0,26,6,10,0,90,0,0,0,0,159,12,6,54,0,1,0,0,2,2,0,6,14,0,0,5,0,13,0,0,0,0,0,0,7,0,0,0,0,0,0,0,441,20,0,31,0,5,0,0,6,0,0,1,0,0,0,0,19,18,0,35,0,0,0,1,23,1,0,0,0,1,0,9,55,22,10,89,8,0,0,1,0,0,0,0,17,0,0,0,3,1,3,0,1,1,0,0,0,0,0,0,0,0,0,0,4,168,101,57,0,0,0,0,0,6,0,0,0,0,0,0,8,1,1,115,11,65,2,14,16,0,0,0,0,0,0,0,140,44,2,121,0,0,0,5,0,0,0,0,0,0,0,0,9,0,0,3,0,0,0,0,0,0,0,0,13,0,0,0,36,4,2,36,0,0,10,6,0,0,0,4,0,0,0,64,24,1,0,19,0,0,0,109,0,0,0,1,0,0,0,2,35,8,0,10,1,0,0,0,0,1,0,0,0,0,0,0,0,0,0,17,0,0,0,0,0,0,0,0,0,0,0,0,0,0,0,0,0,0,0,2,0,0,0,0,0,0,2,0,39,39,16,156,0,0,0,0,0,0,0,6,0,0,0,0,32,987,27,56,0,13,0,4,0,0,0,0,0,0,0,0,131,0,1,36,113,0,0,0,0,0,0,0,0,0,0,0,0,0,10,304,0,0,0,128,0,0,0,0,0,0,0,0,143,70,0,95,0,0,0,0,0,0,0,0,0,0,0,0,297,33,0,37,19,0,0,0,0,0,0,0,0,0,0,0,25,3,0,16,0,0,1,0,8,0,0,12,0,0,0,0,634,22,22,69,11,14,0,3,200,0,0,39,0,0,0,0,57,7,0,197,36,0,0,2,0,4,0,0,0,0,0,109,1,0,21,18,1,0,0,4,0,0,0,0,0,0,0,0,11,0,0,4,0,0,0,3,0,0,0,0,0,0,0,0,1997,980,454,1290,36,14,13,418,220,0,0,53,2,35,0,168,291,12,125,93,0,0,4,2,1,0,0,6,0,0,0,2,2737,584,696,1671,500,112,464,192,41,504,66,270,0,0,0,4,198,11,6,204,183,10,17,25,0,0,2,11,0,0,0,0,4521,881,1855,2447,410,134,212,76,424,5,163,0,342,3,0,260,4360,2192,2323,6469,367,5,575,1028,33,20,379,271,376,0,0,5,0,16,3,4,0,0,0,6,2,0,0,0,0,0,0,0,753,34,12,115,19,1,0,22,1,0,0,2,0,0,0,0,371,6,8,30,184,3,3,4,5,1,13,13,4,2,0,10,1350,1292,535,417,501,183,6,5,13,2,12,5,5,0,2,0,755,14,19,574,173,282,2,121,11,158,2,8,57,37,0,5,119,74,2,251,29,0,0,17,0,2,0,41,16,1,0,8,545,23,4,223,0,17,0,0,0,0,0,0,0,3,0,0,0,0,0,0,14,0,0,0,0,0,0,0,0,0,0,0,0,111,12,16,0,0,0,0,0,0,0,0,0,0,0,0,5924,2800,1757,6757,186,47,8,817,62,3,54,123,496,171,0,830,1359,433,123,1430,2,20,11,262,21,0,0,195,101,7,1,56,1943,876,1149,2968,287,5,14,1214,133,17,3,360,124,63,6,237,462,16,0,134,0,0,0,0,0,0,0,0,0,6,0,11,5722,2689,1731,7113,292,0,3,340,620,216,475,720,213,64,37,158,0,0,3,26,0,162,0,5,0,0,0,0,0,0,0,0,231,0,3,15,0,0,0,0,3,0,0,1,0,0,0,0,3338,890,261,874,466,26,30,270,35,0,16,183,6,305,0,59,1176,434,440,706,124,22,0,30,97,2,4,88,25,3,0
0,22,0,242,133,0,0,0,0,0,0,0,0,0,0,0,0,436,0,0,128,5,153,0,22,0,0,0,0,0,0,0,0,12,75,25,57,0,0,0,0,0,2,0,0,0,0,4,19,294,240,228,307,32,285,8,20,0,0,0,0,0,0,0,0,22,22,14,38,0,12,0,0,0,0,8,0,0,0,0,0,15,114,0,7,0,0,0,13,0,0,0,0,0,0,0,0,545,24,81,55,173,53,13,13,0,0,0,0,0,0,0,0,62,53,0,83,0,0,0,9,0,0,0,0,0,0,0,9,265,7,1,36,2,0,0,0,0,3,0,0,0,0,0,0,0,4,0,0,0,0,0,0,0,0,0,0,0,0,0,0,712,155,0,3,0,0,0,2,0,0,0,0,0,0,0,0,256,477,2,151,0,0,0,49,0,0,0,8,0,8,0,0,0,0,0,0,0,0,0,0,0,0,0,0,0,0,0,1,15,1,26,34,0,0,0,26,6,10,0,90,0,0,0,0,159,12,6,54,0,1,0,0,2,2,0,6,14,0,0,5,0,13,0,0,0,0,0,0,7,0,0,0,0,0,0,0,441,20,0,31,0,5,0,0,6,0,0,1,0,0,0,0,19,18,0,35,0,0,0,1,23,1,0,0,0,1,0,9,55,22,10,89,8,0,0,1,0,0,0,0,17,0,0,0,3,1,3,0,1,1,0,0,0,0,0,0,0,0,0,0,4,168,101,57,0,0,0,0,0,6,0,0,0,0,0,0,8,1,1,115,11,65,2,14,16,0,0,0,0,0,0,0,140,44,2,121,0,0,0,5,0,0,0,0,0,0,0,0,9,0,0,3,0,0,0,0,0,0,0,0,13,0,0,0,36,4,2,36,0,0,10,6,0,0,0,4,0,0,0,64,24,1,0,19,0,0,0,109,0,0,0,1,0,0,0,2,35,8,0,10,1,0,0,0,0,1,0,0,0,0,0,0,0,0,0,17,0,0,0,0,0,0,0,0,0,0,0,0,0,0,0,0,0,0,0,2,0,0,0,0,0,0,2,0,39,39,16,156,0,0,0,0,0,0,0,6,0,0,0,0,32,987,27,56,0,13,0,4,0,0,0,0,0,0,0,0,131,0,1,36,113,0,0,0,0,0,0,0,0,0,0,0,0,0,10,304,0,0,0,128,0,0,0,0,0,0,0,0,143,70,0,95,0,0,0,0,0,0,0,0,0,0,0,0,297,33,0,37,19,0,0,0,0,0,0,0,0,0,0,0,25,3,0,16,0,0,1,0,8,0,0,12,0,0,0,0,634,22,22,69,11,14,0,3,200,0,0,39,0,0,0,0,57,7,0,197,36,0,0,2,0,4,0,0,0,0,0,109,1,0,21,18,1,0,0,4,0,0,0,0,0,0,0,0,11,0,0,4,0,0,0,3,0,0,0,0,0,0,0,0,1997,980,454,1290,36,14,13,418,220,0,0,53,2,35,0,168,291,12,125,93,0,0,4,2,1,0,0,6,0,0,0,2,2737,584,696,1671,500,112,464,192,41,504,66,270,0,0,0,4,198,11,6,204,183,10,17,25,0,0,2,11,0,0,0,0,4522,881,1855,2447,410,134,212,76,424,5,163,0,342,3,0,260,4361,2192,2324,6469,368,5,575,1028,33,20,379,271,376,0,0,5,0,16,3,4,0,0,0,6,2,0,0,0,0,0,0,0,753,34,12,115,19,1,0,22,1,0,0,2,0,0,0,0,371,6,8,30,184,3,3,4,5,1,13,13,4,2,0,10,1350,1292,536,417,501,183,6,5,13,2,12,5,5,0,2,0,755,14,19,574,173,282,2,121,11,158,2,8,57,37,0,5,119,74,2,251,29,0,0,17,0,2,0,41,16,1,0,8,546,23,4,223,0,17,0,0,0,0,0,0,0,3,0,0,0,0,0,0,14,0,0,0,0,0,0,0,0,0,0,0,0,111,12,16,0,0,0,0,0,0,0,0,0,0,0,0,5924,2800,1757,6757,186,47,8,817,62,3,54,123,496,171,0,830,1359,433,123,1430,2,20,11,262,21,0,0,195,101,7,1,56,1944,876,1149,2968,287,5,14,1214,133,17,3,360,124,63,6,237,462,16,0,134,0,0,0,0,0,0,0,0,0,6,0,11,5723,2690,1731,7113,292,0,3,340,620,216,476,720,213,64,37,158,0,0,3,26,0,162,0,5,0,0,0,0,0,0,0,0,231,0,3,15,0,0,0,0,3,0,0,1,0,0,0,0,3339,890,261,874,466,26,30,270,35,0,16,183,6,306,0,59,1176,434,440,706,124,22,0,30,97,2,4,88,25,3,0
0,22,0,242,133,0,0,0,0,0,0,0,0,0,0,0,0,436,0,0,128,5,153,0,22,0,0,0,0,0,0,0,0,12,75,25,57,0,0,0,0,0,2,0,0,0,0,4,19,294,240,228,307,32,285,8,20,0,0,0,0,0,0,0,0,22,22,14,38,0,12,0,0,0,0,8,0,0,0,0,0,15,114,0,7,0,0,0,13,0,0,0,0,0,0,0,0,545,24,81,55,173,53,13,13,0,0,0,0,0,0,0,0,62,53,0,83,0,0,0,9,0,0,0,0,0,0,0,9,265,7,1,36,2,0,0,0,0,3,0,0,0,0,0,0,0,4,0,0,0,0,0,0,0,0,0,0,0,0,0,0,712,155,0,3,0,0,0,2,0,0,0,0,0,0,0,0,256,477,2,151,0,0,0,49,0,0,0,8,0,8,0,0,0,0,0,0,0,0,0,0,0,0,0,0,0,0,0,1,15,1,26,34,0,0,0,26,6,10,0,90,0,0,0,0,159,12,6,54,0,1,0,0,2,2,0,6,14,0,0,5,0,13,0,0,0,0,0,0,7,0,0,0,0,0,0,0,441,20,0,31,0,5,0,0,6,0,0,1,0,0,0,0,19,18,0,35,0,0,0,1,23,1,0,0,0,1,0,9,55,22,10,89,8,0,0,1,0,0,0,0,17,0,0,0,3,1,3,0,1,1,0,0,0,0,0,0,0,0,0,0,4,168,101,57,0,0,0,0,0,6,0,0,0,0,0,0,8,1,1,115,11,65,2,14,16,0,0,0,0,0,0,0,140,44,2,121,0,0,0,5,0,0,0,0,0,0,0,0,9,0,0,3,0,0,0,0,0,0,0,0,13,0,0,0,36,4,2,36,0,0,10,6,0,0,0,4,0,0,0,64,24,1,0,19,0,0,0,109,0,0,0,1,0,0,0,2,35,8,0,10,1,0,0,0,0,1,0,0,0,0,0,0,0,0,0,17,0,0,0,0,0,0,0,0,0,0,0,0,0,0,0,0,0,0,0,2,0,0,0,0,0,0,2,0,39,39,16,156,0,0,0,0,0,0,0,6,0,0,0,0,32,987,27,56,0,13,0,4,0,0,0,0,0,0,0,0,131,0,1,36,113,0,0,0,0,0,0,0,0,0,0,0,0,0,10,304,0,0,0,128,0,0,0,0,0,0,0,0,143,70,0,95,0,0,0,0,0,0,0,0,0,0,0,0,297,33,0,37,19,0,0,0,0,0,0,0,0,0,0,0,25,3,0,16,0,0,1,0,8,0,0,12,0,0,0,0,634,22,22,69,11,14,0,3,200,0,0,39,0,0,0,0,57,7,0,197,36,0,0,2,0,4,0,0,0,0,0,109,1,0,21,18,1,0,0,4,0,0,0,0,0,0,0,0,11,0,0,4,0,0,0,3,0,0,0,0,0,0,0,0,1997,980,454,1290,36,14,13,418,220,0,0,53,2,35,0,168,291,12,125,93,0,0,4,2,1,0,0,6,0,0,0,2,2737,584,696,1672,500,112,464,192,41,504,66,270,0,0,0,4,198,11,6,204,183,10,17,25,0,0,2,11,0,0,0,0,4521,881,1855,2447,410,134,212,76,424,5,163,0,342,3,0,260,4360,2192,2323,6469,367,5,575,1028,33,20,379,271,376,0,0,5,0,16,3,4,0,0,0,6,2,0,0,0,0,0,0,0,753,34,12,115,19,1,0,22,1,0,0,2,0,0,0,0,371,6,8,30,184,3,3,4,5,1,13,13,4,2,0,10,1350,1292,535,417,501,183,6,5,13,2,12,5,5,0,2,0,755,14,19,574,173,282,2,121,11,158,2,8,57,37,0,5,119,74,2,251,29,0,0,17,0,2,0,41,16,1,0,8,545,23,4,223,0,17,0,0,0,0,0,0,0,3,0,0,0,0,0,0,14,0,0,0,0,0,0,0,0,0,0,0,0,111,12,16,0,0,0,0,0,0,0,0,0,0,0,0,5924,2800,1757,6758,186,47,8,817,62,3,54,123,496,171,0,830,1359,434,123,1430,2,20,11,262,21,0,0,195,101,7,1,56,1943,876,1149,2968,287,5,14,1214,133,17,3,360,124,63,6,237,462,16,0,135,0,0,0,0,0,0,0,0,0,6,0,11,5722,2689,1731,7113,292,0,3,340,620,216,475,720,213,64,37,158,0,0,3,26,0,162,0,5,0,0,0,0,0,0,0,0,231,0,3,15,0,0,0,0,3,0,0,1,0,0,0,0,3338,890,261,874,466,26,30,270,35,0,16,183,6,305,0,59,1176,434,440,706,124,22,0,30,97,2,4,88,25,3,0
0,22,0,242,133,0,0,0,0,0,0,0,0,0,0,0,0,436,0,0,128,5,153,0,22,0,0,0,0,0,0,0,0,12,75,25,57,0,0,0,0,0,2,0,0,0,0,4,19,294,240,228,307,32,285,8,20,0,0,0,0,0,0,0,0,22,22,14,38,0,12,0,0,0,0,8,0,0,0,0,0,15,114,0,7,0,0,0,13,0,0,0,0,0,0,0,0,545,24,81,55,173,53,13,13,0,0,0,0,0,0,0,0,62,53,0,83,0,0,0,9,0,0,0,0,0,0,0,9,265,7,1,36,2,0,0,0,0,3,0,0,0,0,0,0,0,4,0,0,0,0,0,0,0,0,0,0,0,0,0,0,712,155,0,3,0,0,0,2,0,0,0,0,0,0,0,0,256,477,2,151,0,0,0,49,0,0,0,8,0,8,0,0,0,0,0,0,0,0,0,0,0,0,0,0,0,0,0,1,15,1,26,34,0,0,0,26,6,10,0,90,0,0,0,0,159,12,6,54,0,1,0,0,2,2,0,6,14,0,0,5,0,13,0,0,0,0,0,0,7,0,0,0,0,0,0,0,441,20,0,31,0,5,0,0,6,0,0,1,0,0,0,0,19,18,0,35,0,0,0,1,23,1,0,0,0,1,0,9,55,22,10,89,8,0,0,1,0,0,0,0,17,0,0,0,3,1,3,0,1,1,0,0,0,0,0,0,0,0,0,0,4,168,101,57,0,0,0,0,0,6,0,0,0,0,0,0,8,1,1,115,11,65,2,14,16,0,0,0,0,0,0,0,140,44,2,121,0,0,0,5,0,0,0,0,0,0,0,0,9,0,0,3,0,0,0,0,0,0,0,0,13,0,0,0,36,4,2,36,0,0,10,6,0,0,0,4,0,0,0,64,24,1,0,19,0,0,0,109,0,0,0,1,0,0,0,2,35,8,0,10,1,0,0,0,0,1,0,0,0,0,0,0,0,0,0,17,0,0,0,0,0,0,0,0,0,0,0,0,0,0,0,0,0,0,0,2,0,0,0,0,0,0,2,0,39,39,16,156,0,0,0,0,0,0,0,6,0,0,0,0,32,987,27,56,0,13,0,4,0,0,0,0,0,0,0,0,131,0,1,36,113,0,0,0,0,0,0,0,0,0,0,0,0,0,10,304,0,0,0,128,0,0,0,0,0,0,0,0,143,70,0,95,0,0,0,0,0,0,0,0,0,0,0,0,297,33,0,37,19,0,0,0,0,0,0,0,0,0,0,0,25,3,0,16,0,0,1,0,8,0,0,12,0,0,0,0,634,22,22,69,11,14,0,3,200,0,0,39,0,0,0,0,57,7,0,197,36,0,0,2,0,4,0,0,0,0,0,109,1,0,21,18,1,0,0,4,0,0,0,0,0,0,0,0,11,0,0,4,0,0,0,3,0,0,0,0,0,0,0,0,1997,980,454,1290,36,14,13,418,220,0,0,53,2,35,0,168,291,12,125,93,0,0,4,2,1,0,0,6,0,0,0,2,2737,584,696,1671,500,112,464,192,41,504,66,270,0,0,0,4,198,11,6,204,183,10,17,25,0,0,2,11,0,0,0,0,4521,881,1855,2447,410,134,212,76,424,5,163,0,342,3,0,260,4360,2192,2323,6469,367,5,575,1028,33,20,379,271,376,0,0,5,0,16,3,4,0,0,0,6,2,0,0,0,0,0,0,0,753,34,12,115,19,1,0,22,1,0,0,2,0,0,0,0,371,6,8,30,184,3,3,4,5,1,13,13,4,2,0,10,1350,1292,535,417,501,183,6,5,13,2,12,5,5,0,2,0,755,14,19,574,173,282,2,121,11,158,2,8,57,37,0,5,119,74,2,251,29,0,0,17,0,2,0,41,16,1,0,8,545,23,4,223,0,17,0,0,0,0,0,0,0,3,0,0,0,0,0,0,14,0,0,0,0,0,0,0,0,0,0,0,0,111,12,16,0,0,0,0,0,0,0,0,0,0,0,0,5924,2800,1757,6757,186,47,8,817,62,3,54,123,496,171,0,830,1359,433,123,1430,2,20,11,262,21,0,0,195,101,7,1,56,1943,876,1149,2968,287,5,14,1214,133,17,3,360,124,63,6,237,462,16,0,134,0,0,0,0,0,0,0,0,0,6,0,11,5722,2689,1731,7113,292,0,3,340,620,216,475,720,213,64,37,158,0,0,3,26,0,162,0,5,0,0,0,0,0,0,0,0,231,0,3,15,0,0,0,0,3,0,0,1,0,0,0,0,3338,890,261,874,466,26,30,270,35,0,16,183,6,305,0,59,1176,434,440,706,124,22,0,30,97,2,4,88,25,3,0
0,22,0,242,133,0,0,0,0,0,0,0,0,0,0,0,0,436,0,0,128,5,153,0,22,0,0,0,0,0,0,0,0,12,75,26,58,0,0,0,0,0,2,0,0,0,0,4,19,294,240,228,307,32,285,8,20,0,0,0,0,0,0,0,0,22,22,14,38,0,12,0,0,0,0,8,0,0,0,0,0,15,114,0,7,0,0,0,13,0,0,0,0,0,0,0,0,545,24,81,55,173,53,13,13,0,0,0,0,0,0,0,0,62,53,0,83,0,0,0,9,0,0,0,0,0,0,0,9,265,7,1,36,2,0,0,0,0,3,0,0,0,0,0,0,0,4,0,0,0,0,0,0,0,0,0,0,0,0,0,0,712,155,0,3,0,0,0,2,0,0,0,0,0,0,0,0,256,477,2,151,0,0,0,49,0,0,0,8,0,8,0,0,0,0,0,0,0,0,0,0,0,0,0,0,0,0,0,1,15,1,26,34,0,0,0,26,6,10,0,90,0,0,0,0,159,12,6,54,0,1,0,0,2,2,0,6,14,0,0,5,0,13,0,0,0,0,0,0,7,0,0,0,0,0,0,0,441,20,0,31,0,5,0,0,6,0,0,1,0,0,0,0,19,18,0,35,0,0,0,1,23,1,0,0,0,1,0,9,55,22,10,89,8,0,0,1,0,0,0,0,17,0,0,0,3,1,3,0,1,1,0,0,0,0,0,0,0,0,0,0,4,168,101,57,0,0,0,0,0,6,0,0,0,0,0,0,8,1,1,115,11,65,2,14,16,0,0,0,0,0,0,0,140,44,2,121,0,0,0,5,0,0,0,0,0,0,0,0,9,0,0,3,0,0,0,0,0,0,0,0,13,0,0,0,36,4,2,36,0,0,10,6,0,0,0,4,0,0,0,64,24,1,0,19,0,0,0,109,0,0,0,1,0,0,0,2,35,8,0,10,1,0,0,0,0,1,0,0,0,0,0,0,0,0,0,17,0,0,0,0,0,0,0,0,0,0,0,0,0,0,0,0,0,0,0,2,0,0,0,0,0,0,2,0,39,39,16,156,0,0,0,0,0,0,0,6,0,0,0,0,32,987,27,56,0,13,0,4,0,0,0,0,0,0,0,0,131,0,1,36,113,0,0,0,0,0,0,0,0,0,0,0,0,0,10,304,0,0,0,128,0,0,0,0,0,0,0,0,143,70,0,95,0,0,0,0,0,0,0,0,0,0,0,0,297,33,0,37,19,0,0,0,0,0,0,0,0,0,0,0,25,3,0,16,0,0,1,0,8,0,0,12,0,0,0,0,634,22,22,69,11,14,0,3,200,0,0,39,0,0,0,0,57,7,0,197,36,0,0,2,0,4,0,0,0,0,0,109,1,0,21,18,1,0,0,4,0,0,0,0,0,0,0,0,11,0,0,4,0,0,0,3,0,0,0,0,0,0,0,0,1997,980,454,1290,36,14,13,418,220,0,0,53,2,35,0,168,291,12,125,93,0,0,4,2,1,0,0,6,0,0,0,2,2737,584,696,1671,500,112,464,192,41,504,66,270,0,0,0,4,198,11,6,204,183,10,17,25,0,0,2,11,0,0,0,0,4521,881,1855,2447,410,134,212,76,424,5,163,0,342,3,0,260,4360,2192,2323,6469,367,5,575,1028,33,20,379,271,376,0,0,5,0,16,3,4,0,0,0,6,2,0,0,0,0,0,0,0,753,34,12,115,19,1,0,22,1,0,0,2,0,0,0,0,371,6,8,30,184,3,3,4,5,1,13,13,4,2,0,10,1350,1292,535,417,501,183,6,5,13,2,12,5,5,0,2,0,755,14,20,575,173,282,2,121,11,158,2,8,57,37,0,5,119,74,2,251,29,0,0,17,0,2,0,41,16,1,0,8,545,23,4,223,0,17,0,0,0,0,0,0,0,3,0,0,0,0,0,0,14,0,0,0,0,0,0,0,0,0,0,0,0,111,12,16,0,0,0,0,0,0,0,0,0,0,0,0,5924,2800,1757,6757,186,47,8,817,62,3,54,123,496,171,0,830,1359,433,123,1432,2,20,11,262,21,0,0,195,101,7,1,57,1943,876,1149,2968,287,5,14,1214,133,17,3,360,124,63,6,237,463,16,0,135,0,0,0,0,0,0,0,0,0,6,0,11,5722,2689,1731,7114,292,0,3,340,620,216,475,720,213,64,37,158,0,0,3,26,0,162,0,5,0,0,0,0,0,0,0,0,231,0,3,15,0,0,0,0,3,0,0,1,0,0,0,0,3338,890,261,874,466,26,30,270,35,0,16,183,6,305,0,59,1176,435,440,706,124,22,0,30,97,2,4,88,25,3,0
0,22,0,243,133,0,0,0,0,0,0,0,0,0,0,0,0,436,0,0,128,5,153,0,22,0,0,0,0,0,0,0,0,12,75,25,57,0,0,0,0,0,2,0,0,0,0,4,19,294,240,228,307,32,285,8,20,0,0,0,0,0,0,0,0,22,22,14,38,0,12,0,0,0,0,8,0,0,0,0,0,15,114,0,7,0,0,0,13,0,0,0,0,0,0,0,0,545,24,81,55,173,53,13,13,0,0,0,0,0,0,0,0,62,53,0,83,0,0,0,9,0,0,0,0,0,0,0,9,265,7,1,36,2,0,0,0,0,3,0,0,0,0,0,0,0,4,0,0,0,0,0,0,0,0,0,0,0,0,0,0,712,155,0,3,0,0,0,2,0,0,0,0,0,0,0,0,257,477,2,151,0,0,0,49,0,0,0,8,0,8,0,0,0,0,0,0,0,0,0,0,0,0,0,0,0,0,0,1,15,1,26,34,0,0,0,26,6,10,0,90,0,0,0,0,159,12,6,54,0,1,0,0,2,2,0,6,14,0,0,5,0,13,0,0,0,0,0,0,7,0,0,0,0,0,0,0,441,20,0,31,0,5,0,0,6,0,0,1,0,0,0,0,19,18,0,35,0,0,0,1,23,1,0,0,0,1,0,9,55,22,10,89,8,0,0,1,0,0,0,0,17,0,0,0,3,1,3,0,1,1,0,0,0,0,0,0,0,0,0,0,4,168,101,57,0,0,0,0,0,6,0,0,0,0,0,0,8,1,1,115,11,65,2,14,16,0,0,0,0,0,0,0,140,44,2,121,0,0,0,5,0,0,0,0,0,0,0,0,9,0,0,3,0,0,0,0,0,0,0,0,13,0,0,0,36,4,2,36,0,0,10,6,0,0,0,4,0,0,0,64,24,1,0,19,0,0,0,109,0,0,0,1,0,0,0,2,35,8,0,10,1,0,0,0,0,1,0,0,0,0,0,0,0,0,0,17,0,0,0,0,0,0,0,0,0,0,0,0,0,0,0,0,0,0,0,2,0,0,0,0,0,0,2,0,39,39,16,156,0,0,0,0,0,0,0,6,0,0,0,0,32,987,27,56,0,13,0,4,0,0,0,0,0,0,0,0,131,0,1,36,113,0,0,0,0,0,0,0,0,0,0,0,0,0,10,304,0,0,0,128,0,0,0,0,0,0,0,0,143,70,0,95,0,0,0,0,0,0,0,0,0,0,0,0,297,33,0,37,19,0,0,0,0,0,0,0,0,0,0,0,25,3,0,16,0,0,1,0,8,0,0,12,0,0,0,0,635,22,22,69,11,14,0,3,200,0,0,39,0,0,0,0,57,7,0,197,36,0,0,2,0,4,0,0,0,0,0,109,1,0,21,18,1,0,0,4,0,0,0,0,0,0,0,0,11,0,0,4,0,0,0,3,0,0,0,0,0,0,0,0,1997,983,454,1291,36,14,13,419,221,0,0,53,2,35,0,168,291,12,125,93,0,0,4,2,1,0,0,6,0,0,0,2,2737,584,696,1671,500,112,464,192,41,504,66,270,0,0,0,4,198,11,6,204,183,10,17,25,0,0,2,11,0,0,0,0,4521,881,1855,2447,410,134,212,76,424,5,163,0,342,3,0,260,4360,2192,2323,6469,367,5,575,1028,33,20,379,271,376,0,0,5,0,16,3,4,0,0,0,6,2,0,0,0,0,0,0,0,754,34,12,115,19,1,0,22,1,0,0,2,0,0,0,0,371,6,8,30,184,3,3,4,5,1,13,13,4,2,0,10,1351,1292,535,417,501,183,6,5,13,2,12,5,5,0,2,0,755,14,19,574,173,282,2,121,11,158,2,8,57,37,0,5,119,74,2,251,29,0,0,17,0,2,0,41,16,1,0,8,545,23,4,223,0,17,0,0,0,0,0,0,0,3,0,0,0,0,0,0,14,0,0,0,0,0,0,0,0,0,0,0,0,111,12,16,0,0,0,0,0,0,0,0,0,0,0,0,5924,2800,1758,6757,186,47,8,817,62,3,54,123,496,171,0,830,1359,433,123,1430,2,20,11,262,21,0,0,195,101,7,1,56,1943,876,1149,2968,287,5,14,1214,133,17,3,360,124,63,6,237,462,16,0,134,0,0,0,0,0,0,0,0,0,6,0,11,5722,2689,1731,7113,292,0,3,340,620,216,475,720,213,64,37,158,0,0,3,26,0,162,0,5,0,0,0,0,0,0,0,0,231,0,3,15,0,0,0,0,3,0,0,1,0,0,0,0,3339,890,261,874,466,26,30,271,35,0,16,183,6,305,0,59,1176,434,440,706,124,22,0,30,97,2,4,88,25,3,0
0,22,0,242,133,0,0,0,0,0,0,0,0,0,0,0,0,436,0,0,128,5,153,0,22,0,0,0,0,0,0,0,0,12,75,25,57,0,0,0,0,0,2,0,0,0,0,4,19,294,240,228,307,32,285,8,20,0,0,0,0,0,0,0,0,22,22,14,38,0,12,0,0,0,0,8,0,0,0,0,0,15,114,0,7,0,0,0,13,0,0,0,0,0,0,0,0,545,24,81,55,173,53,13,13,0,0,0,0,0,0,0,0,62,53,0,83,0,0,0,9,0,0,0,0,0,0,0,9,265,7,1,36,2,0,0,0,0,3,0,0,0,0,0,0,0,4,0,0,0,0,0,0,0,0,0,0,0,0,0,0,712,155,0,3,0,0,0,2,0,0,0,0,0,0,0,0,256,477,2,151,0,0,0,49,0,0,0,8,0,8,0,0,0,0,0,0,0,0,0,0,0,0,0,0,0,0,0,1,15,1,26,34,0,0,0,26,6,10,0,90,0,0,0,0,159,12,6,54,0,1,0,0,2,2,0,6,14,0,0,5,0,13,0,0,0,0,0,0,7,0,0,0,0,0,0,0,441,20,0,31,0,5,0,0,6,0,0,1,0,0,0,0,19,18,0,35,0,0,0,1,23,1,0,0,0,1,0,9,55,22,10,89,8,0,0,1,0,0,0,0,17,0,0,0,3,1,3,0,1,1,0,0,0,0,0,0,0,0,0,0,4,168,101,57,0,0,0,0,0,6,0,0,0,0,0,0,8,1,1,115,11,65,2,14,16,0,0,0,0,0,0,0,140,44,2,121,0,0,0,5,0,0,0,0,0,0,0,0,9,0,0,3,0,0,0,0,0,0,0,0,13,0,0,0,36,4,2,36,0,0,10,6,0,0,0,4,0,0,0,64,24,1,0,19,0,0,0,109,0,0,0,1,0,0,0,2,35,8,0,10,1,0,0,0,0,1,0,0,0,0,0,0,0,0,0,17,0,0,0,0,0,0,0,0,0,0,0,0,0,0,0,0,0,0,0,2,0,0,0,0,0,0,2,0,39,39,16,156,0,0,0,0,0,0,0,6,0,0,0,0,32,987,27,56,0,13,0,4,0,0,0,0,0,0,0,0,131,0,1,36,113,0,0,0,0,0,0,0,0,0,0,0,0,0,10,304,0,0,0,128,0,0,0,0,0,0,0,0,143,70,0,95,0,0,0,0,0,0,0,0,0,0,0,0,297,33,0,37,19,0,0,0,0,0,0,0,0,0,0,0,25,3,0,16,0,0,1,0,8,0,0,12,0,0,0,0,634,22,22,69,11,14,0,3,200,0,0,39,0,0,0,0,57,7,0,197,36,0,0,2,0,4,0,0,0,0,0,109,1,0,21,18,1,0,0,4,0,0,0,0,0,0,0,0,11,0,0,4,0,0,0,3,0,0,0,0,0,0,0,0,1997,980,454,1290,36,14,13,418,220,0,0,53,2,35,0,168,291,12,125,93,0,0,4,2,1,0,0,6,0,0,0,2,2737,584,696,1671,500,112,464,192,41,504,66,270,0,0,0,4,198,11,6,204,183,10,17,25,0,0,2,11,0,0,0,0,4521,881,1855,2448,410,134,212,76,424,5,163,0,342,3,0,260,4361,2192,2323,6470,367,5,575,1028,33,20,379,271,376,0,0,5,0,16,3,4,0,0,0,6,2,0,0,0,0,0,0,0,753,34,12,115,19,1,0,22,1,0,0,2,0,0,0,0,371,6,8,30,184,3,3,4,5,1,13,13,4,2,0,10,1350,1292,535,417,501,183,6,5,13,2,12,5,5,0,2,0,755,14,19,574,173,282,2,121,11,158,2,8,57,37,0,5,119,74,2,251,29,0,0,17,0,2,0,41,16,1,0,8,545,23,4,223,0,17,0,0,0,0,0,0,0,3,0,0,0,0,0,0,14,0,0,0,0,0,0,0,0,0,0,0,0,111,12,16,0,0,0,0,0,0,0,0,0,0,0,0,5924,2800,1757,6757,186,47,8,817,62,3,54,123,496,171,0,830,1359,433,123,1430,2,20,11,262,21,0,0,195,101,7,1,56,1943,876,1149,2969,287,5,14,1214,133,17,3,360,124,63,6,237,462,16,0,134,0,0,0,0,0,0,0,0,0,6,0,11,5722,2691,1731,7115,292,0,3,340,620,216,475,720,213,64,37,158,0,0,3,26,0,162,0,5,0,0,0,0,0,0,0,0,231,0,3,15,0,0,0,0,3,0,0,1,0,0,0,0,3338,890,261,874,466,26,30,270,35,0,16,183,6,305,0,59,1176,434,440,706,124,22,0,30,97,2,4,88,25,3,0
0,22,0,242,133,0,0,0,0,0,0,0,0,0,0,0,0,436,0,0,128,5,153,0,22,0,0,0,0,0,0,0,0,12,75,25,57,0,0,0,0,0,2,0,0,0,0,4,19,294,240,228,307,32,285,8,20,0,0,0,0,0,0,0,0,22,22,14,38,0,12,0,0,0,0,8,0,0,0,0,0,15,114,0,7,0,0,0,13,0,0,0,0,0,0,0,0,545,24,81,55,173,53,13,13,0,0,0,0,0,0,0,0,62,53,0,83,0,0,0,9,0,0,0,0,0,0,0,9,265,7,1,36,2,0,0,0,0,3,0,0,0,0,0,0,0,4,0,0,0,0,0,0,0,0,0,0,0,0,0,0,712,155,0,3,0,0,0,2,0,0,0,0,0,0,0,0,256,477,2,151,0,0,0,49,0,0,0,8,0,8,0,0,0,0,0,0,0,0,0,0,0,0,0,0,0,0,0,1,15,1,26,34,0,0,0,26,6,10,0,90,0,0,0,0,159,12,6,54,0,1,0,0,2,2,0,6,14,0,0,5,0,13,0,0,0,0,0,0,7,0,0,0,0,0,0,0,441,20,0,31,0,5,0,0,6,0,0,1,0,0,0,0,19,18,0,35,0,0,0,1,23,1,0,0,0,1,0,9,55,22,10,89,8,0,0,1,0,0,0,0,17,0,0,0,3,1,3,0,1,1,0,0,0,0,0,0,0,0,0,0,4,168,101,57,0,0,0,0,0,6,0,0,0,0,0,0,8,1,1,115,11,65,2,14,16,0,0,0,0,0,0,0,140,44,2,121,0,0,0,5,0,0,0,0,0,0,0,0,9,0,0,3,0,0,0,0,0,0,0,0,13,0,0,0,36,4,2,36,0,0,10,6,0,0,0,4,0,0,0,64,24,1,0,19,0,0,0,109,0,0,0,1,0,0,0,2,35,8,0,10,1,0,0,0,0,1,0,0,0,0,0,0,0,0,0,17,0,0,0,0,0,0,0,0,0,0,0,0,0,0,0,0,0,0,0,2,0,0,0,0,0,0,2,0,39,39,16,156,0,0,0,0,0,0,0,6,0,0,0,0,32,987,27,56,0,13,0,4,0,0,0,0,0,0,0,0,131,0,1,36,113,0,0,0,0,0,0,0,0,0,0,0,0,0,10,304,0,0,0,128,0,0,0,0,0,0,0,0,143,70,0,95,0,0,0,0,0,0,0,0,0,0,0,0,297,33,0,37,19,0,0,0,0,0,0,0,0,0,0,0,25,3,0,16,0,0,1,0,8,0,0,12,0,0,0,0,634,22,22,69,11,14,0,3,200,0,0,39,0,0,0,0,57,7,0,197,36,0,0,2,0,4,0,0,0,0,0,109,1,0,21,18,1,0,0,4,0,0,0,0,0,0,0,0,11,0,0,4,0,0,0,3,0,0,0,0,0,0,0,0,1997,980,454,1290,36,14,13,418,220,0,0,53,2,35,0,168,291,12,125,93,0,0,4,2,1,0,0,6,0,0,0,2,2737,584,696,1671,500,112,464,192,41,504,66,270,0,0,0,4,198,11,6,204,183,10,17,25,0,0,2,11,0,0,0,0,4521,881,1856,2447,410,134,212,76,424,5,163,0,342,3,0,260,4360,2192,2323,6469,367,5,575,1028,33,20,379,271,376,0,0,5,0,16,3,4,0,0,0,6,2,0,0,0,0,0,0,0,753,34,12,115,19,1,0,22,1,0,0,2,0,0,0,0,371,6,8,30,184,3,3,4,5,1,13,13,4,2,0,10,1350,1292,535,417,501,183,6,5,13,2,12,5,5,0,2,0,755,14,19,574,173,282,2,121,11,158,2,8,57,37,0,5,119,74,2,251,29,0,0,17,0,2,0,41,16,1,0,8,545,23,4,223,0,17,0,0,0,0,0,0,0,3,0,0,0,0,0,0,14,0,0,0,0,0,0,0,0,0,0,0,0,111,12,16,0,0,0,0,0,0,0,0,0,0,0,0,5925,2800,1757,6757,186,47,8,817,62,3,54,123,496,171,0,830,1359,433,123,1430,2,20,11,262,21,0,0,195,101,7,1,56,1943,876,1149,2968,287,5,14,1214,133,17,3,360,124,63,6,237,462,16,0,134,0,0,0,0,0,0,0,0,0,6,0,11,5723,2689,1731,7113,292,0,3,340,620,216,475,720,213,64,37,158,0,0,3,26,0,162,0,5,0,0,0,0,0,0,0,0,231,0,3,15,0,0,0,0,3,0,0,1,0,0,0,0,3338,890,261,874,466,26,30,270,35,0,16,183,6,305,0,59,1176,434,440,706,124,22,0,30,97,2,4,88,25,3,0
0,22,0,242,133,0,0,0,0,0,0,0,0,0,0,0,0,436,0,0,128,5,153,0,22,0,0,0,0,0,0,0,0,12,75,25,57,0,0,0,0,0,2,0,0,0,0,4,19,294,240,228,307,32,285,8,20,0,0,0,0,0,0,0,0,22,22,14,38,0,12,0,0,0,0,8,0,0,0,0,0,15,114,0,7,0,0,0,13,0,0,0,0,0,0,0,0,545,24,81,55,173,53,13,13,0,0,0,0,0,0,0,0,62,53,0,83,0,0,0,9,0,0,0,0,0,0,0,9,265,7,1,36,2,0,0,0,0,3,0,0,0,0,0,0,0,4,0,0,0,0,0,0,0,0,0,0,0,0,0,0,712,155,0,3,0,0,0,2,0,0,0,0,0,0,0,0,256,477,2,151,0,0,0,49,0,0,0,8,0,8,0,0,0,0,0,0,0,0,0,0,0,0,0,0,0,0,0,1,15,1,26,34,0,0,0,26,6,10,0,90,0,0,0,0,159,12,6,54,0,1,0,0,2,2,0,6,14,0,0,5,0,13,0,0,0,0,0,0,7,0,0,0,0,0,0,0,441,20,0,31,0,5,0,0,6,0,0,1,0,0,0,0,19,18,0,35,0,0,0,1,23,1,0,0,0,1,0,9,55,22,10,89,8,0,0,1,0,0,0,0,17,0,0,0,3,1,3,0,1,1,0,0,0,0,0,0,0,0,0,0,4,168,101,57,0,0,0,0,0,6,0,0,0,0,0,0,8,1,1,115,11,65,2,14,16,0,0,0,0,0,0,0,140,44,2,121,0,0,0,5,0,0,0,0,0,0,0,0,9,0,0,3,0,0,0,0,0,0,0,0,13,0,0,0,36,4,2,36,0,0,10,6,0,0,0,4,0,0,0,64,24,1,0,19,0,0,0,109,0,0,0,1,0,0,0,2,35,8,0,10,1,0,0,0,0,1,0,0,0,0,0,0,0,0,0,17,0,0,0,0,0,0,0,0,0,0,0,0,0,0,0,0,0,0,0,2,0,0,0,0,0,0,2,0,39,39,16,156,0,0,0,0,0,0,0,6,0,0,0,0,32,987,27,56,0,13,0,4,0,0,0,0,0,0,0,0,131,0,1,36,113,0,0,0,0,0,0,0,0,0,0,0,0,0,10,304,0,0,0,128,0,0,0,0,0,0,0,0,143,70,0,95,0,0,0,0,0,0,0,0,0,0,0,0,297,33,0,37,19,0,0,0,0,0,0,0,0,0,0,0,25,3,0,16,0,0,1,0,8,0,0,12,0,0,0,0,634,22,22,69,11,14,0,3,200,0,0,39,0,0,0,0,57,7,0,197,36,0,0,2,0,4,0,0,0,0,0,109,1,0,21,18,1,0,0,4,0,0,0,0,0,0,0,0,11,0,0,4,0,0,0,3,0,0,0,0,0,0,0,0,1997,980,454,1290,36,14,13,418,220,0,0,53,2,35,0,168,291,12,125,93,0,0,4,2,1,0,0,6,0,0,0,2,2737,584,696,1671,500,112,464,192,41,504,66,270,0,0,0,4,198,11,6,204,183,10,17,25,0,0,2,11,0,0,0,0,4521,881,1856,2447,410,134,212,76,424,5,163,0,342,3,0,260,4360,2192,2323,6469,367,5,575,1028,33,20,379,271,376,0,0,5,0,16,3,4,0,0,0,6,2,0,0,0,0,0,0,0,753,34,12,115,19,1,0,22,1,0,0,2,0,0,0,0,371,6,8,30,184,3,3,4,5,1,13,13,4,2,0,10,1350,1292,535,417,501,183,6,5,13,2,12,5,5,0,2,0,755,14,19,574,173,282,2,121,11,158,2,8,57,37,0,5,119,74,2,251,29,0,0,17,0,2,0,41,16,1,0,8,545,23,4,223,0,17,0,0,0,0,0,0,0,3,0,0,0,0,0,0,14,0,0,0,0,0,0,0,0,0,0,0,0,111,12,16,0,0,0,0,0,0,0,0,0,0,0,0,5925,2800,1757,6757,186,47,8,817,62,3,54,123,496,171,0,830,1359,433,123,1430,2,20,11,262,21,0,0,195,101,7,1,56,1943,876,1149,2968,287,5,14,1214,133,17,3,360,124,63,6,237,462,16,0,134,0,0,0,0,0,0,0,0,0,6,0,11,5723,2689,1731,7113,292,0,3,340,620,216,475,720,213,64,37,158,0,0,3,26,0,162,0,5,0,0,0,0,0,0,0,0,231,0,3,15,0,0,0,0,3,0,0,1,0,0,0,0,3338,890,261,874,466,26,30,270,35,0,16,183,6,305,0,59,1176,434,440,706,124,22,0,30,97,2,4,88,25,3,0
0,22,0,242,133,0,0,0,0,0,0,0,0,0,0,0,0,436,0,0,128,5,153,0,22,0,0,0,0,0,0,0,0,12,75,25,57,0,0,0,0,0,2,0,0,0,0,4,19,294,240,228,307,32,285,8,20,0,0,0,0,0,0,0,0,22,22,14,38,0,12,0,0,0,0,8,0,0,0,0,0,15,114,0,7,0,0,0,13,0,0,0,0,0,0,0,0,545,24,81,55,173,53,13,13,0,0,0,0,0,0,0,0,62,53,0,83,0,0,0,9,0,0,0,0,0,0,0,9,265,7,1,36,2,0,0,0,0,3,0,0,0,0,0,0,0,4,0,0,0,0,0,0,0,0,0,0,0,0,0,0,712,155,0,3,0,0,0,2,0,0,0,0,0,0,0,0,256,477,2,151,0,0,0,49,0,0,0,8,0,8,0,0,0,0,0,0,0,0,0,0,0,0,0,0,0,0,0,1,15,1,26,34,0,0,0,26,6,10,0,90,0,0,0,0,159,12,6,54,0,1,0,0,2,2,0,6,14,0,0,5,0,13,0,0,0,0,0,0,7,0,0,0,0,0,0,0,441,20,0,31,0,5,0,0,6,0,0,1,0,0,0,0,19,18,0,35,0,0,0,1,23,1,0,0,0,1,0,9,55,22,10,89,8,0,0,1,0,0,0,0,17,0,0,0,3,1,3,0,1,1,0,0,0,0,0,0,0,0,0,0,4,168,101,57,0,0,0,0,0,6,0,0,0,0,0,0,8,1,1,115,11,65,2,14,16,0,0,0,0,0,0,0,140,44,2,121,0,0,0,5,0,0,0,0,0,0,0,0,9,0,0,3,0,0,0,0,0,0,0,0,13,0,0,0,36,4,2,36,0,0,10,6,0,0,0,4,0,0,0,64,24,1,0,19,0,0,0,109,0,0,0,1,0,0,0,2,35,8,0,10,1,0,0,0,0,1,0,0,0,0,0,0,0,0,0,17,0,0,0,0,0,0,0,0,0,0,0,0,0,0,0,0,0,0,0,2,0,0,0,0,0,0,2,0,39,39,16,156,0,0,0,0,0,0,0,6,0,0,0,0,32,987,27,56,0,13,0,4,0,0,0,0,0,0,0,0,131,0,1,36,113,0,0,0,0,0,0,0,0,0,0,0,0,0,10,304,0,0,0,128,0,0,0,0,0,0,0,0,143,70,0,95,0,0,0,0,0,0,0,0,0,0,0,0,297,33,0,37,19,0,0,0,0,0,0,0,0,0,0,0,25,3,0,16,0,0,1,0,8,0,0,12,0,0,0,0,634,22,22,69,11,14,0,3,200,0,0,39,0,0,0,0,57,7,0,197,36,0,0,2,0,4,0,0,0,0,0,109,1,0,21,18,1,0,0,4,0,0,0,0,0,0,0,0,11,0,0,4,0,0,0,3,0,0,0,0,0,0,0,0,1997,980,454,1290,36,14,13,418,220,0,0,53,2,35,0,168,291,12,125,93,0,0,4,2,1,0,0,6,0,0,0,2,2737,584,696,1671,500,112,464,192,41,504,66,270,0,0,0,4,198,11,6,204,183,10,17,25,0,0,2,11,0,0,0,0,4523,881,1855,2447,410,134,212,76,424,5,163,0,342,3,0,260,4361,2193,2323,6469,367,5,575,1028,33,20,379,271,376,0,0,5,0,16,3,4,0,0,0,6,2,0,0,0,0,0,0,0,753,34,12,115,19,1,0,22,1,0,0,2,0,0,0,0,371,6,8,30,184,3,3,4,5,1,13,13,4,2,0,10,1350,1292,535,417,501,183,6,5,13,2,12,5,5,0,2,0,755,14,19,574,173,282,2,121,11,158,2,8,57,37,0,5,119,74,2,251,29,0,0,17,0,2,0,41,16,1,0,8,545,23,4,223,0,17,0,0,0,0,0,0,0,3,0,0,0,0,0,0,14,0,0,0,0,0,0,0,0,0,0,0,0,111,12,16,0,0,0,0,0,0,0,0,0,0,0,0,5924,2800,1757,6757,186,47,8,817,62,3,54,123,496,171,0,830,1359,433,123,1430,2,20,11,262,21,0,0,195,101,7,1,56,1943,876,1149,2968,287,5,14,1214,133,17,3,360,124,63,6,237,462,16,0,134,0,0,0,0,0,0,0,0,0,6,0,11,5724,2689,1731,7113,292,0,3,340,620,216,475,720,213,64,37,158,0,0,3,26,0,162,0,5,0,0,0,0,0,0,0,0,231,0,3,15,0,0,0,0,3,0,0,1,0,0,0,0,3338,890,261,874,466,26,30,270,35,0,16,183,6,305,0,59,1176,434,440,706,124,22,0,30,97,2,4,88,25,3,0
0,22,0,242,133,0,0,0,0,0,0,0,0,0,0,0,0,436,0,0,128,5,153,0,22,0,0,0,0,0,0,0,0,12,75,25,57,0,0,0,0,0,2,0,0,0,0,4,19,294,240,228,307,32,285,8,20,0,0,0,0,0,0,0,0,22,22,14,38,0,12,0,0,0,0,8,0,0,0,0,0,15,114,0,7,0,0,0,13,0,0,0,0,0,0,0,0,545,24,81,55,173,53,13,13,0,0,0,0,0,0,0,0,62,53,0,83,0,0,0,9,0,0,0,0,0,0,0,9,265,7,1,36,2,0,0,0,0,3,0,0,0,0,0,0,0,4,0,0,0,0,0,0,0,0,0,0,0,0,0,0,712,155,0,3,0,0,0,2,0,0,0,0,0,0,0,0,256,477,2,151,0,0,0,49,0,0,0,8,0,8,0,0,0,0,0,0,0,0,0,0,0,0,0,0,0,0,0,1,15,1,26,34,0,0,0,26,6,10,0,90,0,0,0,0,159,12,6,54,0,1,0,0,2,2,0,6,14,0,0,5,0,13,0,0,0,0,0,0,7,0,0,0,0,0,0,0,441,20,0,31,0,5,0,0,6,0,0,1,0,0,0,0,19,18,0,35,0,0,0,1,23,1,0,0,0,1,0,9,55,22,10,89,8,0,0,1,0,0,0,0,17,0,0,0,3,1,3,0,1,1,0,0,0,0,0,0,0,0,0,0,4,168,101,57,0,0,0,0,0,6,0,0,0,0,0,0,8,1,1,115,11,65,2,14,16,0,0,0,0,0,0,0,140,44,2,121,0,0,0,5,0,0,0,0,0,0,0,0,9,0,0,3,0,0,0,0,0,0,0,0,13,0,0,0,36,4,2,36,0,0,10,6,0,0,0,4,0,0,0,64,24,1,0,19,0,0,0,109,0,0,0,1,0,0,0,2,35,8,0,10,1,0,0,0,0,1,0,0,0,0,0,0,0,0,0,17,0,0,0,0,0,0,0,0,0,0,0,0,0,0,0,0,0,0,0,2,0,0,0,0,0,0,2,0,39,39,16,156,0,0,0,0,0,0,0,6,0,0,0,0,32,987,27,56,0,13,0,4,0,0,0,0,0,0,0,0,131,0,1,36,113,0,0,0,0,0,0,0,0,0,0,0,0,0,10,304,0,0,0,128,0,0,0,0,0,0,0,0,143,70,0,95,0,0,0,0,0,0,0,0,0,0,0,0,297,33,0,37,19,0,0,0,0,0,0,0,0,0,0,0,25,3,0,16,0,0,1,0,8,0,0,12,0,0,0,0,634,22,22,69,11,14,0,3,200,0,0,39,0,0,0,0,57,7,0,197,36,0,0,2,0,4,0,0,0,0,0,109,1,0,21,18,1,0,0,4,0,0,0,0,0,0,0,0,11,0,0,4,0,0,0,3,0,0,0,0,0,0,0,0,1997,980,454,1290,36,14,13,418,220,0,0,53,2,35,0,168,291,12,125,93,0,0,4,2,1,0,0,6,0,0,0,2,2737,584,696,1671,500,112,464,192,41,504,66,270,0,0,0,4,198,11,6,204,183,10,17,25,0,0,2,11,0,0,0,0,4522,881,1855,2447,410,134,212,76,424,5,163,0,342,3,0,260,4361,2192,2324,6469,368,5,575,1028,33,20,379,271,376,0,0,5,0,16,3,4,0,0,0,6,2,0,0,0,0,0,0,0,753,34,12,115,19,1,0,22,1,0,0,2,0,0,0,0,371,6,8,30,184,3,3,4,5,1,13,13,4,2,0,10,1350,1292,536,417,501,183,6,5,13,2,12,5,5,0,2,0,755,14,19,574,173,282,2,121,11,158,2,8,57,37,0,5,119,74,2,251,29,0,0,17,0,2,0,41,16,1,0,8,546,23,4,223,0,17,0,0,0,0,0,0,0,3,0,0,0,0,0,0,14,0,0,0,0,0,0,0,0,0,0,0,0,111,12,16,0,0,0,0,0,0,0,0,0,0,0,0,5924,2800,1757,6757,186,47,8,817,62,3,54,123,496,171,0,830,1359,433,123,1430,2,20,11,262,21,0,0,195,101,7,1,56,1944,876,1149,2968,287,5,14,1214,133,17,3,360,124,63,6,237,462,16,0,134,0,0,0,0,0,0,0,0,0,6,0,11,5723,2690,1731,7113,292,0,3,340,620,216,476,720,213,64,37,158,0,0,3,26,0,162,0,5,0,0,0,0,0,0,0,0,231,0,3,15,0,0,0,0,3,0,0,1,0,0,0,0,3339,890,261,874,466,26,30,270,35,0,16,183,6,306,0,59,1176,434,440,706,124,22,0,30,97,2,4,88,25,3,0
0,22,0,242,133,0,0,0,0,0,0,0,0,0,0,0,0,436,0,0,128,5,153,0,22,0,0,0,0,0,0,0,0,12,75,25,57,0,0,0,0,0,2,0,0,0,0,4,19,294,240,228,307,32,285,8,20,0,0,0,0,0,0,0,0,22,22,14,38,0,12,0,0,0,0,8,0,0,0,0,0,15,114,0,7,0,0,0,13,0,0,0,0,0,0,0,0,545,24,81,55,173,53,13,13,0,0,0,0,0,0,0,0,62,53,0,83,0,0,0,9,0,0,0,0,0,0,0,9,265,7,1,36,2,0,0,0,0,3,0,0,0,0,0,0,0,4,0,0,0,0,0,0,0,0,0,0,0,0,0,0,712,155,0,3,0,0,0,2,0,0,0,0,0,0,0,0,256,477,2,151,0,0,0,49,0,0,0,8,0,8,0,0,0,0,0,0,0,0,0,0,0,0,0,0,0,0,0,1,15,1,26,34,0,0,0,26,6,10,0,90,0,0,0,0,159,12,6,54,0,1,0,0,2,2,0,6,14,0,0,5,0,13,0,0,0,0,0,0,7,0,0,0,0,0,0,0,441,20,0,31,0,5,0,0,6,0,0,1,0,0,0,0,19,18,0,35,0,0,0,1,23,1,0,0,0,1,0,9,55,22,10,89,8,0,0,1,0,0,0,0,17,0,0,0,3,1,3,0,1,1,0,0,0,0,0,0,0,0,0,0,4,168,101,57,0,0,0,0,0,6,0,0,0,0,0,0,8,1,1,115,11,65,2,14,16,0,0,0,0,0,0,0,140,44,2,121,0,0,0,5,0,0,0,0,0,0,0,0,9,0,0,3,0,0,0,0,0,0,0,0,13,0,0,0,36,4,2,36,0,0,10,6,0,0,0,4,0,0,0,64,24,1,0,19,0,0,0,109,0,0,0,1,0,0,0,2,35,8,0,10,1,0,0,0,0,1,0,0,0,0,0,0,0,0,0,17,0,0,0,0,0,0,0,0,0,0,0,0,0,0,0,0,0,0,0,2,0,0,0,0,0,0,2,0,39,39,16,156,0,0,0,0,0,0,0,6,0,0,0,0,32,988,27,56,0,13,0,4,0,0,0,0,0,0,0,0,131,0,1,36,113,0,0,0,0,0,0,0,0,0,0,0,0,0,10,304,0,0,0,128,0,0,0,0,0,0,0,0,143,70,0,95,0,0,0,0,0,0,0,0,0,0,0,0,297,33,0,37,19,0,0,0,0,0,0,0,0,0,0,0,25,3,0,16,0,0,1,0,8,0,0,12,0,0,0,0,634,22,22,69,11,14,0,3,200,0,0,39,0,0,0,0,57,7,0,197,36,0,0,2,0,4,0,0,0,0,0,109,1,0,21,18,1,0,0,4,0,0,0,0,0,0,0,0,11,0,0,4,0,0,0,3,0,0,0,0,0,0,0,0,1997,980,454,1290,36,14,13,418,220,0,0,53,2,35,0,168,291,12,125,93,0,0,4,2,1,0,0,6,0,0,0,2,2738,584,696,1671,500,112,465,192,41,505,66,270,0,0,0,4,198,11,6,204,183,10,17,25,0,0,2,11,0,0,0,0,4522,881,1855,2447,410,134,212,76,424,5,163,0,342,3,0,260,4360,2192,2324,6469,367,5,576,1029,33,20,379,271,376,0,0,5,0,16,3,4,0,0,0,6,2,0,0,0,0,0,0,0,753,34,12,115,19,1,0,22,1,0,0,2,0,0,0,0,371,6,8,30,184,3,3,4,5,1,13,13,4,2,0,10,1350,1293,535,417,501,183,6,5,13,2,12,5,5,0,2,0,756,14,19,575,173,282,2,121,11,158,2,8,57,37,0,5,119,74,2,251,29,0,0,17,0,2,0,41,16,1,0,8,545,23,4,223,0,17,0,0,0,0,0,0,0,3,0,0,0,0,0,0,14,0,0,0,0,0,0,0,0,0,0,0,0,111,12,16,0,0,0,0,0,0,0,0,0,0,0,0,5926,2800,1758,6759,186,47,8,818,62,3,54,123,496,171,0,830,1359,433,123,1430,2,20,11,262,21,0,0,195,101,7,1,56,1944,876,1149,2968,287,5,14,1216,133,17,3,360,124,63,6,237,462,16,0,134,0,0,0,0,0,0,0,0,0,6,0,11,5722,2689,1731,7114,292,0,3,340,620,216,475,720,213,64,37,158,0,0,3,26,0,162,0,5,0,0,0,0,0,0,0,0,231,0,3,15,0,0,0,0,3,0,0,1,0,0,0,0,3338,890,261,874,466,26,30,270,35,0,16,183,6,305,0,59,1176,434,440,706,124,22,0,30,97,2,4,88,25,3,0
0,22,0,242,133,0,0,0,0,0,0,0,0,0,0,0,0,436,0,0,128,5,153,0,22,0,0,0,0,0,0,0,0,12,75,25,57,0,0,0,0,0,2,0,0,0,0,4,19,294,240,228,307,32,285,8,20,0,0,0,0,0,0,0,0,22,22,14,38,0,12,0,0,0,0,8,0,0,0,0,0,15,114,0,7,0,0,0,13,0,0,0,0,0,0,0,0,545,24,81,55,173,53,13,13,0,0,0,0,0,0,0,0,62,53,0,83,0,0,0,9,0,0,0,0,0,0,0,9,265,7,1,36,2,0,0,0,0,3,0,0,0,0,0,0,0,4,0,0,0,0,0,0,0,0,0,0,0,0,0,0,712,155,0,3,0,0,0,2,0,0,0,0,0,0,0,0,256,477,2,151,0,0,0,49,0,0,0,8,0,8,0,0,0,0,0,0,0,0,0,0,0,0,0,0,0,0,0,1,15,1,26,34,0,0,0,26,6,10,0,90,0,0,0,0,159,12,6,54,0,1,0,0,2,2,0,6,14,0,0,5,0,13,0,0,0,0,0,0,7,0,0,0,0,0,0,0,441,20,0,31,0,5,0,0,6,0,0,1,0,0,0,0,19,18,0,35,0,0,0,1,23,1,0,0,0,1,0,9,55,22,10,89,8,0,0,1,0,0,0,0,17,0,0,0,3,1,3,0,1,1,0,0,0,0,0,0,0,0,0,0,4,168,101,57,0,0,0,0,0,6,0,0,0,0,0,0,8,1,1,115,11,65,2,14,16,0,0,0,0,0,0,0,140,44,2,121,0,0,0,5,0,0,0,0,0,0,0,0,9,0,0,3,0,0,0,0,0,0,0,0,13,0,0,0,36,4,2,36,0,0,10,6,0,0,0,4,0,0,0,64,24,1,0,19,0,0,0,109,0,0,0,1,0,0,0,2,35,8,0,10,1,0,0,0,0,1,0,0,0,0,0,0,0,0,0,17,0,0,0,0,0,0,0,0,0,0,0,0,0,0,0,0,0,0,0,2,0,0,0,0,0,0,2,0,39,39,16,156,0,0,0,0,0,0,0,6,0,0,0,0,32,987,27,56,0,13,0,4,0,0,0,0,0,0,0,0,131,0,1,36,113,0,0,0,0,0,0,0,0,0,0,0,0,0,10,304,0,0,0,128,0,0,0,0,0,0,0,0,143,70,0,95,0,0,0,0,0,0,0,0,0,0,0,0,297,33,0,37,19,0,0,0,0,0,0,0,0,0,0,0,25,3,0,16,0,0,1,0,8,0,0,12,0,0,0,0,634,22,22,69,11,14,0,3,200,0,0,39,0,0,0,0,57,7,0,197,36,0,0,2,0,4,0,0,0,0,0,109,1,0,21,18,1,0,0,4,0,0,0,0,0,0,0,0,11,0,0,4,0,0,0,3,0,0,0,0,0,0,0,0,1997,980,454,1290,36,14,13,418,220,0,0,53,2,35,0,168,291,12,125,93,0,0,4,2,1,0,0,6,0,0,0,2,2737,584,696,1671,500,112,464,192,41,504,66,270,0,0,0,4,198,11,6,204,183,10,17,25,0,0,2,11,0,0,0,0,4521,881,1856,2447,410,134,212,76,424,5,163,0,342,3,0,260,4360,2192,2323,6469,367,5,575,1028,33,20,379,271,376,0,0,5,0,16,3,4,0,0,0,6,2,0,0,0,0,0,0,0,753,34,12,115,19,1,0,22,1,0,0,2,0,0,0,0,371,6,8,30,184,3,3,4,5,1,13,13,4,2,0,10,1350,1292,535,417,501,183,6,5,13,2,12,5,5,0,2,0,755,14,19,574,173,282,2,121,11,158,2,8,57,37,0,5,119,74,2,251,29,0,0,17,0,2,0,41,16,1,0,8,545,23,4,223,0,17,0,0,0,0,0,0,0,3,0,0,0,0,0,0,14,0,0,0,0,0,0,0,0,0,0,0,0,111,12,16,0,0,0,0,0,0,0,0,0,0,0,0,5925,2800,1757,6757,186,47,8,817,62,3,54,123,496,171,0,830,1359,433,123,1430,2,20,11,262,21,0,0,195,101,7,1,56,1943,876,1149,2968,287,5,14,1214,133,17,3,360,124,63,6,237,462,16,0,134,0,0,0,0,0,0,0,0,0,6,0,11,5723,2689,1731,7113,292,0,3,340,620,216,475,720,213,64,37,158,0,0,3,26,0,162,0,5,0,0,0,0,0,0,0,0,231,0,3,15,0,0,0,0,3,0,0,1,0,0,0,0,3338,890,261,874,466,26,30,270,35,0,16,183,6,305,0,59,1176,434,440,706,124,22,0,30,97,2,4,88,25,3,0
0,22,0,242,133,0,0,0,0,0,0,0,0,0,0,0,0,436,0,0,128,5,153,0,22,0,0,0,0,0,0,0,0,12,75,25,57,0,0,0,0,0,2,0,0,0,0,4,19,294,240,228,307,32,285,8,20,0,0,0,0,0,0,0,0,22,22,14,38,0,12,0,0,0,0,8,0,0,0,0,0,15,114,0,7,0,0,0,13,0,0,0,0,0,0,0,0,545,24,81,55,173,53,13,13,0,0,0,0,0,0,0,0,62,53,0,83,0,0,0,9,0,0,0,0,0,0,0,9,265,7,1,36,2,0,0,0,0,3,0,0,0,0,0,0,0,4,0,0,0,0,0,0,0,0,0,0,0,0,0,0,712,155,0,3,0,0,0,2,0,0,0,0,0,0,0,0,256,477,2,151,0,0,0,49,0,0,0,8,0,8,0,0,0,0,0,0,0,0,0,0,0,0,0,0,0,0,0,1,15,1,26,34,0,0,0,26,6,10,0,90,0,0,0,0,159,12,6,54,0,1,0,0,2,2,0,6,14,0,0,5,0,13,0,0,0,0,0,0,7,0,0,0,0,0,0,0,441,20,0,31,0,5,0,0,6,0,0,1,0,0,0,0,19,18,0,35,0,0,0,1,23,1,0,0,0,1,0,9,55,22,10,89,8,0,0,1,0,0,0,0,17,0,0,0,3,1,3,0,1,1,0,0,0,0,0,0,0,0,0,0,4,168,101,57,0,0,0,0,0,6,0,0,0,0,0,0,8,1,1,115,11,65,2,14,16,0,0,0,0,0,0,0,140,44,2,121,0,0,0,5,0,0,0,0,0,0,0,0,9,0,0,3,0,0,0,0,0,0,0,0,13,0,0,0,36,4,2,36,0,0,10,6,0,0,0,4,0,0,0,64,24,1,0,19,0,0,0,109,0,0,0,1,0,0,0,2,35,8,0,10,1,0,0,0,0,1,0,0,0,0,0,0,0,0,0,17,0,0,0,0,0,0,0,0,0,0,0,0,0,0,0,0,0,0,0,2,0,0,0,0,0,0,2,0,39,39,16,156,0,0,0,0,0,0,0,6,0,0,0,0,32,987,27,56,0,13,0,4,0,0,0,0,0,0,0,0,131,0,1,36,113,0,0,0,0,0,0,0,0,0,0,0,0,0,10,304,0,0,0,128,0,0,0,0,0,0,0,0,143,70,0,95,0,0,0,0,0,0,0,0,0,0,0,0,297,33,0,37,19,0,0,0,0,0,0,0,0,0,0,0,25,3,0,16,0,0,1,0,8,0,0,12,0,0,0,0,634,22,22,69,11,14,0,3,200,0,0,39,0,0,0,0,57,7,0,197,36,0,0,2,0,4,0,0,0,0,0,109,1,0,21,18,1,0,0,4,0,0,0,0,0,0,0,0,11,0,0,4,0,0,0,3,0,0,0,0,0,0,0,0,1997,980,454,1290,36,14,13,418,220,0,0,53,2,35,0,168,291,12,125,93,0,0,4,2,1,0,0,6,0,0,0,2,2737,584,696,1671,500,112,464,192,41,504,66,270,0,0,0,4,198,11,6,204,183,10,17,25,0,0,2,11,0,0,0,0,4521,881,1855,2448,410,134,212,76,424,5,163,0,342,3,0,260,4361,2192,2323,6470,367,5,575,1028,33,20,379,271,376,0,0,5,0,16,3,4,0,0,0,6,2,0,0,0,0,0,0,0,753,34,12,115,19,1,0,22,1,0,0,2,0,0,0,0,371,6,8,30,184,3,3,4,5,1,13,13,4,2,0,10,1350,1292,535,417,501,183,6,5,13,2,12,5,5,0,2,0,755,14,19,574,173,282,2,121,11,158,2,8,57,37,0,5,119,74,2,251,29,0,0,17,0,2,0,41,16,1,0,8,545,23,4,223,0,17,0,0,0,0,0,0,0,3,0,0,0,0,0,0,14,0,0,0,0,0,0,0,0,0,0,0,0,111,12,16,0,0,0,0,0,0,0,0,0,0,0,0,5924,2800,1757,6757,186,47,8,817,62,3,54,123,496,171,0,830,1359,433,123,1430,2,20,11,262,21,0,0,195,101,7,1,56,1943,876,1149,2969,287,5,14,1214,133,17,3,360,124,63,6,237,462,16,0,134,0,0,0,0,0,0,0,0,0,6,0,11,5722,2691,1731,7115,292,0,3,340,620,216,475,720,213,64,37,158,0,0,3,26,0,162,0,5,0,0,0,0,0,0,0,0,231,0,3,15,0,0,0,0,3,0,0,1,0,0,0,0,3338,890,261,874,466,26,30,270,35,0,16,183,6,305,0,59,1176,434,440,706,124,22,0,30,97,2,4,88,25,3,0
0,22,0,242,133,0,0,0,0,0,0,0,0,0,0,0,0,436,0,0,128,5,153,0,22,0,0,0,0,0,0,0,0,12,75,25,57,0,0,0,0,0,2,0,0,0,0,4,19,294,240,228,307,32,285,8,20,0,0,0,0,0,0,0,0,22,22,14,38,0,12,0,0,0,0,8,0,0,0,0,0,15,114,0,7,0,0,0,13,0,0,0,0,0,0,0,0,545,24,81,55,173,53,13,13,0,0,0,0,0,0,0,0,62,53,0,83,0,0,0,9,0,0,0,0,0,0,0,9,265,7,1,36,2,0,0,0,0,3,0,0,0,0,0,0,0,4,0,0,0,0,0,0,0,0,0,0,0,0,0,0,712,155,0,3,0,0,0,2,0,0,0,0,0,0,0,0,256,477,2,151,0,0,0,49,0,0,0,8,0,8,0,0,0,0,0,0,0,0,0,0,0,0,0,0,0,0,0,1,15,1,26,34,0,0,0,26,6,10,0,90,0,0,0,0,159,12,6,54,0,1,0,0,2,2,0,6,14,0,0,5,0,13,0,0,0,0,0,0,7,0,0,0,0,0,0,0,441,20,0,31,0,5,0,0,6,0,0,1,0,0,0,0,19,18,0,35,0,0,0,1,23,1,0,0,0,1,0,9,55,22,10,89,8,0,0,1,0,0,0,0,17,0,0,0,3,1,3,0,1,1,0,0,0,0,0,0,0,0,0,0,4,168,101,57,0,0,0,0,0,6,0,0,0,0,0,0,8,1,1,115,11,65,2,14,16,0,0,0,0,0,0,0,140,44,2,121,0,0,0,5,0,0,0,0,0,0,0,0,9,0,0,3,0,0,0,0,0,0,0,0,13,0,0,0,36,4,2,36,0,0,10,6,0,0,0,4,0,0,0,64,24,1,0,19,0,0,0,109,0,0,0,1,0,0,0,2,35,8,0,10,1,0,0,0,0,1,0,0,0,0,0,0,0,0,0,17,0,0,0,0,0,0,0,0,0,0,0,0,0,0,0,0,0,0,0,2,0,0,0,0,0,0,2,0,39,39,16,156,0,0,0,0,0,0,0,6,0,0,0,0,32,987,27,56,0,13,0,4,0,0,0,0,0,0,0,0,131,0,1,36,113,0,0,0,0,0,0,0,0,0,0,0,0,0,10,304,0,0,0,128,0,0,0,0,0,0,0,0,143,70,0,95,0,0,0,0,0,0,0,0,0,0,0,0,297,33,0,37,19,0,0,0,0,0,0,0,0,0,0,0,25,3,0,16,0,0,1,0,8,0,0,12,0,0,0,0,634,22,22,69,11,14,0,3,200,0,0,39,0,0,0,0,57,7,0,197,36,0,0,2,0,4,0,0,0,0,0,109,1,0,21,18,1,0,0,4,0,0,0,0,0,0,0,0,11,0,0,4,0,0,0,3,0,0,0,0,0,0,0,0,1997,980,454,1290,36,14,13,418,220,0,0,53,2,35,0,168,291,12,125,93,0,0,4,2,1,0,0,6,0,0,0,2,2737,584,696,1671,500,112,464,192,41,504,66,270,0,0,0,4,198,11,6,204,183,10,17,25,0,0,2,11,0,0,0,0,4521,881,1855,2447,410,134,212,76,424,5,163,0,342,3,0,260,4360,2192,2323,6470,367,5,575,1028,33,20,379,271,376,0,0,5,0,16,3,4,0,0,0,6,2,0,0,0,0,0,0,0,753,34,12,115,19,1,0,22,1,0,0,2,0,0,0,0,371,6,8,30,184,3,3,4,5,1,13,13,4,2,0,10,1350,1292,535,417,501,183,6,5,13,2,12,5,5,0,2,0,755,14,19,574,173,282,2,121,11,158,2,8,57,37,0,5,119,74,2,251,29,0,0,17,0,2,0,41,16,1,0,8,545,23,4,223,0,17,0,0,0,0,0,0,0,3,0,0,0,0,0,0,14,0,0,0,0,0,0,0,0,0,0,0,0,111,12,16,0,0,0,0,0,0,0,0,0,0,0,0,5925,2801,1757,6757,186,47,8,817,62,3,54,123,496,171,0,830,1359,433,123,1430,2,20,11,262,21,0,0,195,101,7,1,56,1943,876,1149,2968,287,5,14,1214,133,17,3,360,124,63,6,237,462,16,0,134,0,0,0,0,0,0,0,0,0,6,0,11,5722,2689,1731,7113,292,0,3,340,620,216,475,720,213,64,37,158,0,0,3,26,0,162,0,5,0,0,0,0,0,0,0,0,231,0,3,15,0,0,0,0,3,0,0,1,0,0,0,0,3338,890,261,874,466,26,30,270,35,0,16,183,6,305,0,59,1176,434,440,706,124,22,0,30,97,2,4,88,25,3,0
0,22,0,242,133,0,0,0,0,0,0,0,0,0,0,0,0,436,0,0,128,5,153,0,22,0,0,0,0,0,0,0,0,12,75,25,57,0,0,0,0,0,2,0,0,0,0,4,19,294,240,229,307,32,285,8,20,0,0,0,0,0,0,0,0,22,22,14,38,0,12,0,0,0,0,8,0,0,0,0,0,15,114,0,7,0,0,0,13,0,0,0,0,0,0,0,0,545,24,81,55,173,53,13,13,0,0,0,0,0,0,0,0,62,53,0,83,0,0,0,9,0,0,0,0,0,0,0,9,265,7,1,36,2,0,0,0,0,3,0,0,0,0,0,0,0,4,0,0,0,0,0,0,0,0,0,0,0,0,0,0,712,155,0,3,0,0,0,2,0,0,0,0,0,0,0,0,256,477,2,151,0,0,0,49,0,0,0,8,0,8,0,0,0,0,0,0,0,0,0,0,0,0,0,0,0,0,0,1,15,1,26,34,0,0,0,26,6,10,0,90,0,0,0,0,159,12,6,54,0,1,0,0,2,2,0,6,14,0,0,5,0,13,0,0,0,0,0,0,7,0,0,0,0,0,0,0,441,20,0,31,0,5,0,0,6,0,0,1,0,0,0,0,19,18,0,35,0,0,0,1,23,1,0,0,0,1,0,9,55,22,10,89,8,0,0,1,0,0,0,0,17,0,0,0,3,1,3,0,1,1,0,0,0,0,0,0,0,0,0,0,4,168,101,57,0,0,0,0,0,6,0,0,0,0,0,0,8,1,1,115,11,65,2,14,16,0,0,0,0,0,0,0,140,44,2,121,0,0,0,5,0,0,0,0,0,0,0,0,9,0,0,3,0,0,0,0,0,0,0,0,13,0,0,0,36,4,2,36,0,0,10,6,0,0,0,4,0,0,0,64,24,1,0,19,0,0,0,109,0,0,0,1,0,0,0,2,35,8,0,10,1,0,0,0,0,1,0,0,0,0,0,0,0,0,0,17,0,0,0,0,0,0,0,0,0,0,0,0,0,0,0,0,0,0,0,2,0,0,0,0,0,0,2,0,39,39,16,156,0,0,0,0,0,0,0,6,0,0,0,0,32,987,27,57,0,13,0,4,0,0,0,0,0,0,0,0,131,0,1,36,113,0,0,0,0,0,0,0,0,0,0,0,0,0,10,304,0,0,0,128,0,0,0,0,0,0,0,0,143,70,0,95,0,0,0,0,0,0,0,0,0,0,0,0,297,33,0,37,19,0,0,0,0,0,0,0,0,0,0,0,25,3,0,16,0,0,1,0,8,0,0,12,0,0,0,0,634,22,22,69,11,14,0,3,200,0,0,39,0,0,0,0,57,7,0,197,36,0,0,2,0,4,0,0,0,0,0,109,1,0,21,18,1,0,0,4,0,0,0,0,0,0,0,0,11,0,0,4,0,0,0,3,0,0,0,0,0,0,0,0,1997,980,454,1290,36,14,13,418,220,0,0,53,2,35,0,169,291,12,125,93,0,0,4,2,1,0,0,6,0,0,0,2,2738,585,697,1673,500,112,464,192,42,504,66,270,0,0,0,4,198,11,6,204,183,10,17,25,0,0,2,11,0,0,0,0,4521,881,1855,2447,410,134,212,76,424,5,163,0,342,3,0,260,4360,2192,2323,6469,367,5,575,1028,33,20,379,271,376,0,0,5,0,16,3,4,0,0,0,6,2,0,0,0,0,0,0,0,753,34,12,115,19,1,0,22,1,0,0,2,0,0,0,0,371,6,8,30,184,3,3,4,5,1,13,13,4,2,0,10,1352,1292,535,417,501,183,6,5,13,2,12,5,5,0,2,0,755,14,19,574,173,282,2,121,11,158,2,8,57,37,0,5,119,74,2,251,29,0,0,17,0,2,0,41,16,1,0,8,545,23,4,223,0,17,0,0,0,0,0,0,0,3,0,0,0,0,0,0,14,0,0,0,0,0,0,0,0,0,0,0,0,111,12,16,0,0,0,0,0,0,0,0,0,0,0,0,5924,2800,1759,6760,186,48,8,819,62,3,54,123,496,171,0,830,1359,433,123,1430,2,20,11,262,21,0,0,195,101,7,1,56,1943,876,1149,2970,287,5,14,1215,133,17,3,360,124,63,6,237,462,16,0,135,0,0,0,0,0,0,0,0,0,6,0,11,5722,2689,1731,7113,292,0,3,340,620,216,475,720,213,64,37,158,0,0,3,26,0,162,0,5,0,0,0,0,0,0,0,0,231,0,3,15,0,0,0,0,3,0,0,1,0,0,0,0,3338,891,261,874,466,26,30,270,35,0,16,183,6,305,0,59,1177,434,440,706,124,22,0,30,97,2,4,88,25,3,0
0,22,0,242,133,0,0,0,0,0,0,0,0,0,0,0,0,436,0,0,128,5,153,0,22,0,0,0,0,0,0,0,0,12,75,25,57,0,0,0,0,0,2,0,0,0,0,4,19,294,240,229,307,32,285,8,20,0,0,0,0,0,0,0,0,22,22,14,38,0,12,0,0,0,0,8,0,0,0,0,0,15,114,0,7,0,0,0,13,0,0,0,0,0,0,0,0,545,24,81,55,173,53,13,13,0,0,0,0,0,0,0,0,62,53,0,83,0,0,0,9,0,0,0,0,0,0,0,9,265,7,1,36,2,0,0,0,0,3,0,0,0,0,0,0,0,4,0,0,0,0,0,0,0,0,0,0,0,0,0,0,712,155,0,3,0,0,0,2,0,0,0,0,0,0,0,0,256,477,2,151,0,0,0,49,0,0,0,8,0,8,0,0,0,0,0,0,0,0,0,0,0,0,0,0,0,0,0,1,15,1,26,34,0,0,0,26,6,10,0,90,0,0,0,0,159,12,6,54,0,1,0,0,2,2,0,6,14,0,0,5,0,13,0,0,0,0,0,0,7,0,0,0,0,0,0,0,441,20,0,31,0,5,0,0,6,0,0,1,0,0,0,0,19,18,0,35,0,0,0,1,23,1,0,0,0,1,0,9,55,22,10,89,8,0,0,1,0,0,0,0,17,0,0,0,3,1,3,0,1,1,0,0,0,0,0,0,0,0,0,0,4,168,101,57,0,0,0,0,0,6,0,0,0,0,0,0,8,1,1,115,11,65,2,14,16,0,0,0,0,0,0,0,140,44,2,121,0,0,0,5,0,0,0,0,0,0,0,0,9,0,0,3,0,0,0,0,0,0,0,0,13,0,0,0,36,4,2,36,0,0,10,6,0,0,0,4,0,0,0,64,24,1,0,19,0,0,0,109,0,0,0,1,0,0,0,2,35,8,0,10,1,0,0,0,0,1,0,0,0,0,0,0,0,0,0,17,0,0,0,0,0,0,0,0,0,0,0,0,0,0,0,0,0,0,0,2,0,0,0,0,0,0,2,0,39,39,16,156,0,0,0,0,0,0,0,6,0,0,0,0,32,987,27,57,0,13,0,4,0,0,0,0,0,0,0,0,131,0,1,36,113,0,0,0,0,0,0,0,0,0,0,0,0,0,10,304,0,0,0,128,0,0,0,0,0,0,0,0,143,70,0,95,0,0,0,0,0,0,0,0,0,0,0,0,297,33,0,37,19,0,0,0,0,0,0,0,0,0,0,0,25,3,0,16,0,0,1,0,8,0,0,12,0,0,0,0,634,22,22,69,11,14,0,3,200,0,0,39,0,0,0,0,57,7,0,197,36,0,0,2,0,4,0,0,0,0,0,109,1,0,21,18,1,0,0,4,0,0,0,0,0,0,0,0,11,0,0,4,0,0,0,3,0,0,0,0,0,0,0,0,1997,980,454,1290,36,14,13,418,220,0,0,53,2,35,0,169,291,12,125,93,0,0,4,2,1,0,0,6,0,0,0,2,2738,585,697,1673,500,112,464,192,42,504,66,270,0,0,0,4,198,11,6,204,183,10,17,25,0,0,2,11,0,0,0,0,4521,881,1855,2447,410,134,212,76,424,5,163,0,342,3,0,260,4360,2192,2323,6469,367,5,575,1028,33,20,379,271,376,0,0,5,0,16,3,4,0,0,0,6,2,0,0,0,0,0,0,0,753,34,12,115,19,1,0,22,1,0,0,2,0,0,0,0,371,6,8,30,184,3,3,4,5,1,13,13,4,2,0,10,1352,1292,535,417,501,183,6,5,13,2,12,5,5,0,2,0,755,14,19,574,173,282,2,121,11,158,2,8,57,37,0,5,119,74,2,251,29,0,0,17,0,2,0,41,16,1,0,8,545,23,4,223,0,17,0,0,0,0,0,0,0,3,0,0,0,0,0,0,14,0,0,0,0,0,0,0,0,0,0,0,0,111,12,16,0,0,0,0,0,0,0,0,0,0,0,0,5924,2800,1759,6760,186,48,8,819,62,3,54,123,496,171,0,830,1359,433,123,1430,2,20,11,262,21,0,0,195,101,7,1,56,1943,876,1149,2970,287,5,14,1215,133,17,3,360,124,63,6,237,462,16,0,135,0,0,0,0,0,0,0,0,0,6,0,11,5722,2689,1731,7113,292,0,3,340,620,216,475,720,213,64,37,158,0,0,3,26,0,162,0,5,0,0,0,0,0,0,0,0,231,0,3,15,0,0,0,0,3,0,0,1,0,0,0,0,3338,891,261,874,466,26,30,270,35,0,16,183,6,305,0,59,1177,434,440,706,124,22,0,30,97,2,4,88,25,3,0
0,22,0,242,133,0,0,0,0,0,0,0,0,0,0,0,0,436,0,0,128,5,153,0,22,0,0,0,0,0,0,0,0,12,75,25,57,0,0,0,0,0,2,0,0,0,0,4,19,294,240,228,307,32,285,8,20,0,0,0,0,0,0,0,0,22,22,14,38,0,12,0,0,0,0,8,0,0,0,0,0,15,114,0,7,0,0,0,13,0,0,0,0,0,0,0,0,545,24,81,55,173,53,13,13,0,0,0,0,0,0,0,0,62,53,0,83,0,0,0,9,0,0,0,0,0,0,0,9,265,7,1,36,2,0,0,0,0,3,0,0,0,0,0,0,0,4,0,0,0,0,0,0,0,0,0,0,0,0,0,0,712,155,0,3,0,0,0,2,0,0,0,0,0,0,0,0,256,477,2,151,0,0,0,49,0,0,0,8,0,8,0,0,0,0,0,0,0,0,0,0,0,0,0,0,0,0,0,1,15,1,26,34,0,0,0,26,6,10,0,90,0,0,0,0,159,12,6,54,0,1,0,0,2,2,0,6,14,0,0,5,0,13,0,0,0,0,0,0,7,0,0,0,0,0,0,0,441,20,0,31,0,5,0,0,6,0,0,1,0,0,0,0,19,18,0,35,0,0,0,1,23,1,0,0,0,1,0,9,55,22,10,89,8,0,0,1,0,0,0,0,17,0,0,0,3,1,3,0,1,1,0,0,0,0,0,0,0,0,0,0,4,168,101,57,0,0,0,0,0,6,0,0,0,0,0,0,8,1,1,115,11,65,2,14,16,0,0,0,0,0,0,0,140,44,2,121,0,0,0,5,0,0,0,0,0,0,0,0,9,0,0,3,0,0,0,0,0,0,0,0,13,0,0,0,36,4,2,36,0,0,10,6,0,0,0,4,0,0,0,64,24,1,0,19,0,0,0,109,0,0,0,1,0,0,0,2,35,8,0,10,1,0,0,0,0,1,0,0,0,0,0,0,0,0,0,17,0,0,0,0,0,0,0,0,0,0,0,0,0,0,0,0,0,0,0,2,0,0,0,0,0,0,2,0,39,39,16,156,0,0,0,0,0,0,0,6,0,0,0,0,32,987,27,56,0,13,0,4,0,0,0,0,0,0,0,0,131,0,1,36,113,0,0,0,0,0,0,0,0,0,0,0,0,0,10,304,0,0,0,128,0,0,0,0,0,0,0,0,143,70,0,95,0,0,0,0,0,0,0,0,0,0,0,0,297,33,0,37,19,0,0,0,0,0,0,0,0,0,0,0,25,3,0,16,0,0,1,0,8,0,0,12,0,0,0,0,634,22,22,69,11,14,0,3,200,0,0,39,0,0,0,0,57,7,0,197,36,0,0,2,0,4,0,0,0,0,0,109,1,0,21,18,1,0,0,4,0,0,0,0,0,0,0,0,11,0,0,4,0,0,0,3,0,0,0,0,0,0,0,0,1997,980,454,1290,36,14,13,418,220,0,0,53,2,35,0,168,291,12,125,93,0,0,4,2,1,0,0,6,0,0,0,2,2737,584,696,1671,500,112,464,192,41,504,66,270,0,0,0,4,198,11,6,204,183,10,17,25,0,0,2,11,0,0,0,0,4521,881,1856,2447,410,134,212,76,424,5,163,0,342,3,0,260,4360,2192,2323,6469,367,5,575,1028,33,20,379,271,376,0,0,5,0,16,3,4,0,0,0,6,2,0,0,0,0,0,0,0,753,34,12,115,19,1,0,22,1,0,0,2,0,0,0,0,371,6,8,30,184,3,3,4,5,1,13,13,4,2,0,10,1350,1292,535,417,501,183,6,5,13,2,12,5,5,0,2,0,755,14,19,574,173,282,2,121,11,158,2,8,57,37,0,5,119,74,2,251,29,0,0,17,0,2,0,41,16,1,0,8,545,23,4,223,0,17,0,0,0,0,0,0,0,3,0,0,0,0,0,0,14,0,0,0,0,0,0,0,0,0,0,0,0,111,12,16,0,0,0,0,0,0,0,0,0,0,0,0,5925,2800,1757,6757,186,47,8,817,62,3,54,123,496,171,0,830,1359,433,123,1430,2,20,11,262,21,0,0,195,101,7,1,56,1943,876,1149,2968,287,5,14,1214,133,17,3,360,124,63,6,237,462,16,0,134,0,0,0,0,0,0,0,0,0,6,0,11,5723,2689,1731,7113,292,0,3,340,620,216,475,720,213,64,37,158,0,0,3,26,0,162,0,5,0,0,0,0,0,0,0,0,231,0,3,15,0,0,0,0,3,0,0,1,0,0,0,0,3338,890,261,874,466,26,30,270,35,0,16,183,6,305,0,59,1176,434,440,706,124,22,0,30,97,2,4,88,25,3,0
0,22,0,242,133,0,0,0,0,0,0,0,0,0,0,0,0,436,0,0,128,5,153,0,22,0,0,0,0,0,0,0,0,12,75,25,57,0,0,0,0,0,2,0,0,0,0,4,19,294,240,228,307,32,285,8,20,0,0,0,0,0,0,0,0,22,22,14,38,0,12,0,0,0,0,8,0,0,0,0,0,15,114,0,7,0,0,0,13,0,0,0,0,0,0,0,0,545,24,81,55,173,53,13,13,0,0,0,0,0,0,0,0,62,53,0,83,0,0,0,9,0,0,0,0,0,0,0,9,265,7,1,36,2,0,0,0,0,3,0,0,0,0,0,0,0,4,0,0,0,0,0,0,0,0,0,0,0,0,0,0,712,155,0,3,0,0,0,2,0,0,0,0,0,0,0,0,256,477,2,151,0,0,0,49,0,0,0,8,0,8,0,0,0,0,0,0,0,0,0,0,0,0,0,0,0,0,0,1,15,1,26,34,0,0,0,26,6,10,0,90,0,0,0,0,159,12,6,54,0,1,0,0,2,2,0,6,14,0,0,5,0,13,0,0,0,0,0,0,7,0,0,0,0,0,0,0,441,20,0,31,0,5,0,0,6,0,0,1,0,0,0,0,19,18,0,35,0,0,0,1,23,1,0,0,0,1,0,9,55,22,10,89,8,0,0,1,0,0,0,0,17,0,0,0,3,1,3,0,1,1,0,0,0,0,0,0,0,0,0,0,4,168,101,57,0,0,0,0,0,6,0,0,0,0,0,0,8,1,1,115,11,65,2,14,16,0,0,0,0,0,0,0,140,44,2,121,0,0,0,5,0,0,0,0,0,0,0,0,9,0,0,3,0,0,0,0,0,0,0,0,13,0,0,0,36,4,2,36,0,0,10,6,0,0,0,4,0,0,0,64,24,1,0,19,0,0,0,109,0,0,0,1,0,0,0,2,35,8,0,10,1,0,0,0,0,1,0,0,0,0,0,0,0,0,0,17,0,0,0,0,0,0,0,0,0,0,0,0,0,0,0,0,0,0,0,2,0,0,0,0,0,0,2,0,39,39,16,156,0,0,0,0,0,0,0,6,0,0,0,0,32,987,27,56,0,13,0,4,0,0,0,0,0,0,0,0,131,0,1,36,113,0,0,0,0,0,0,0,0,0,0,0,0,0,10,304,0,0,0,128,0,0,0,0,0,0,0,0,143,70,0,95,0,0,0,0,0,0,0,0,0,0,0,0,297,33,0,37,19,0,0,0,0,0,0,0,0,0,0,0,25,3,0,16,0,0,1,0,8,0,0,12,0,0,0,0,634,22,22,69,11,14,0,3,200,0,0,39,0,0,0,0,57,7,0,197,36,0,0,2,0,4,0,0,0,0,0,109,1,0,21,18,1,0,0,4,0,0,0,0,0,0,0,0,11,0,0,4,0,0,0,3,0,0,0,0,0,0,0,0,1997,980,454,1290,36,14,13,418,220,0,0,53,2,35,0,168,291,12,125,93,0,0,4,2,1,0,0,6,0,0,0,2,2737,584,696,1671,500,112,464,192,41,504,66,270,0,0,0,4,198,11,6,204,183,10,17,25,0,0,2,11,0,0,0,0,4521,881,1855,2447,410,134,212,76,424,5,163,0,342,3,0,260,4360,2192,2323,6469,367,5,575,1028,33,20,379,271,376,0,0,5,0,16,3,4,0,0,0,6,2,0,0,0,0,0,0,0,753,34,12,115,19,1,0,22,1,0,0,2,0,0,0,0,371,6,8,30,184,3,3,4,5,1,13,13,4,2,0,10,1350,1292,535,417,501,183,6,5,13,2,12,5,5,0,2,0,755,14,19,574,173,282,2,121,11,158,2,8,57,37,0,5,119,74,2,251,29,0,0,17,0,2,0,41,16,1,0,8,545,23,4,223,0,17,0,0,0,0,0,0,0,3,0,0,0,0,0,0,14,0,0,0,0,0,0,0,0,0,0,0,0,111,12,16,0,0,0,0,0,0,0,0,0,0,0,0,5924,2800,1757,6757,186,47,8,817,62,3,54,123,496,171,0,830,1359,433,123,1430,2,20,11,262,21,0,0,195,101,7,1,56,1943,876,1149,2968,287,5,14,1214,133,17,3,360,124,63,6,237,462,16,0,134,0,0,0,0,0,0,0,0,0,6,0,11,5722,2689,1731,7114,292,0,3,340,620,216,475,720,213,64,37,158,0,0,3,26,0,162,0,5,0,0,0,0,0,0,0,0,231,0,3,15,0,0,0,0,3,0,0,1,0,0,0,0,3338,890,261,874,466,26,30,270,35,0,16,183,6,305,0,59,1176,434,440,706,124,22,0,30,97,2,4,88,25,3,0
0,22,0,242,133,0,0,0,0,0,0,0,0,0,0,0,0,436,0,0,128,5,153,0,22,0,0,0,0,0,0,0,0,12,75,25,57,0,0,0,0,0,2,0,0,0,0,4,19,294,240,228,307,32,285,8,20,0,0,0,0,0,0,0,0,22,22,14,38,0,12,0,0,0,0,8,0,0,0,0,0,15,114,0,7,0,0,0,13,0,0,0,0,0,0,0,0,545,24,81,55,173,53,13,13,0,0,0,0,0,0,0,0,62,53,0,83,0,0,0,9,0,0,0,0,0,0,0,9,265,7,1,36,2,0,0,0,0,3,0,0,0,0,0,0,0,4,0,0,0,0,0,0,0,0,0,0,0,0,0,0,712,155,0,3,0,0,0,2,0,0,0,0,0,0,0,0,256,477,2,151,0,0,0,49,0,0,0,8,0,8,0,0,0,0,0,0,0,0,0,0,0,0,0,0,0,0,0,1,15,1,26,34,0,0,0,26,6,10,0,90,0,0,0,0,159,12,6,54,0,1,0,0,2,2,0,6,14,0,0,5,0,13,0,0,0,0,0,0,7,0,0,0,0,0,0,0,441,20,0,31,0,5,0,0,6,0,0,1,0,0,0,0,19,18,0,35,0,0,0,1,23,1,0,0,0,1,0,9,55,22,10,89,8,0,0,1,0,0,0,0,17,0,0,0,3,1,3,0,1,1,0,0,0,0,0,0,0,0,0,0,4,168,101,57,0,0,0,0,0,6,0,0,0,0,0,0,8,1,1,115,11,65,2,14,16,0,0,0,0,0,0,0,140,44,2,121,0,0,0,5,0,0,0,0,0,0,0,0,9,0,0,3,0,0,0,0,0,0,0,0,13,0,0,0,36,4,2,36,0,0,10,6,0,0,0,4,0,0,0,64,24,1,0,19,0,0,0,109,0,0,0,1,0,0,0,2,35,8,0,10,1,0,0,0,0,1,0,0,0,0,0,0,0,0,0,17,0,0,0,0,0,0,0,0,0,0,0,0,0,0,0,0,0,0,0,2,0,0,0,0,0,0,2,0,39,39,16,156,0,0,0,0,0,0,0,6,0,0,0,0,32,987,27,56,0,13,0,4,0,0,0,0,0,0,0,0,131,0,1,36,113,0,0,0,0,0,0,0,0,0,0,0,0,0,10,304,0,0,0,128,0,0,0,0,0,0,0,0,143,70,0,95,0,0,0,0,0,0,0,0,0,0,0,0,297,33,0,37,19,0,0,0,0,0,0,0,0,0,0,0,25,3,0,16,0,0,1,0,8,0,0,12,0,0,0,0,634,22,22,69,11,14,0,3,200,0,0,39,0,0,0,0,57,7,0,197,36,0,0,2,0,4,0,0,0,0,0,109,1,0,21,18,1,0,0,4,0,0,0,0,0,0,0,0,11,0,0,4,0,0,0,3,0,0,0,0,0,0,0,0,1997,980,454,1290,36,14,13,418,220,0,0,53,2,35,0,168,291,12,125,93,0,0,4,2,1,0,0,6,0,0,0,2,2737,584,696,1671,500,112,464,192,41,504,66,270,0,0,0,4,198,11,6,205,184,10,17,25,0,0,2,11,0,0,0,0,4521,881,1855,2447,410,134,212,76,424,5,163,0,342,3,0,260,4360,2192,2323,6469,367,5,575,1028,33,20,379,271,376,0,0,5,0,16,3,4,0,0,0,6,2,0,0,0,0,0,0,0,753,34,12,115,19,1,0,22,1,0,0,2,0,0,0,0,371,6,8,30,184,3,3,4,5,1,13,13,4,2,0,10,1350,1292,535,417,501,183,6,5,13,2,12,5,5,0,2,0,755,14,19,574,173,282,2,121,11,158,2,8,57,37,0,5,119,74,2,252,29,0,0,17,0,2,0,41,16,1,0,8,545,23,4,224,0,17,0,0,0,0,0,0,0,3,0,0,0,0,0,0,14,0,0,0,0,0,0,0,0,0,0,0,0,111,12,16,0,0,0,0,0,0,0,0,0,0,0,0,5924,2800,1757,6757,186,47,8,817,62,3,54,123,496,171,0,830,1359,433,123,1430,2,20,11,262,21,0,0,195,101,7,1,56,1943,876,1149,2968,287,5,14,1214,133,17,3,360,124,63,6,237,462,16,0,134,0,0,0,0,0,0,0,0,0,6,0,11,5722,2689,1731,7114,292,0,3,340,620,216,475,720,213,64,37,158,0,0,3,26,0,162,0,5,0,0,0,0,0,0,0,0,231,0,3,15,0,0,0,0,3,0,0,1,0,0,0,0,3338,890,261,874,466,26,30,270,35,0,16,183,6,305,0,59,1176,434,440,706,124,22,0,30,97,2,4,88,25,3,0
0,22,0,242,133,0,0,0,0,0,0,0,0,0,0,0,0,436,0,0,128,5,153,0,22,0,0,0,0,0,0,0,0,12,75,25,57,0,0,0,0,0,2,0,0,0,0,4,19,294,240,228,307,32,285,8,20,0,0,0,0,0,0,0,0,22,22,14,38,0,12,0,0,0,0,8,0,0,0,0,0,15,114,0,7,0,0,0,13,0,0,0,0,0,0,0,0,545,24,81,55,173,53,13,13,0,0,0,0,0,0,0,0,62,53,0,83,0,0,0,9,0,0,0,0,0,0,0,9,265,7,1,36,2,0,0,0,0,3,0,0,0,0,0,0,0,4,0,0,0,0,0,0,0,0,0,0,0,0,0,0,712,155,0,3,0,0,0,2,0,0,0,0,0,0,0,0,256,477,2,151,0,0,0,49,0,0,0,8,0,8,0,0,0,0,0,0,0,0,0,0,0,0,0,0,0,0,0,1,15,1,26,34,0,0,0,26,6,10,0,90,0,0,0,0,159,12,6,54,0,1,0,0,2,2,0,6,14,0,0,5,0,13,0,0,0,0,0,0,7,0,0,0,0,0,0,0,441,20,0,31,0,5,0,0,6,0,0,1,0,0,0,0,19,18,0,35,0,0,0,1,23,1,0,0,0,1,0,9,55,22,10,89,8,0,0,1,0,0,0,0,17,0,0,0,3,1,3,0,1,1,0,0,0,0,0,0,0,0,0,0,4,168,101,57,0,0,0,0,0,6,0,0,0,0,0,0,8,1,1,115,11,65,2,14,16,0,0,0,0,0,0,0,140,44,2,121,0,0,0,5,0,0,0,0,0,0,0,0,9,0,0,3,0,0,0,0,0,0,0,0,13,0,0,0,36,4,2,36,0,0,10,6,0,0,0,4,0,0,0,64,24,1,0,19,0,0,0,109,0,0,0,1,0,0,0,2,35,8,0,10,1,0,0,0,0,1,0,0,0,0,0,0,0,0,0,17,0,0,0,0,0,0,0,0,0,0,0,0,0,0,0,0,0,0,0,2,0,0,0,0,0,0,2,0,39,39,16,156,0,0,0,0,0,0,0,6,0,0,0,0,32,988,27,56,0,13,0,4,0,0,0,0,0,0,0,0,131,0,1,36,113,0,0,0,0,0,0,0,0,0,0,0,0,0,10,304,0,0,0,128,0,0,0,0,0,0,0,0,143,70,0,95,0,0,0,0,0,0,0,0,0,0,0,0,297,33,0,37,19,0,0,0,0,0,0,0,0,0,0,0,25,3,0,16,0,0,1,0,8,0,0,12,0,0,0,0,634,22,22,69,11,14,0,3,200,0,0,39,0,0,0,0,57,7,0,197,36,0,0,2,0,4,0,0,0,0,0,109,1,0,21,18,1,0,0,4,0,0,0,0,0,0,0,0,11,0,0,4,0,0,0,3,0,0,0,0,0,0,0,0,1997,980,454,1290,36,14,13,418,220,0,0,53,2,35,0,168,291,12,125,93,0,0,4,2,1,0,0,6,0,0,0,2,2738,584,696,1671,500,112,465,192,41,505,66,270,0,0,0,4,198,11,6,204,183,10,17,25,0,0,2,11,0,0,0,0,4522,881,1855,2447,410,134,212,76,424,5,163,0,342,3,0,260,4360,2192,2324,6469,367,5,576,1029,33,20,379,271,376,0,0,5,0,16,3,4,0,0,0,6,2,0,0,0,0,0,0,0,753,34,12,115,19,1,0,22,1,0,0,2,0,0,0,0,371,6,8,30,184,3,3,4,5,1,13,13,4,2,0,10,1350,1293,535,417,501,183,6,5,13,2,12,5,5,0,2,0,756,14,19,575,173,282,2,121,11,158,2,8,57,37,0,5,119,74,2,251,29,0,0,17,0,2,0,41,16,1,0,8,545,23,4,223,0,17,0,0,0,0,0,0,0,3,0,0,0,0,0,0,14,0,0,0,0,0,0,0,0,0,0,0,0,111,12,16,0,0,0,0,0,0,0,0,0,0,0,0,5926,2800,1758,6759,186,47,8,818,62,3,54,123,496,171,0,830,1359,433,123,1430,2,20,11,262,21,0,0,195,101,7,1,56,1944,876,1149,2968,287,5,14,1216,133,17,3,360,124,63,6,237,462,16,0,134,0,0,0,0,0,0,0,0,0,6,0,11,5722,2689,1731,7114,292,0,3,340,620,216,475,720,213,64,37,158,0,0,3,26,0,162,0,5,0,0,0,0,0,0,0,0,231,0,3,15,0,0,0,0,3,0,0,1,0,0,0,0,3338,890,261,874,466,26,30,270,35,0,16,183,6,305,0,59,1176,434,440,706,124,22,0,30,97,2,4,88,25,3,0
0,22,0,242,133,0,0,0,0,0,0,0,0,0,0,0,0,436,0,0,128,5,153,0,22,0,0,0,0,0,0,0,0,12,75,25,57,0,0,0,0,0,2,0,0,0,0,4,19,294,240,228,307,32,285,8,20,0,0,0,0,0,0,0,0,22,22,14,38,0,12,0,0,0,0,8,0,0,0,0,0,15,114,0,7,0,0,0,13,0,0,0,0,0,0,0,0,545,24,81,55,173,53,13,13,0,0,0,0,0,0,0,0,62,53,0,83,0,0,0,9,0,0,0,0,0,0,0,9,265,7,1,36,2,0,0,0,0,3,0,0,0,0,0,0,0,4,0,0,0,0,0,0,0,0,0,0,0,0,0,0,714,155,0,3,0,0,0,2,0,0,0,0,0,0,0,0,256,477,2,151,0,0,0,49,0,0,0,8,0,8,0,0,0,0,0,0,0,0,0,0,0,0,0,0,0,0,0,1,15,1,26,34,0,0,0,26,6,10,0,90,0,0,0,0,159,12,6,54,0,1,0,0,2,2,0,6,14,0,0,5,0,13,0,0,0,0,0,0,7,0,0,0,0,0,0,0,441,20,0,31,0,5,0,0,6,0,0,1,0,0,0,0,19,18,0,35,0,0,0,1,23,1,0,0,0,1,0,9,55,22,10,89,8,0,0,1,0,0,0,0,17,0,0,0,3,1,3,0,1,1,0,0,0,0,0,0,0,0,0,0,4,168,101,57,0,0,0,0,0,6,0,0,0,0,0,0,8,1,1,115,11,65,2,14,16,0,0,0,0,0,0,0,140,44,2,121,0,0,0,5,0,0,0,0,0,0,0,0,9,0,0,3,0,0,0,0,0,0,0,0,13,0,0,0,36,4,2,36,0,0,10,6,0,0,0,4,0,0,0,64,24,1,0,19,0,0,0,109,0,0,0,1,0,0,0,2,35,8,0,10,1,0,0,0,0,1,0,0,0,0,0,0,0,0,0,17,0,0,0,0,0,0,0,0,0,0,0,0,0,0,0,0,0,0,0,2,0,0,0,0,0,0,2,0,39,39,16,156,0,0,0,0,0,0,0,6,0,0,0,0,32,987,27,56,0,13,0,4,0,0,0,0,0,0,0,0,131,0,1,36,113,0,0,0,0,0,0,0,0,0,0,0,0,0,10,304,0,0,0,128,0,0,0,0,0,0,0,0,143,70,0,95,0,0,0,0,0,0,0,0,0,0,0,0,297,33,0,37,19,0,0,0,0,0,0,0,0,0,0,0,25,3,0,16,0,0,1,0,8,0,0,12,0,0,0,0,634,22,22,69,11,14,0,3,200,0,0,39,0,0,0,0,57,7,0,197,36,0,0,2,0,4,0,0,0,0,0,109,1,0,21,18,1,0,0,4,0,0,0,0,0,0,0,0,11,0,0,4,0,0,0,3,0,0,0,0,0,0,0,0,1997,980,454,1290,36,14,13,418,220,0,0,53,2,35,0,168,291,12,125,93,0,0,4,2,1,0,0,6,0,0,0,2,2737,584,696,1671,500,112,464,192,41,504,66,270,0,0,0,4,198,11,6,204,183,10,17,25,0,0,2,11,0,0,0,0,4521,881,1855,2447,410,134,212,76,424,5,163,0,342,3,0,261,4361,2192,2323,6470,367,5,575,1029,33,20,379,271,376,0,0,5,0,16,3,4,0,0,0,6,2,0,0,0,0,0,0,0,753,34,12,115,19,1,0,22,1,0,0,2,0,0,0,0,371,6,8,30,184,3,3,4,5,1,13,13,4,2,0,10,1350,1292,535,417,501,183,6,5,13,2,12,5,5,0,2,0,755,14,19,574,173,282,2,121,11,158,2,8,57,37,0,5,119,74,2,251,29,0,0,17,0,2,0,41,16,1,0,8,545,23,4,223,0,17,0,0,0,0,0,0,0,3,0,0,0,0,0,0,14,0,0,0,0,0,0,0,0,0,0,0,0,111,12,16,0,0,0,0,0,0,0,0,0,0,0,0,5924,2800,1757,6757,186,47,8,817,62,3,54,123,496,171,0,830,1359,433,123,1430,2,20,11,262,21,0,0,195,101,7,1,56,1943,876,1149,2968,287,5,14,1214,133,17,3,360,124,63,6,237,462,16,0,134,0,0,0,0,0,0,0,0,0,6,0,11,5722,2689,1731,7113,292,0,3,340,620,216,475,720,213,64,37,158,0,0,3,26,0,162,0,5,0,0,0,0,0,0,0,0,231,0,3,15,0,0,0,0,3,0,0,1,0,0,0,0,3339,890,261,874,466,26,30,270,35,0,16,183,6,305,0,59,1176,434,440,706,124,22,0,30,97,2,4,88,25,3,0
0,22,0,242,133,0,0,0,0,0,0,0,0,0,0,0,0,437,0,0,128,5,153,0,22,0,0,0,0,0,0,0,0,12,75,25,57,0,0,0,0,0,2,0,0,0,0,4,19,294,240,229,307,32,285,8,20,0,0,0,0,0,0,0,0,22,22,14,38,0,12,0,0,0,0,8,0,0,0,0,0,15,114,0,7,0,0,0,13,0,0,0,0,0,0,0,0,545,24,81,55,174,53,13,13,0,0,0,0,0,0,0,0,62,53,0,83,0,0,0,9,0,0,0,0,0,0,0,9,265,7,1,36,2,0,0,0,0,3,0,0,0,0,0,0,0,4,0,0,0,0,0,0,0,0,0,0,0,0,0,0,712,155,0,3,0,0,0,2,0,0,0,0,0,0,0,0,256,477,2,151,0,0,0,49,0,0,0,8,0,8,0,0,0,0,0,0,0,0,0,0,0,0,0,0,0,0,0,1,15,1,26,34,0,0,0,26,6,10,0,90,0,0,0,0,159,12,6,54,0,1,0,0,2,2,0,6,14,0,0,5,0,13,0,0,0,0,0,0,7,0,0,0,0,0,0,0,441,20,0,31,0,5,0,0,6,0,0,1,0,0,0,0,19,18,0,35,0,0,0,1,23,1,0,0,0,1,0,9,55,22,10,89,8,0,0,1,0,0,0,0,17,0,0,0,3,1,3,0,1,1,0,0,0,0,0,0,0,0,0,0,4,168,101,57,0,0,0,0,0,6,0,0,0,0,0,0,8,1,1,115,11,65,2,14,16,0,0,0,0,0,0,0,140,44,2,121,0,0,0,5,0,0,0,0,0,0,0,0,9,0,0,3,0,0,0,0,0,0,0,0,13,0,0,0,36,4,2,36,0,0,10,6,0,0,0,4,0,0,0,64,24,1,0,19,0,0,0,109,0,0,0,1,0,0,0,2,35,8,0,10,1,0,0,0,0,1,0,0,0,0,0,0,0,0,0,17,0,0,0,0,0,0,0,0,0,0,0,0,0,0,0,0,0,0,0,2,0,0,0,0,0,0,2,0,39,39,16,156,0,0,0,0,0,0,0,6,0,0,0,0,32,987,27,56,0,13,0,4,0,0,0,0,0,0,0,0,131,0,1,36,113,0,0,0,0,0,0,0,0,0,0,0,0,0,10,304,0,0,0,128,0,0,0,0,0,0,0,0,143,70,0,95,0,0,0,0,0,0,0,0,0,0,0,0,297,33,0,37,19,0,0,0,0,0,0,0,0,0,0,0,25,3,0,16,0,0,1,0,8,0,0,12,0,0,0,0,634,22,22,69,11,14,0,3,200,0,0,39,0,0,0,0,57,7,0,197,36,0,0,2,0,4,0,0,0,0,0,109,1,0,21,18,1,0,0,4,0,0,0,0,0,0,0,0,11,0,0,4,0,0,0,3,0,0,0,0,0,0,0,0,1997,980,454,1290,36,14,13,418,220,0,0,53,2,35,0,168,291,12,125,93,0,0,4,2,1,0,0,6,0,0,0,2,2737,584,696,1671,500,112,464,192,41,504,66,270,0,0,0,4,198,11,6,204,183,10,17,25,0,0,2,11,0,0,0,0,4521,881,1856,2447,410,134,212,76,424,5,163,0,342,3,0,260,4360,2192,2323,6470,367,5,575,1029,33,20,379,271,376,0,0,5,0,16,3,4,0,0,0,6,2,0,0,0,0,0,0,0,753,34,12,115,19,1,0,22,1,0,0,2,0,0,0,0,371,6,8,30,184,3,3,4,5,1,13,13,4,2,0,10,1350,1292,535,417,501,183,6,5,13,2,12,5,5,0,2,0,755,14,19,574,173,282,2,121,11,158,2,8,57,37,0,5,119,74,2,251,29,0,0,17,0,2,0,41,16,1,0,8,545,23,4,223,0,17,0,0,0,0,0,0,0,3,0,0,0,0,0,0,14,0,0,0,0,0,0,0,0,0,0,0,0,111,12,16,0,0,0,0,0,0,0,0,0,0,0,0,5925,2800,1757,6757,186,47,8,817,62,3,54,123,496,171,0,830,1359,433,123,1430,2,20,11,262,21,0,0,195,101,7,1,56,1943,876,1149,2968,287,5,14,1214,133,17,3,360,124,63,6,237,462,16,0,134,0,0,0,0,0,0,0,0,0,6,0,11,5723,2689,1731,7113,292,0,3,340,621,216,475,720,213,64,37,158,0,0,3,26,0,162,0,5,0,0,0,0,0,0,0,0,231,0,3,15,0,0,0,0,3,0,0,1,0,0,0,0,3338,890,261,874,466,26,30,270,35,0,16,183,6,305,0,59,1176,434,440,706,124,22,0,30,97,2,4,88,25,3,0
0,22,0,242,133,0,0,0,0,0,0,0,0,0,0,0,0,436,0,0,128,5,153,0,22,0,0,0,0,0,0,0,0,12,75,25,57,0,0,0,0,0,2,0,0,0,0,4,19,294,240,228,307,32,285,8,20,0,0,0,0,0,0,0,0,22,22,14,38,0,12,0,0,0,0,8,0,0,0,0,0,15,114,0,7,0,0,0,13,0,0,0,0,0,0,0,0,545,24,81,55,173,53,13,13,0,0,0,0,0,0,0,0,62,53,0,83,0,0,0,9,0,0,0,0,0,0,0,9,265,7,1,36,2,0,0,0,0,3,0,0,0,0,0,0,0,4,0,0,0,0,0,0,0,0,0,0,0,0,0,0,714,155,0,3,0,0,0,2,0,0,0,0,0,0,0,0,256,477,2,151,0,0,0,49,0,0,0,8,0,8,0,0,0,0,0,0,0,0,0,0,0,0,0,0,0,0,0,1,15,1,26,34,0,0,0,26,6,10,0,90,0,0,0,0,159,12,6,54,0,1,0,0,2,2,0,6,14,0,0,5,0,13,0,0,0,0,0,0,7,0,0,0,0,0,0,0,441,20,0,31,0,5,0,0,6,0,0,1,0,0,0,0,19,18,0,35,0,0,0,1,23,1,0,0,0,1,0,9,55,22,10,89,8,0,0,1,0,0,0,0,17,0,0,0,3,1,3,0,1,1,0,0,0,0,0,0,0,0,0,0,4,168,101,57,0,0,0,0,0,6,0,0,0,0,0,0,8,1,1,115,11,65,2,14,16,0,0,0,0,0,0,0,140,44,2,121,0,0,0,5,0,0,0,0,0,0,0,0,9,0,0,3,0,0,0,0,0,0,0,0,13,0,0,0,36,4,2,36,0,0,10,6,0,0,0,4,0,0,0,64,24,1,0,19,0,0,0,109,0,0,0,1,0,0,0,2,35,8,0,10,1,0,0,0,0,1,0,0,0,0,0,0,0,0,0,17,0,0,0,0,0,0,0,0,0,0,0,0,0,0,0,0,0,0,0,2,0,0,0,0,0,0,2,0,39,39,16,156,0,0,0,0,0,0,0,6,0,0,0,0,32,987,27,56,0,13,0,4,0,0,0,0,0,0,0,0,131,0,1,36,113,0,0,0,0,0,0,0,0,0,0,0,0,0,10,304,0,0,0,128,0,0,0,0,0,0,0,0,143,70,0,95,0,0,0,0,0,0,0,0,0,0,0,0,297,33,0,37,19,0,0,0,0,0,0,0,0,0,0,0,25,3,0,16,0,0,1,0,8,0,0,12,0,0,0,0,634,22,22,69,11,14,0,3,200,0,0,39,0,0,0,0,57,7,0,197,36,0,0,2,0,4,0,0,0,0,0,109,1,0,21,18,1,0,0,4,0,0,0,0,0,0,0,0,11,0,0,4,0,0,0,3,0,0,0,0,0,0,0,0,1997,980,454,1290,36,14,13,418,220,0,0,53,2,35,0,168,291,12,125,93,0,0,4,2,1,0,0,6,0,0,0,2,2737,584,696,1671,500,112,464,192,41,504,66,270,0,0,0,4,198,11,6,204,183,10,17,25,0,0,2,11,0,0,0,0,4521,881,1855,2447,410,134,212,76,424,5,163,0,342,3,0,261,4361,2192,2323,6470,367,5,575,1029,33,20,379,271,376,0,0,5,0,16,3,4,0,0,0,6,2,0,0,0,0,0,0,0,753,34,12,115,19,1,0,22,1,0,0,2,0,0,0,0,371,6,8,30,184,3,3,4,5,1,13,13,4,2,0,10,1350,1292,535,417,501,183,6,5,13,2,12,5,5,0,2,0,755,14,19,574,173,282,2,121,11,158,2,8,57,37,0,5,119,74,2,251,29,0,0,17,0,2,0,41,16,1,0,8,545,23,4,223,0,17,0,0,0,0,0,0,0,3,0,0,0,0,0,0,14,0,0,0,0,0,0,0,0,0,0,0,0,111,12,16,0,0,0,0,0,0,0,0,0,0,0,0,5924,2800,1757,6757,186,47,8,817,62,3,54,123,496,171,0,830,1359,433,123,1430,2,20,11,262,21,0,0,195,101,7,1,56,1943,876,1149,2968,287,5,14,1214,133,17,3,360,124,63,6,237,462,16,0,134,0,0,0,0,0,0,0,0,0,6,0,11,5722,2689,1731,7113,292,0,3,340,620,216,475,720,213,64,37,158,0,0,3,26,0,162,0,5,0,0,0,0,0,0,0,0,231,0,3,15,0,0,0,0,3,0,0,1,0,0,0,0,3339,890,261,874,466,26,30,270,35,0,16,183,6,305,0,59,1176,434,440,706,124,22,0,30,97,2,4,88,25,3,0
0,22,0,242,133,0,0,0,0,0,0,0,0,0,0,0,0,436,0,0,128,5,153,0,22,0,0,0,0,0,0,0,0,12,75,25,57,0,0,0,0,0,2,0,0,0,0,4,19,294,240,228,307,32,285,8,20,0,0,0,0,0,0,0,0,22,22,14,38,0,12,0,0,0,0,8,0,0,0,0,0,15,114,0,7,0,0,0,13,0,0,0,0,0,0,0,0,545,24,81,55,173,53,13,13,0,0,0,0,0,0,0,0,62,53,0,83,0,0,0,9,0,0,0,0,0,0,0,9,265,7,1,36,2,0,0,0,0,3,0,0,0,0,0,0,0,4,0,0,0,0,0,0,0,0,0,0,0,0,0,0,712,155,0,3,0,0,0,2,0,0,0,0,0,0,0,0,256,477,2,151,0,0,0,49,0,0,0,8,0,8,0,0,0,0,0,0,0,0,0,0,0,0,0,0,0,0,0,1,15,1,26,34,0,0,0,26,6,10,0,90,0,0,0,0,159,12,6,54,0,1,0,0,2,2,0,6,14,0,0,5,0,13,0,0,0,0,0,0,7,0,0,0,0,0,0,0,441,20,0,31,0,5,0,0,6,0,0,1,0,0,0,0,19,18,0,35,0,0,0,1,23,1,0,0,0,1,0,9,55,22,10,89,8,0,0,1,0,0,0,0,17,0,0,0,3,1,3,0,1,1,0,0,0,0,0,0,0,0,0,0,4,168,101,57,0,0,0,0,0,6,0,0,0,0,0,0,8,1,1,115,11,65,2,14,16,0,0,0,0,0,0,0,140,44,2,121,0,0,0,5,0,0,0,0,0,0,0,0,9,0,0,3,0,0,0,0,0,0,0,0,13,0,0,0,36,4,2,36,0,0,10,6,0,0,0,4,0,0,0,64,24,1,0,19,0,0,0,109,0,0,0,1,0,0,0,2,35,8,0,10,1,0,0,0,0,1,0,0,0,0,0,0,0,0,0,17,0,0,0,0,0,0,0,0,0,0,0,0,0,0,0,0,0,0,0,2,0,0,0,0,0,0,2,0,39,39,16,156,0,0,0,0,0,0,0,6,0,0,0,0,32,987,27,56,0,13,0,4,0,0,0,0,0,0,0,0,131,0,1,36,113,0,0,0,0,0,0,0,0,0,0,0,0,0,10,304,0,0,0,128,0,0,0,0,0,0,0,0,143,70,0,95,0,0,0,0,0,0,0,0,0,0,0,0,297,33,0,37,19,0,0,0,0,0,0,0,0,0,0,0,25,3,0,16,0,0,1,0,8,0,0,12,0,0,0,0,634,22,22,69,11,14,0,3,200,0,0,39,0,0,0,0,57,7,0,197,36,0,0,2,0,4,0,0,0,0,0,109,1,0,21,18,1,0,0,4,0,0,0,0,0,0,0,0,11,0,0,4,0,0,0,3,0,0,0,0,0,0,0,0,1997,980,454,1290,36,14,13,418,220,0,0,53,2,35,0,168,291,12,125,93,0,0,4,2,1,0,0,6,0,0,0,2,2737,584,696,1671,500,112,464,192,41,504,66,270,0,0,0,4,198,11,6,204,183,10,17,25,0,0,2,11,0,0,0,0,4523,881,1855,2447,410,134,212,76,424,5,163,0,342,3,0,260,4361,2193,2323,6469,367,5,575,1028,33,20,379,271,376,0,0,5,0,16,3,4,0,0,0,6,2,0,0,0,0,0,0,0,753,34,12,115,19,1,0,22,1,0,0,2,0,0,0,0,371,6,8,30,184,3,3,4,5,1,13,13,4,2,0,10,1350,1292,535,417,501,183,6,5,13,2,12,5,5,0,2,0,755,14,19,574,173,282,2,121,11,158,2,8,57,37,0,5,119,74,2,251,29,0,0,17,0,2,0,41,16,1,0,8,545,23,4,223,0,17,0,0,0,0,0,0,0,3,0,0,0,0,0,0,14,0,0,0,0,0,0,0,0,0,0,0,0,111,12,16,0,0,0,0,0,0,0,0,0,0,0,0,5924,2800,1757,6757,186,47,8,817,62,3,54,123,496,171,0,830,1359,433,123,1430,2,20,11,262,21,0,0,195,101,7,1,56,1943,876,1149,2968,287,5,14,1214,133,17,3,360,124,63,6,237,462,16,0,134,0,0,0,0,0,0,0,0,0,6,0,11,5724,2689,1731,7113,292,0,3,340,620,216,475,720,213,64,37,158,0,0,3,26,0,162,0,5,0,0,0,0,0,0,0,0,231,0,3,15,0,0,0,0,3,0,0,1,0,0,0,0,3338,890,261,874,466,26,30,270,35,0,16,183,6,305,0,59,1176,434,440,706,124,22,0,30,97,2,4,88,25,3,0
0,22,0,242,133,0,0,0,0,0,0,0,0,0,0,0,0,436,0,0,128,5,153,0,22,0,0,0,0,0,0,0,0,12,75,25,57,0,0,0,0,0,2,0,0,0,0,4,19,294,240,228,307,32,285,8,20,0,0,0,0,0,0,0,0,22,22,14,38,0,12,0,0,0,0,8,0,0,0,0,0,15,114,0,7,0,0,0,13,0,0,0,0,0,0,0,0,545,24,81,55,173,53,13,13,0,0,0,0,0,0,0,0,62,53,0,83,0,0,0,9,0,0,0,0,0,0,0,9,265,7,1,36,2,0,0,0,0,3,0,0,0,0,0,0,0,4,0,0,0,0,0,0,0,0,0,0,0,0,0,0,712,155,0,3,0,0,0,2,0,0,0,0,0,0,0,0,256,477,2,151,0,0,0,49,0,0,0,8,0,8,0,0,0,0,0,0,0,0,0,0,0,0,0,0,0,0,0,1,15,1,26,34,0,0,0,26,6,10,0,90,0,0,0,0,159,12,6,54,0,1,0,0,2,2,0,6,14,0,0,5,0,13,0,0,0,0,0,0,7,0,0,0,0,0,0,0,441,20,0,31,0,5,0,0,6,0,0,1,0,0,0,0,19,18,0,35,0,0,0,1,23,1,0,0,0,1,0,9,55,22,10,89,8,0,0,1,0,0,0,0,17,0,0,0,3,1,3,0,1,1,0,0,0,0,0,0,0,0,0,0,4,168,101,57,0,0,0,0,0,6,0,0,0,0,0,0,8,1,1,115,11,65,2,14,16,0,0,0,0,0,0,0,140,44,2,121,0,0,0,5,0,0,0,0,0,0,0,0,9,0,0,3,0,0,0,0,0,0,0,0,13,0,0,0,36,4,2,36,0,0,10,6,0,0,0,4,0,0,0,64,24,1,0,19,0,0,0,109,0,0,0,1,0,0,0,2,35,8,0,10,1,0,0,0,0,1,0,0,0,0,0,0,0,0,0,17,0,0,0,0,0,0,0,0,0,0,0,0,0,0,0,0,0,0,0,2,0,0,0,0,0,0,2,0,39,39,16,156,0,0,0,0,0,0,0,6,0,0,0,0,32,987,27,56,0,13,0,4,0,0,0,0,0,0,0,0,131,0,1,36,113,0,0,0,0,0,0,0,0,0,0,0,0,0,10,304,0,0,0,128,0,0,0,0,0,0,0,0,143,70,0,95,0,0,0,0,0,0,0,0,0,0,0,0,297,33,0,37,19,0,0,0,0,0,0,0,0,0,0,0,25,3,0,16,0,0,1,0,8,0,0,12,0,0,0,0,634,22,22,69,11,14,0,3,200,0,0,39,0,0,0,0,57,7,0,197,36,0,0,2,0,4,0,0,0,0,0,109,1,0,21,18,1,0,0,4,0,0,0,0,0,0,0,0,11,0,0,4,0,0,0,3,0,0,0,0,0,0,0,0,1997,980,454,1290,36,14,13,418,220,0,0,53,2,35,0,168,291,12,125,93,0,0,4,2,1,0,0,6,0,0,0,2,2737,584,696,1671,500,112,464,192,41,504,66,270,0,0,0,4,198,11,6,204,183,10,17,25,0,0,2,11,0,0,0,0,4523,881,1855,2447,410,134,212,76,424,5,163,0,342,3,0,260,4361,2193,2323,6469,367,5,575,1028,33,20,379,271,376,0,0,5,0,16,3,4,0,0,0,6,2,0,0,0,0,0,0,0,753,34,12,115,19,1,0,22,1,0,0,2,0,0,0,0,371,6,8,30,184,3,3,4,5,1,13,13,4,2,0,10,1350,1292,535,417,501,183,6,5,13,2,12,5,5,0,2,0,755,14,19,574,173,282,2,121,11,158,2,8,57,37,0,5,119,74,2,251,29,0,0,17,0,2,0,41,16,1,0,8,545,23,4,223,0,17,0,0,0,0,0,0,0,3,0,0,0,0,0,0,14,0,0,0,0,0,0,0,0,0,0,0,0,111,12,16,0,0,0,0,0,0,0,0,0,0,0,0,5924,2800,1757,6757,186,47,8,817,62,3,54,123,496,171,0,830,1359,433,123,1430,2,20,11,262,21,0,0,195,101,7,1,56,1943,876,1149,2968,287,5,14,1214,133,17,3,360,124,63,6,237,462,16,0,134,0,0,0,0,0,0,0,0,0,6,0,11,5724,2689,1731,7113,292,0,3,340,620,216,475,720,213,64,37,158,0,0,3,26,0,162,0,5,0,0,0,0,0,0,0,0,231,0,3,15,0,0,0,0,3,0,0,1,0,0,0,0,3338,890,261,874,466,26,30,270,35,0,16,183,6,305,0,59,1176,434,440,706,124,22,0,30,97,2,4,88,25,3,0
0,22,0,242,133,0,0,0,0,0,0,0,0,0,0,0,0,436,0,0,128,5,153,0,22,0,0,0,0,0,0,0,0,12,75,25,57,0,0,0,0,0,2,0,0,0,0,4,19,294,240,228,307,32,285,8,20,0,0,0,0,0,0,0,0,22,22,14,38,0,12,0,0,0,0,8,0,0,0,0,0,15,114,0,7,0,0,0,13,0,0,0,0,0,0,0,0,545,24,81,55,173,53,13,13,0,0,0,0,0,0,0,0,62,53,0,83,0,0,0,9,0,0,0,0,0,0,0,9,265,7,1,36,2,0,0,0,0,3,0,0,0,0,0,0,0,4,0,0,0,0,0,0,0,0,0,0,0,0,0,0,712,155,0,3,0,0,0,2,0,0,0,0,0,0,0,0,256,477,2,151,0,0,0,49,0,0,0,8,0,8,0,0,0,0,0,0,0,0,0,0,0,0,0,0,0,0,0,1,15,1,26,34,0,0,0,26,6,10,0,90,0,0,0,0,159,12,6,54,0,1,0,0,2,2,0,6,14,0,0,5,0,13,0,0,0,0,0,0,7,0,0,0,0,0,0,0,441,20,0,31,0,5,0,0,6,0,0,1,0,0,0,0,19,18,0,35,0,0,0,1,23,1,0,0,0,1,0,9,55,22,10,89,8,0,0,1,0,0,0,0,17,0,0,0,3,1,3,0,1,1,0,0,0,0,0,0,0,0,0,0,4,168,101,57,0,0,0,0,0,6,0,0,0,0,0,0,8,1,1,115,11,65,2,14,16,0,0,0,0,0,0,0,140,44,2,121,0,0,0,5,0,0,0,0,0,0,0,0,9,0,0,3,0,0,0,0,0,0,0,0,13,0,0,0,36,4,2,36,0,0,10,6,0,0,0,4,0,0,0,64,24,1,0,19,0,0,0,109,0,0,0,1,0,0,0,2,35,8,0,10,1,0,0,0,0,1,0,0,0,0,0,0,0,0,0,17,0,0,0,0,0,0,0,0,0,0,0,0,0,0,0,0,0,0,0,2,0,0,0,0,0,0,2,0,39,39,16,156,0,0,0,0,0,0,0,6,0,0,0,0,32,987,27,56,0,13,0,4,0,0,0,0,0,0,0,0,131,0,1,36,113,0,0,0,0,0,0,0,0,0,0,0,0,0,10,304,0,0,0,128,0,0,0,0,0,0,0,0,143,70,0,95,0,0,0,0,0,0,0,0,0,0,0,0,297,33,0,37,19,0,0,0,0,0,0,0,0,0,0,0,25,3,0,16,0,0,1,0,8,0,0,12,0,0,0,0,634,22,22,69,11,14,0,3,200,0,0,39,0,0,0,0,57,7,0,197,36,0,0,2,0,4,0,0,0,0,0,109,1,0,21,18,1,0,0,4,0,0,0,0,0,0,0,0,11,0,0,4,0,0,0,3,0,0,0,0,0,0,0,0,1997,980,454,1290,36,14,13,418,220,0,0,53,2,35,0,168,291,12,125,93,0,0,4,2,1,0,0,6,0,0,0,2,2737,584,696,1671,500,112,464,192,41,504,66,270,0,0,0,4,198,11,6,204,183,10,17,25,0,0,2,11,0,0,0,0,4523,881,1855,2447,410,134,212,76,424,5,163,0,342,3,0,260,4361,2193,2323,6469,367,5,575,1028,33,20,379,271,376,0,0,5,0,16,3,4,0,0,0,6,2,0,0,0,0,0,0,0,753,34,12,115,19,1,0,22,1,0,0,2,0,0,0,0,371,6,8,30,184,3,3,4,5,1,13,13,4,2,0,10,1350,1292,535,417,501,183,6,5,13,2,12,5,5,0,2,0,755,14,19,574,173,282,2,121,11,158,2,8,57,37,0,5,119,74,2,251,29,0,0,17,0,2,0,41,16,1,0,8,545,23,4,223,0,17,0,0,0,0,0,0,0,3,0,0,0,0,0,0,14,0,0,0,0,0,0,0,0,0,0,0,0,111,12,16,0,0,0,0,0,0,0,0,0,0,0,0,5924,2800,1757,6757,186,47,8,817,62,3,54,123,496,171,0,830,1359,433,123,1430,2,20,11,262,21,0,0,195,101,7,1,56,1943,876,1149,2968,287,5,14,1214,133,17,3,360,124,63,6,237,462,16,0,134,0,0,0,0,0,0,0,0,0,6,0,11,5724,2689,1731,7113,292,0,3,340,620,216,475,720,213,64,37,158,0,0,3,26,0,162,0,5,0,0,0,0,0,0,0,0,231,0,3,15,0,0,0,0,3,0,0,1,0,0,0,0,3338,890,261,874,466,26,30,270,35,0,16,183,6,305,0,59,1176,434,440,706,124,22,0,30,97,2,4,88,25,3,0
0,22,0,242,133,0,0,0,0,0,0,0,0,0,0,0,0,436,0,0,128,5,153,0,22,0,0,0,0,0,0,0,0,12,75,25,57,0,0,0,0,0,2,0,0,0,0,4,19,294,240,228,307,32,285,8,20,0,0,0,0,0,0,0,0,22,22,14,38,0,12,0,0,0,0,8,0,0,0,0,0,15,114,0,7,0,0,0,13,0,0,0,0,0,0,0,0,545,24,81,55,173,53,13,13,0,0,0,0,0,0,0,0,62,53,0,83,0,0,0,9,0,0,0,0,0,0,0,9,265,7,1,36,2,0,0,0,0,3,0,0,0,0,0,0,0,4,0,0,0,0,0,0,0,0,0,0,0,0,0,0,712,155,0,3,0,0,0,2,0,0,0,0,0,0,0,0,256,477,2,151,0,0,0,49,0,0,0,8,0,8,0,0,0,0,0,0,0,0,0,0,0,0,0,0,0,0,0,1,15,1,26,34,0,0,0,26,6,10,0,90,0,0,0,0,159,12,6,54,0,1,0,0,2,2,0,6,14,0,0,5,0,13,0,0,0,0,0,0,7,0,0,0,0,0,0,0,441,20,0,31,0,5,0,0,6,0,0,1,0,0,0,0,19,18,0,35,0,0,0,1,23,1,0,0,0,1,0,9,55,22,10,89,8,0,0,1,0,0,0,0,17,0,0,0,3,1,3,0,1,1,0,0,0,0,0,0,0,0,0,0,4,168,101,57,0,0,0,0,0,6,0,0,0,0,0,0,8,1,1,115,11,65,2,14,16,0,0,0,0,0,0,0,140,44,2,121,0,0,0,5,0,0,0,0,0,0,0,0,9,0,0,3,0,0,0,0,0,0,0,0,13,0,0,0,36,4,2,36,0,0,10,6,0,0,0,4,0,0,0,64,24,1,0,19,0,0,0,109,0,0,0,1,0,0,0,2,35,8,0,10,1,0,0,0,0,1,0,0,0,0,0,0,0,0,0,17,0,0,0,0,0,0,0,0,0,0,0,0,0,0,0,0,0,0,0,2,0,0,0,0,0,0,2,0,39,39,16,156,0,0,0,0,0,0,0,6,0,0,0,0,32,987,27,56,0,13,0,4,0,0,0,0,0,0,0,0,131,0,1,36,113,0,0,0,0,0,0,0,0,0,0,0,0,0,10,304,0,0,0,128,0,0,0,0,0,0,0,0,143,70,0,95,0,0,0,0,0,0,0,0,0,0,0,0,297,33,0,37,19,0,0,0,0,0,0,0,0,0,0,0,25,3,0,16,0,0,1,0,8,0,0,12,0,0,0,0,634,22,22,69,11,14,0,3,200,0,0,39,0,0,0,0,57,7,0,197,36,0,0,2,0,4,0,0,0,0,0,109,1,0,21,18,1,0,0,4,0,0,0,0,0,0,0,0,11,0,0,4,0,0,0,3,0,0,0,0,0,0,0,0,1997,980,454,1290,36,14,13,418,220,0,0,53,2,35,0,168,291,12,125,93,0,0,4,2,1,0,0,6,0,0,0,2,2737,584,696,1671,500,112,464,192,41,504,66,270,0,0,0,4,198,11,6,204,183,10,17,25,0,0,2,11,0,0,0,0,4521,881,1855,2447,410,134,212,76,424,5,163,0,342,3,0,260,4360,2192,2323,6470,367,5,575,1028,33,20,379,271,376,0,0,5,0,16,3,4,0,0,0,6,2,0,0,0,0,0,0,0,753,34,12,115,19,1,0,22,1,0,0,2,0,0,0,0,371,6,8,30,184,3,3,4,5,1,13,13,4,2,0,10,1350,1292,535,417,501,183,6,5,13,2,12,5,5,0,2,0,755,14,19,574,173,282,2,121,11,158,2,8,57,37,0,5,119,74,2,251,29,0,0,17,0,2,0,41,16,1,0,8,545,23,4,223,0,17,0,0,0,0,0,0,0,3,0,0,0,0,0,0,14,0,0,0,0,0,0,0,0,0,0,0,0,111,12,16,0,0,0,0,0,0,0,0,0,0,0,0,5925,2801,1757,6757,186,47,8,817,62,3,54,123,496,171,0,830,1359,433,123,1430,2,20,11,262,21,0,0,195,101,7,1,56,1943,876,1149,2968,287,5,14,1214,133,17,3,360,124,63,6,237,462,16,0,134,0,0,0,0,0,0,0,0,0,6,0,11,5722,2689,1731,7113,292,0,3,340,620,216,475,720,213,64,37,158,0,0,3,26,0,162,0,5,0,0,0,0,0,0,0,0,231,0,3,15,0,0,0,0,3,0,0,1,0,0,0,0,3338,890,261,874,466,26,30,270,35,0,16,183,6,305,0,59,1176,434,440,706,124,22,0,30,97,2,4,88,25,3,0
0,22,0,242,133,0,0,0,0,0,0,0,0,0,0,0,0,436,0,0,128,5,153,0,22,0,0,0,0,0,0,0,0,12,75,25,57,0,0,0,0,0,2,0,0,0,0,4,19,294,240,228,307,32,285,8,20,0,0,0,0,0,0,0,0,22,22,14,38,0,12,0,0,0,0,8,0,0,0,0,0,15,114,0,7,0,0,0,13,0,0,0,0,0,0,0,0,545,24,81,55,173,53,13,13,0,0,0,0,0,0,0,0,62,53,0,83,0,0,0,9,0,0,0,0,0,0,0,9,265,7,1,36,2,0,0,0,0,3,0,0,0,0,0,0,0,4,0,0,0,0,0,0,0,0,0,0,0,0,0,0,712,155,0,3,0,0,0,2,0,0,0,0,0,0,0,0,256,477,2,151,0,0,0,49,0,0,0,8,0,8,0,0,0,0,0,0,0,0,0,0,0,0,0,0,0,0,0,1,15,1,26,34,0,0,0,26,6,10,0,90,0,0,0,0,159,12,6,54,0,1,0,0,2,2,0,6,14,0,0,5,0,13,0,0,0,0,0,0,7,0,0,0,0,0,0,0,441,20,0,31,0,5,0,0,6,0,0,1,0,0,0,0,19,18,0,35,0,0,0,1,23,1,0,0,0,1,0,9,55,22,10,89,8,0,0,1,0,0,0,0,17,0,0,0,3,1,3,0,1,1,0,0,0,0,0,0,0,0,0,0,4,168,101,57,0,0,0,0,0,6,0,0,0,0,0,0,8,1,1,115,11,65,2,14,16,0,0,0,0,0,0,0,140,44,2,121,0,0,0,5,0,0,0,0,0,0,0,0,9,0,0,3,0,0,0,0,0,0,0,0,13,0,0,0,36,4,2,36,0,0,10,6,0,0,0,4,0,0,0,64,24,1,0,19,0,0,0,109,0,0,0,1,0,0,0,2,35,8,0,10,1,0,0,0,0,1,0,0,0,0,0,0,0,0,0,17,0,0,0,0,0,0,0,0,0,0,0,0,0,0,0,0,0,0,0,2,0,0,0,0,0,0,2,0,39,39,16,156,0,0,0,0,0,0,0,6,0,0,0,0,32,987,27,56,0,13,0,4,0,0,0,0,0,0,0,0,131,0,1,36,113,0,0,0,0,0,0,0,0,0,0,0,0,0,10,304,0,0,0,128,0,0,0,0,0,0,0,0,143,70,0,95,0,0,0,0,0,0,0,0,0,0,0,0,297,33,0,37,19,0,0,0,0,0,0,0,0,0,0,0,25,3,0,16,0,0,1,0,8,0,0,12,0,0,0,0,634,22,22,69,11,14,0,3,200,0,0,39,0,0,0,0,57,7,0,197,36,0,0,2,0,4,0,0,0,0,0,109,1,0,21,18,1,0,0,4,0,0,0,0,0,0,0,0,11,0,0,4,0,0,0,3,0,0,0,0,0,0,0,0,1997,980,454,1290,36,14,13,418,220,0,0,53,2,35,0,168,291,12,125,93,0,0,4,2,1,0,0,6,0,0,0,2,2737,584,696,1671,500,112,464,192,41,504,66,270,0,0,0,4,198,11,6,204,183,10,17,25,0,0,2,11,0,0,0,0,4521,881,1856,2447,410,134,212,76,424,5,163,0,342,3,0,260,4360,2192,2323,6469,367,5,575,1028,33,20,379,271,376,0,0,5,0,16,3,4,0,0,0,6,2,0,0,0,0,0,0,0,753,34,12,115,19,1,0,22,1,0,0,2,0,0,0,0,371,6,8,30,184,3,3,4,5,1,13,13,4,2,0,10,1350,1292,535,417,501,183,6,5,13,2,12,5,5,0,2,0,755,14,19,574,173,282,2,121,11,158,2,8,57,37,0,5,119,74,2,251,29,0,0,17,0,2,0,41,16,1,0,8,545,23,4,223,0,17,0,0,0,0,0,0,0,3,0,0,0,0,0,0,14,0,0,0,0,0,0,0,0,0,0,0,0,111,12,16,0,0,0,0,0,0,0,0,0,0,0,0,5925,2800,1757,6757,186,47,8,817,62,3,54,123,496,171,0,830,1359,433,123,1430,2,20,11,262,21,0,0,195,101,7,1,56,1943,876,1149,2968,287,5,14,1214,133,17,3,360,124,63,6,237,462,16,0,134,0,0,0,0,0,0,0,0,0,6,0,11,5723,2689,1731,7113,292,0,3,340,620,216,475,720,213,64,37,158,0,0,3,26,0,162,0,5,0,0,0,0,0,0,0,0,231,0,3,15,0,0,0,0,3,0,0,1,0,0,0,0,3338,890,261,874,466,26,30,270,35,0,16,183,6,305,0,59,1176,434,440,706,124,22,0,30,97,2,4,88,25,3,0
0,22,0,242,133,0,0,0,0,0,0,0,0,0,0,0,0,436,0,0,128,5,153,0,22,0,0,0,0,0,0,0,0,12,75,25,57,0,0,0,0,0,2,0,0,0,0,4,19,294,240,228,307,32,285,8,20,0,0,0,0,0,0,0,0,22,22,14,38,0,12,0,0,0,0,8,0,0,0,0,0,15,114,0,7,0,0,0,13,0,0,0,0,0,0,0,0,545,24,81,55,173,53,13,13,0,0,0,0,0,0,0,0,62,53,0,83,0,0,0,9,0,0,0,0,0,0,0,9,265,7,1,36,2,0,0,0,0,3,0,0,0,0,0,0,0,4,0,0,0,0,0,0,0,0,0,0,0,0,0,0,714,155,0,3,0,0,0,2,0,0,0,0,0,0,0,0,256,477,2,151,0,0,0,49,0,0,0,8,0,8,0,0,0,0,0,0,0,0,0,0,0,0,0,0,0,0,0,1,15,1,26,34,0,0,0,26,6,10,0,90,0,0,0,0,159,12,6,54,0,1,0,0,2,2,0,6,14,0,0,5,0,13,0,0,0,0,0,0,7,0,0,0,0,0,0,0,441,20,0,31,0,5,0,0,6,0,0,1,0,0,0,0,19,18,0,35,0,0,0,1,23,1,0,0,0,1,0,9,55,22,10,89,8,0,0,1,0,0,0,0,17,0,0,0,3,1,3,0,1,1,0,0,0,0,0,0,0,0,0,0,4,168,101,57,0,0,0,0,0,6,0,0,0,0,0,0,8,1,1,115,11,65,2,14,16,0,0,0,0,0,0,0,140,44,2,121,0,0,0,5,0,0,0,0,0,0,0,0,9,0,0,3,0,0,0,0,0,0,0,0,13,0,0,0,36,4,2,36,0,0,10,6,0,0,0,4,0,0,0,64,24,1,0,19,0,0,0,109,0,0,0,1,0,0,0,2,35,8,0,10,1,0,0,0,0,1,0,0,0,0,0,0,0,0,0,17,0,0,0,0,0,0,0,0,0,0,0,0,0,0,0,0,0,0,0,2,0,0,0,0,0,0,2,0,39,39,16,156,0,0,0,0,0,0,0,6,0,0,0,0,32,987,27,56,0,13,0,4,0,0,0,0,0,0,0,0,131,0,1,36,113,0,0,0,0,0,0,0,0,0,0,0,0,0,10,304,0,0,0,128,0,0,0,0,0,0,0,0,143,70,0,95,0,0,0,0,0,0,0,0,0,0,0,0,297,33,0,37,19,0,0,0,0,0,0,0,0,0,0,0,25,3,0,16,0,0,1,0,8,0,0,12,0,0,0,0,634,22,22,69,11,14,0,3,200,0,0,39,0,0,0,0,57,7,0,197,36,0,0,2,0,4,0,0,0,0,0,109,1,0,21,18,1,0,0,4,0,0,0,0,0,0,0,0,11,0,0,4,0,0,0,3,0,0,0,0,0,0,0,0,1997,980,454,1290,36,14,13,418,220,0,0,53,2,35,0,168,291,12,125,93,0,0,4,2,1,0,0,6,0,0,0,2,2737,584,696,1671,500,112,464,192,41,504,66,270,0,0,0,4,198,11,6,204,183,10,17,25,0,0,2,11,0,0,0,0,4521,881,1855,2447,410,134,212,76,424,5,163,0,342,3,0,261,4361,2192,2323,6470,367,5,575,1029,33,20,379,271,376,0,0,5,0,16,3,4,0,0,0,6,2,0,0,0,0,0,0,0,753,34,12,115,19,1,0,22,1,0,0,2,0,0,0,0,371,6,8,30,184,3,3,4,5,1,13,13,4,2,0,10,1350,1292,535,417,501,183,6,5,13,2,12,5,5,0,2,0,755,14,19,574,173,282,2,121,11,158,2,8,57,37,0,5,119,74,2,251,29,0,0,17,0,2,0,41,16,1,0,8,545,23,4,223,0,17,0,0,0,0,0,0,0,3,0,0,0,0,0,0,14,0,0,0,0,0,0,0,0,0,0,0,0,111,12,16,0,0,0,0,0,0,0,0,0,0,0,0,5924,2800,1757,6757,186,47,8,817,62,3,54,123,496,171,0,830,1359,433,123,1430,2,20,11,262,21,0,0,195,101,7,1,56,1943,876,1149,2968,287,5,14,1214,133,17,3,360,124,63,6,237,462,16,0,134,0,0,0,0,0,0,0,0,0,6,0,11,5722,2689,1731,7113,292,0,3,340,620,216,475,720,213,64,37,158,0,0,3,26,0,162,0,5,0,0,0,0,0,0,0,0,231,0,3,15,0,0,0,0,3,0,0,1,0,0,0,0,3339,890,261,874,466,26,30,270,35,0,16,183,6,305,0,59,1176,434,440,706,124,22,0,30,97,2,4,88,25,3,0
0,22,0,242,133,0,0,0,0,0,0,0,0,0,0,0,0,436,0,0,128,5,153,0,22,0,0,0,0,0,0,0,0,12,75,25,57,0,0,0,0,0,2,0,0,0,0,4,19,294,240,228,307,32,285,8,20,0,0,0,0,0,0,0,0,22,22,14,38,0,12,0,0,0,0,8,0,0,0,0,0,15,114,0,7,0,0,0,13,0,0,0,0,0,0,0,0,545,24,81,55,173,53,13,13,0,0,0,0,0,0,0,0,62,53,0,83,0,0,0,9,0,0,0,0,0,0,0,9,265,7,1,36,2,0,0,0,0,3,0,0,0,0,0,0,0,4,0,0,0,0,0,0,0,0,0,0,0,0,0,0,712,155,0,3,0,0,0,2,0,0,0,0,0,0,0,0,256,477,2,151,0,0,0,49,0,0,0,8,0,8,0,0,0,0,0,0,0,0,0,0,0,0,0,0,0,0,0,1,15,1,26,34,0,0,0,26,6,10,0,90,0,0,0,0,159,12,6,54,0,1,0,0,2,2,0,6,14,0,0,5,0,13,0,0,0,0,0,0,7,0,0,0,0,0,0,0,441,20,0,31,0,5,0,0,6,0,0,1,0,0,0,0,19,18,0,35,0,0,0,1,23,1,0,0,0,1,0,9,55,22,10,89,8,0,0,1,0,0,0,0,17,0,0,0,3,1,3,0,1,1,0,0,0,0,0,0,0,0,0,0,4,168,101,57,0,0,0,0,0,6,0,0,0,0,0,0,8,1,1,115,11,65,2,14,16,0,0,0,0,0,0,0,140,44,2,121,0,0,0,5,0,0,0,0,0,0,0,0,9,0,0,3,0,0,0,0,0,0,0,0,13,0,0,0,36,4,2,36,0,0,10,6,0,0,0,4,0,0,0,64,24,1,0,19,0,0,0,109,0,0,0,1,0,0,0,2,35,8,0,10,1,0,0,0,0,1,0,0,0,0,0,0,0,0,0,17,0,0,0,0,0,0,0,0,0,0,0,0,0,0,0,0,0,0,0,2,0,0,0,0,0,0,2,0,39,39,16,156,0,0,0,0,0,0,0,6,0,0,0,0,32,987,27,56,0,13,0,4,0,0,0,0,0,0,0,0,131,0,1,36,113,0,0,0,0,0,0,0,0,0,0,0,0,0,10,304,0,0,0,128,0,0,0,0,0,0,0,0,143,70,0,95,0,0,0,0,0,0,0,0,0,0,0,0,297,33,0,37,19,0,0,0,0,0,0,0,0,0,0,0,25,3,0,16,0,0,1,0,8,0,0,12,0,0,0,0,634,22,22,69,11,14,0,3,200,0,0,39,0,0,0,0,57,7,0,197,36,0,0,2,0,4,0,0,0,0,0,109,1,0,21,18,1,0,0,4,0,0,0,0,0,0,0,0,11,0,0,4,0,0,0,3,0,0,0,0,0,0,0,0,1997,980,454,1290,36,14,13,418,220,0,0,53,2,35,0,168,291,12,125,93,0,0,4,2,1,0,0,6,0,0,0,2,2737,584,696,1671,500,112,464,192,41,504,66,270,0,0,0,4,198,11,6,204,183,10,17,25,0,0,2,11,0,0,0,0,4521,881,1855,2447,410,134,212,76,424,5,163,0,342,3,0,260,4360,2192,2324,6471,367,5,575,1028,33,20,380,271,377,0,0,5,0,16,3,4,0,0,0,6,2,0,0,0,0,0,0,0,753,34,12,115,19,1,0,22,1,0,0,2,0,0,0,0,371,6,8,30,184,3,3,4,5,1,13,13,4,2,0,10,1350,1292,535,417,501,183,6,5,13,2,12,5,5,0,2,0,755,14,19,574,173,282,2,121,11,158,2,8,57,37,0,5,119,74,2,251,29,0,0,17,0,2,0,41,16,1,0,8,545,23,4,223,0,17,0,0,0,0,0,0,0,3,0,0,0,0,0,0,14,0,0,0,0,0,0,0,0,0,0,0,0,111,12,16,0,0,0,0,0,0,0,0,0,0,0,0,5924,2800,1757,6757,186,47,8,817,62,3,54,123,496,171,0,830,1359,433,123,1430,2,20,11,262,21,0,0,195,101,7,1,56,1943,876,1150,2968,287,5,14,1214,133,17,3,360,124,63,6,237,462,16,0,134,0,0,0,0,0,0,0,0,0,6,0,11,5722,2689,1732,7114,292,0,3,340,620,216,475,720,213,64,37,158,0,0,3,26,0,162,0,5,0,0,0,0,0,0,0,0,231,0,3,15,0,0,0,0,3,0,0,1,0,0,0,0,3338,890,261,874,466,26,30,270,35,0,16,183,6,305,0,59,1176,434,440,706,124,22,0,30,97,2,4,88,25,3,0
0,22,0,242,133,0,0,0,0,0,0,0,0,0,0,0,0,436,0,0,128,5,153,0,22,0,0,0,0,0,0,0,0,12,75,25,57,0,0,0,0,0,2,0,0,0,0,4,19,294,240,228,307,32,285,8,20,0,0,0,0,0,0,0,0,22,22,14,38,0,12,0,0,0,0,8,0,0,0,0,0,15,114,0,7,0,0,0,13,0,0,0,0,0,0,0,0,545,24,81,55,173,53,13,13,0,0,0,0,0,0,0,0,62,53,0,83,0,0,0,9,0,0,0,0,0,0,0,9,265,7,1,36,2,0,0,0,0,3,0,0,0,0,0,0,0,4,0,0,0,0,0,0,0,0,0,0,0,0,0,0,712,155,0,3,0,0,0,2,0,0,0,0,0,0,0,0,256,477,2,151,0,0,0,49,0,0,0,8,0,8,0,0,0,0,0,0,0,0,0,0,0,0,0,0,0,0,0,1,15,1,26,34,0,0,0,26,6,10,0,90,0,0,0,0,159,12,6,54,0,1,0,0,2,2,0,6,14,0,0,5,0,13,0,0,0,0,0,0,7,0,0,0,0,0,0,0,441,20,0,31,0,5,0,0,6,0,0,1,0,0,0,0,19,18,0,35,0,0,0,1,23,1,0,0,0,1,0,9,55,22,10,89,8,0,0,1,0,0,0,0,17,0,0,0,3,1,3,0,1,1,0,0,0,0,0,0,0,0,0,0,4,168,101,57,0,0,0,0,0,6,0,0,0,0,0,0,8,1,1,115,11,65,2,14,16,0,0,0,0,0,0,0,140,44,2,121,0,0,0,5,0,0,0,0,0,0,0,0,9,0,0,3,0,0,0,0,0,0,0,0,13,0,0,0,36,4,2,36,0,0,10,6,0,0,0,4,0,0,0,64,24,1,0,19,0,0,0,109,0,0,0,1,0,0,0,2,35,8,0,10,1,0,0,0,0,1,0,0,0,0,0,0,0,0,0,17,0,0,0,0,0,0,0,0,0,0,0,0,0,0,0,0,0,0,0,2,0,0,0,0,0,0,2,0,39,39,16,156,0,0,0,0,0,0,0,6,0,0,0,0,32,987,27,56,0,13,0,4,0,0,0,0,0,0,0,0,131,0,1,36,113,0,0,0,0,0,0,0,0,0,0,0,0,0,10,304,0,0,0,128,0,0,0,0,0,0,0,0,143,70,0,95,0,0,0,0,0,0,0,0,0,0,0,0,297,33,0,37,19,0,0,0,0,0,0,0,0,0,0,0,25,3,0,16,0,0,1,0,8,0,0,12,0,0,0,0,634,22,22,69,11,14,0,3,200,0,0,39,0,0,0,0,57,7,0,197,36,0,0,2,0,4,0,0,0,0,0,109,1,0,21,18,1,0,0,4,0,0,0,0,0,0,0,0,11,0,0,4,0,0,0,3,0,0,0,0,0,0,0,0,1997,980,454,1290,36,14,13,418,220,0,0,53,2,35,0,168,291,12,125,93,0,0,4,2,1,0,0,6,0,0,0,2,2737,584,696,1671,500,112,464,192,41,504,66,270,0,0,0,4,198,11,6,204,183,10,17,25,0,0,2,11,0,0,0,0,4521,881,1855,2448,410,134,212,76,424,5,163,0,342,3,0,260,4361,2192,2323,6470,367,5,575,1028,33,20,379,271,376,0,0,5,0,16,3,4,0,0,0,6,2,0,0,0,0,0,0,0,753,34,12,115,19,1,0,22,1,0,0,2,0,0,0,0,371,6,8,30,184,3,3,4,5,1,13,13,4,2,0,10,1350,1292,535,417,501,183,6,5,13,2,12,5,5,0,2,0,755,14,19,574,173,282,2,121,11,158,2,8,57,37,0,5,119,74,2,251,29,0,0,17,0,2,0,41,16,1,0,8,545,23,4,223,0,17,0,0,0,0,0,0,0,3,0,0,0,0,0,0,14,0,0,0,0,0,0,0,0,0,0,0,0,111,12,16,0,0,0,0,0,0,0,0,0,0,0,0,5924,2800,1757,6757,186,47,8,817,62,3,54,123,496,171,0,830,1359,433,123,1430,2,20,11,262,21,0,0,195,101,7,1,56,1943,876,1149,2969,287,5,14,1214,133,17,3,360,124,63,6,237,462,16,0,134,0,0,0,0,0,0,0,0,0,6,0,11,5722,2691,1731,7115,292,0,3,340,620,216,475,720,213,64,37,158,0,0,3,26,0,162,0,5,0,0,0,0,0,0,0,0,231,0,3,15,0,0,0,0,3,0,0,1,0,0,0,0,3338,890,261,874,466,26,30,270,35,0,16,183,6,305,0,59,1176,434,440,706,124,22,0,30,97,2,4,88,25,3,0
0,22,0,242,133,0,0,0,0,0,0,0,0,0,0,0,0,436,0,0,128,5,153,0,22,0,0,0,0,0,0,0,0,12,75,25,57,0,0,0,0,0,2,0,0,0,0,4,19,294,240,228,307,32,285,8,20,0,0,0,0,0,0,0,0,22,22,14,38,0,12,0,0,0,0,8,0,0,0,0,0,15,114,0,7,0,0,0,13,0,0,0,0,0,0,0,0,545,24,81,55,173,53,13,13,0,0,0,0,0,0,0,0,62,53,0,83,0,0,0,9,0,0,0,0,0,0,0,9,266,7,1,36,2,0,0,0,0,3,0,0,0,0,0,0,0,4,0,0,0,0,0,0,0,0,0,0,0,0,0,0,712,155,0,3,0,0,0,2,0,0,0,0,0,0,0,0,256,477,2,151,0,0,0,49,0,0,0,8,0,8,0,0,0,0,0,0,0,0,0,0,0,0,0,0,0,0,0,1,15,1,26,34,0,0,0,26,6,10,0,90,0,0,0,0,159,12,6,54,0,1,0,0,2,2,0,6,14,0,0,5,0,13,0,0,0,0,0,0,7,0,0,0,0,0,0,0,441,20,0,31,0,5,0,0,6,0,0,1,0,0,0,0,19,18,0,35,0,0,0,1,23,1,0,0,0,1,0,9,55,22,10,89,8,0,0,1,0,0,0,0,17,0,0,0,3,1,3,0,1,1,0,0,0,0,0,0,0,0,0,0,4,168,101,57,0,0,0,0,0,6,0,0,0,0,0,0,8,1,1,115,11,65,2,14,16,0,0,0,0,0,0,0,140,44,2,121,0,0,0,5,0,0,0,0,0,0,0,0,9,0,0,3,0,0,0,0,0,0,0,0,13,0,0,0,36,4,2,36,0,0,10,6,0,0,0,4,0,0,0,64,24,1,0,19,0,0,0,109,0,0,0,1,0,0,0,2,35,8,0,10,1,0,0,0,0,1,0,0,0,0,0,0,0,0,0,17,0,0,0,0,0,0,0,0,0,0,0,0,0,0,0,0,0,0,0,2,0,0,0,0,0,0,2,0,39,39,16,156,0,0,0,0,0,0,0,6,0,0,0,0,32,987,27,56,0,13,0,4,0,0,0,0,0,0,0,0,131,0,1,36,113,0,0,0,0,0,0,0,0,0,0,0,0,0,10,304,0,0,0,128,0,0,0,0,0,0,0,0,143,70,0,95,0,0,0,0,0,0,0,0,0,0,0,0,297,33,0,37,19,0,0,0,0,0,0,0,0,0,0,0,25,3,0,16,0,0,1,0,8,0,0,12,0,0,0,0,634,22,22,69,11,14,0,3,200,0,0,39,0,0,0,0,57,7,0,197,36,0,0,2,0,4,0,0,0,0,0,109,1,0,21,18,1,0,0,4,0,0,0,0,0,0,0,0,11,0,0,4,0,0,0,3,0,0,0,0,0,0,0,0,1997,980,454,1290,36,14,13,418,220,0,0,53,2,35,0,168,291,12,125,93,0,0,4,2,1,0,0,6,0,0,0,2,2737,584,696,1671,500,112,464,192,41,504,66,270,0,0,0,4,198,11,6,204,183,10,17,25,0,0,2,11,0,0,0,0,4521,881,1855,2447,410,134,212,76,424,5,163,0,342,3,0,260,4360,2194,2324,6472,367,5,576,1028,33,20,379,272,376,0,0,5,0,16,3,4,0,0,0,6,2,0,0,0,0,0,0,0,753,34,12,115,19,1,0,22,1,0,0,2,0,0,0,0,371,6,8,30,184,3,3,4,5,1,13,13,4,2,0,10,1350,1292,535,417,501,183,6,5,13,2,12,5,5,0,2,0,755,14,19,574,173,282,2,121,11,158,2,8,57,37,0,5,119,74,2,251,29,0,0,17,0,2,0,41,16,1,0,8,545,23,4,223,0,17,0,0,0,0,0,0,0,3,0,0,0,0,0,0,14,0,0,0,0,0,0,0,0,0,0,0,0,111,12,16,0,0,0,0,0,0,0,0,0,0,0,0,5924,2800,1757,6757,186,47,8,817,62,3,54,123,496,171,0,830,1359,433,123,1430,2,20,11,262,21,0,0,195,101,7,1,56,1943,878,1149,2968,287,5,14,1214,133,17,3,362,124,63,6,237,462,16,0,134,0,0,0,0,0,0,0,0,0,6,0,11,5722,2689,1731,7117,292,0,3,340,621,216,476,720,213,64,37,158,0,0,3,26,0,163,0,5,0,0,0,0,0,0,0,0,231,0,3,15,0,0,0,0,3,0,0,1,0,0,0,0,3338,890,261,874,466,26,30,270,35,0,16,183,6,305,0,59,1176,434,440,706,124,22,0,30,97,2,4,88,25,3,0
0,22,0,242,133,0,0,0,0,0,0,0,0,0,0,0,0,436,0,0,128,5,153,0,22,0,0,0,0,0,0,0,0,12,75,25,57,0,0,0,0,0,2,0,0,0,0,4,19,294,240,228,307,32,285,8,20,0,0,0,0,0,0,0,0,22,22,14,38,0,12,0,0,0,0,8,0,0,0,0,0,15,114,0,7,0,0,0,13,0,0,0,0,0,0,0,0,545,24,81,55,173,53,13,13,0,0,0,0,0,0,0,0,62,53,0,83,0,0,0,9,0,0,0,0,0,0,0,9,265,7,1,36,2,0,0,0,0,3,0,0,0,0,0,0,0,4,0,0,0,0,0,0,0,0,0,0,0,0,0,0,712,155,0,3,0,0,0,2,0,0,0,0,0,0,0,0,256,477,2,151,0,0,0,49,0,0,0,8,0,8,0,0,0,0,0,0,0,0,0,0,0,0,0,0,0,0,0,1,15,1,26,34,0,0,0,26,6,10,0,90,0,0,0,0,159,12,6,54,0,1,0,0,2,2,0,6,14,0,0,5,0,13,0,0,0,0,0,0,7,0,0,0,0,0,0,0,441,20,0,31,0,5,0,0,6,0,0,1,0,0,0,0,19,18,0,35,0,0,0,1,23,1,0,0,0,1,0,9,55,22,10,89,8,0,0,1,0,0,0,0,17,0,0,0,3,1,3,0,1,1,0,0,0,0,0,0,0,0,0,0,4,168,101,57,0,0,0,0,0,6,0,0,0,0,0,0,8,1,1,115,11,65,2,14,16,0,0,0,0,0,0,0,140,44,2,121,0,0,0,5,0,0,0,0,0,0,0,0,9,0,0,3,0,0,0,0,0,0,0,0,13,0,0,0,36,4,2,36,0,0,10,6,0,0,0,4,0,0,0,64,24,1,0,19,0,0,0,109,0,0,0,1,0,0,0,2,35,8,0,10,1,0,0,0,0,1,0,0,0,0,0,0,0,0,0,17,0,0,0,0,0,0,0,0,0,0,0,0,0,0,0,0,0,0,0,2,0,0,0,0,0,0,2,0,39,39,16,156,0,0,0,0,0,0,0,6,0,0,0,0,32,987,27,56,0,13,0,4,0,0,0,0,0,0,0,0,131,0,1,36,113,0,0,0,0,0,0,0,0,0,0,0,0,0,10,304,0,0,0,128,0,0,0,0,0,0,0,0,143,70,0,95,0,0,0,0,0,0,0,0,0,0,0,0,297,33,0,37,19,0,0,0,0,0,0,0,0,0,0,0,25,3,0,16,0,0,1,0,8,0,0,12,0,0,0,0,634,22,22,69,11,14,0,3,200,0,0,39,0,0,0,0,57,7,0,197,36,0,0,2,0,4,0,0,0,0,0,109,1,0,21,18,1,0,0,4,0,0,0,0,0,0,0,0,11,0,0,4,0,0,0,3,0,0,0,0,0,0,0,0,1997,980,454,1290,36,14,13,418,220,0,0,53,2,35,0,168,291,12,125,93,0,0,4,2,1,0,0,6,0,0,0,2,2737,584,696,1671,500,112,464,192,41,504,66,270,0,0,0,4,198,11,6,204,183,10,17,25,0,0,2,11,0,0,0,0,4521,881,1855,2448,410,134,212,76,424,5,163,0,342,3,0,260,4361,2192,2323,6470,367,5,575,1028,33,20,379,271,376,0,0,5,0,16,3,4,0,0,0,6,2,0,0,0,0,0,0,0,753,34,12,115,19,1,0,22,1,0,0,2,0,0,0,0,371,6,8,30,184,3,3,4,5,1,13,13,4,2,0,10,1350,1292,535,417,501,183,6,5,13,2,12,5,5,0,2,0,755,14,19,574,173,282,2,121,11,158,2,8,57,37,0,5,119,74,2,251,29,0,0,17,0,2,0,41,16,1,0,8,545,23,4,223,0,17,0,0,0,0,0,0,0,3,0,0,0,0,0,0,14,0,0,0,0,0,0,0,0,0,0,0,0,111,12,16,0,0,0,0,0,0,0,0,0,0,0,0,5924,2800,1757,6757,186,47,8,817,62,3,54,123,496,171,0,830,1359,433,123,1430,2,20,11,262,21,0,0,195,101,7,1,56,1943,876,1149,2969,287,5,14,1214,133,17,3,360,124,63,6,237,462,16,0,134,0,0,0,0,0,0,0,0,0,6,0,11,5722,2691,1731,7115,292,0,3,340,620,216,475,720,213,64,37,158,0,0,3,26,0,162,0,5,0,0,0,0,0,0,0,0,231,0,3,15,0,0,0,0,3,0,0,1,0,0,0,0,3338,890,261,874,466,26,30,270,35,0,16,183,6,305,0,59,1176,434,440,706,124,22,0,30,97,2,4,88,25,3,0
0,22,0,242,133,0,0,0,0,0,0,0,0,0,0,0,0,436,0,0,128,5,153,0,22,0,0,0,0,0,0,0,0,12,75,25,57,0,0,0,0,0,2,0,0,0,0,4,19,294,240,228,307,32,285,8,20,0,0,0,0,0,0,0,0,22,22,14,38,0,12,0,0,0,0,8,0,0,0,0,0,15,114,0,7,0,0,0,13,0,0,0,0,0,0,0,0,545,24,81,55,173,53,13,13,0,0,0,0,0,0,0,0,62,53,0,83,0,0,0,9,0,0,0,0,0,0,0,9,265,7,1,36,2,0,0,0,0,3,0,0,0,0,0,0,0,4,0,0,0,0,0,0,0,0,0,0,0,0,0,0,712,155,0,3,0,0,0,2,0,0,0,0,0,0,0,0,256,477,2,151,0,0,0,49,0,0,0,8,0,8,0,0,0,0,0,0,0,0,0,0,0,0,0,0,0,0,0,1,15,1,26,34,0,0,0,26,6,10,0,90,0,0,0,0,159,12,6,54,0,1,0,0,2,2,0,6,14,0,0,5,0,13,0,0,0,0,0,0,7,0,0,0,0,0,0,0,441,20,0,31,0,5,0,0,6,0,0,1,0,0,0,0,19,18,0,35,0,0,0,1,23,1,0,0,0,1,0,9,55,22,10,89,8,0,0,1,0,0,0,0,17,0,0,0,3,1,3,0,1,1,0,0,0,0,0,0,0,0,0,0,4,168,101,57,0,0,0,0,0,6,0,0,0,0,0,0,8,1,1,115,11,65,2,14,16,0,0,0,0,0,0,0,140,44,2,121,0,0,0,5,0,0,0,0,0,0,0,0,9,0,0,3,0,0,0,0,0,0,0,0,13,0,0,0,36,4,2,36,0,0,10,6,0,0,0,4,0,0,0,64,24,1,0,19,0,0,0,109,0,0,0,1,0,0,0,2,35,8,0,10,1,0,0,0,0,1,0,0,0,0,0,0,0,0,0,17,0,0,0,0,0,0,0,0,0,0,0,0,0,0,0,0,0,0,0,2,0,0,0,0,0,0,2,0,39,39,16,156,0,0,0,0,0,0,0,6,0,0,0,0,32,987,27,56,0,13,0,4,0,0,0,0,0,0,0,0,131,0,1,36,113,0,0,0,0,0,0,0,0,0,0,0,0,0,10,304,0,0,0,128,0,0,0,0,0,0,0,0,143,70,0,95,0,0,0,0,0,0,0,0,0,0,0,0,297,33,0,37,19,0,0,0,0,0,0,0,0,0,0,0,25,3,0,16,0,0,1,0,8,0,0,12,0,0,0,0,634,22,22,69,11,14,0,3,200,0,0,39,0,0,0,0,57,7,0,197,36,0,0,2,0,4,0,0,0,0,0,109,1,0,21,18,1,0,0,4,0,0,0,0,0,0,0,0,11,0,0,4,0,0,0,3,0,0,0,0,0,0,0,0,1997,980,454,1290,36,14,13,418,220,0,0,53,2,35,0,168,291,12,125,93,0,0,4,2,1,0,0,6,0,0,0,2,2738,584,696,1671,500,112,464,192,41,504,66,270,0,0,0,4,198,11,6,204,183,10,17,25,0,0,2,11,0,0,0,0,4521,881,1855,2447,411,134,212,76,425,5,163,0,342,3,0,260,4361,2192,2323,6470,367,5,575,1028,33,20,379,271,376,0,0,5,0,16,3,4,0,0,0,6,2,0,0,0,0,0,0,0,753,34,12,115,19,1,0,22,1,0,0,2,0,0,0,0,371,6,8,30,184,3,3,4,5,1,13,13,4,2,0,10,1350,1292,535,417,501,183,6,5,13,2,12,5,5,0,2,0,755,14,19,574,173,282,2,121,11,158,2,8,57,37,0,5,119,74,2,251,29,0,0,17,0,2,0,41,16,1,0,8,545,23,4,223,0,17,0,0,0,0,0,0,0,3,0,0,0,0,0,0,14,0,0,0,0,0,0,0,0,0,0,0,0,111,12,16,0,0,0,0,0,0,0,0,0,0,0,0,5924,2800,1757,6757,186,47,8,817,62,3,54,123,496,171,0,830,1359,433,123,1430,2,20,11,262,21,0,0,195,101,7,1,56,1943,876,1149,2968,287,5,14,1214,133,17,3,360,124,63,6,237,462,16,0,134,0,0,0,0,0,0,0,0,0,6,0,11,5722,2689,1733,7114,292,0,3,340,620,216,475,720,213,64,37,158,0,0,3,26,0,162,0,5,0,0,0,0,0,0,0,0,231,0,3,15,0,0,0,0,3,0,0,1,0,0,0,0,3338,890,261,874,466,26,30,270,35,0,16,183,6,305,0,59,1176,434,440,706,124,22,0,30,97,2,4,88,25,3,0
0,22,0,242,133,0,0,0,0,0,0,0,0,0,0,0,0,436,0,0,128,5,153,0,22,0,0,0,0,0,0,0,0,12,75,25,57,0,0,0,0,0,2,0,0,0,0,4,19,294,240,228,307,32,285,8,20,0,0,0,0,0,0,0,0,22,22,14,38,0,12,0,0,0,0,8,0,0,0,0,0,15,114,0,7,0,0,0,13,0,0,0,0,0,0,0,0,545,24,81,55,173,53,13,13,0,0,0,0,0,0,0,0,62,53,0,83,0,0,0,9,0,0,0,0,0,0,0,9,265,7,1,36,2,0,0,0,0,3,0,0,0,0,0,0,0,4,0,0,0,0,0,0,0,0,0,0,0,0,0,0,712,155,0,3,0,0,0,2,0,0,0,0,0,0,0,0,256,477,2,151,0,0,0,49,0,0,0,8,0,8,0,0,0,0,0,0,0,0,0,0,0,0,0,0,0,0,0,1,15,1,26,34,0,0,0,26,6,10,0,90,0,0,0,0,159,12,6,54,0,1,0,0,2,2,0,6,14,0,0,5,0,13,0,0,0,0,0,0,7,0,0,0,0,0,0,0,441,20,0,31,0,5,0,0,6,0,0,1,0,0,0,0,19,18,0,35,0,0,0,1,23,1,0,0,0,1,0,9,55,22,10,89,8,0,0,1,0,0,0,0,17,0,0,0,3,1,3,0,1,1,0,0,0,0,0,0,0,0,0,0,4,168,101,57,0,0,0,0,0,6,0,0,0,0,0,0,8,1,1,115,11,65,2,14,16,0,0,0,0,0,0,0,140,44,2,121,0,0,0,5,0,0,0,0,0,0,0,0,9,0,0,3,0,0,0,0,0,0,0,0,13,0,0,0,36,4,2,36,0,0,10,6,0,0,0,4,0,0,0,64,24,1,0,19,0,0,0,109,0,0,0,1,0,0,0,2,35,8,0,10,1,0,0,0,0,1,0,0,0,0,0,0,0,0,0,17,0,0,0,0,0,0,0,0,0,0,0,0,0,0,0,0,0,0,0,2,0,0,0,0,0,0,2,0,39,39,16,156,0,0,0,0,0,0,0,6,0,0,0,0,32,987,27,56,0,13,0,4,0,0,0,0,0,0,0,0,131,0,1,36,113,0,0,0,0,0,0,0,0,0,0,0,0,0,10,304,0,0,0,128,0,0,0,0,0,0,0,0,143,70,0,95,0,0,0,0,0,0,0,0,0,0,0,0,297,33,0,37,19,0,0,0,0,0,0,0,0,0,0,0,25,3,0,16,0,0,1,0,8,0,0,12,0,0,0,0,634,22,22,69,11,14,0,3,200,0,0,39,0,0,0,0,57,7,0,197,36,0,0,2,0,4,0,0,0,0,0,109,1,0,21,18,1,0,0,4,0,0,0,0,0,0,0,0,11,0,0,4,0,0,0,3,0,0,0,0,0,0,0,0,1997,980,455,1290,36,14,13,419,220,0,0,53,2,35,0,168,291,12,125,93,0,0,4,2,1,0,0,6,0,0,0,2,2738,584,696,1671,500,112,464,192,41,504,66,270,0,0,0,4,198,11,6,204,183,10,17,25,0,0,2,11,0,0,0,0,4521,882,1856,2447,410,134,212,76,424,5,163,0,342,3,0,260,4360,2192,2323,6471,367,5,575,1028,33,20,379,271,376,0,0,5,0,16,3,4,0,0,0,6,2,0,0,0,0,0,0,0,753,34,12,115,19,1,0,22,1,0,0,2,0,0,0,0,371,6,8,30,184,3,3,4,5,1,13,13,4,2,0,10,1350,1292,535,417,501,183,6,5,13,2,12,5,5,0,2,0,755,14,19,574,173,282,2,121,11,158,2,8,57,37,0,5,119,74,2,251,29,0,0,17,0,2,0,41,16,1,0,8,545,23,4,223,0,17,0,0,0,0,0,0,0,3,0,0,0,0,0,0,14,0,0,0,0,0,0,0,0,0,0,0,0,111,12,16,0,0,0,0,0,0,0,0,0,0,0,0,5926,2800,1758,6760,186,47,8,817,62,3,54,123,496,171,0,830,1359,433,123,1431,2,20,11,262,21,0,0,195,101,7,1,56,1943,876,1149,2969,287,5,14,1214,133,17,3,360,124,63,6,237,462,16,0,134,0,0,0,0,0,0,0,0,0,6,0,11,5722,2689,1731,7113,292,0,3,341,620,216,475,720,213,64,37,158,0,0,3,26,0,162,0,5,0,0,0,0,0,0,0,0,231,0,3,15,0,0,0,0,3,0,0,1,0,0,0,0,3338,890,261,874,466,26,30,270,35,0,16,183,6,305,0,59,1176,434,440,706,124,22,0,30,97,2,4,88,25,3,0
0,22,0,242,133,0,0,0,0,0,0,0,0,0,0,0,0,436,0,0,128,5,153,0,22,0,0,0,0,0,0,0,0,12,75,25,57,0,0,0,0,0,2,0,0,0,0,4,19,294,240,228,307,32,285,8,20,0,0,0,0,0,0,0,0,22,22,14,38,0,12,0,0,0,0,8,0,0,0,0,0,15,114,0,7,0,0,0,13,0,0,0,0,0,0,0,0,545,24,81,55,173,53,13,13,0,0,0,0,0,0,0,0,62,53,0,83,0,0,0,9,0,0,0,0,0,0,0,9,265,7,1,36,2,0,0,0,0,3,0,0,0,0,0,0,0,4,0,0,0,0,0,0,0,0,0,0,0,0,0,0,712,155,0,3,0,0,0,2,0,0,0,0,0,0,0,0,256,477,2,151,0,0,0,49,0,0,0,8,0,8,0,0,0,0,0,0,0,0,0,0,0,0,0,0,0,0,0,1,15,1,26,34,0,0,0,26,6,10,0,90,0,0,0,0,159,12,6,54,0,1,0,0,2,2,0,6,14,0,0,5,0,13,0,0,0,0,0,0,7,0,0,0,0,0,0,0,441,20,0,31,0,5,0,0,6,0,0,1,0,0,0,0,19,18,0,35,0,0,0,1,23,1,0,0,0,1,0,9,55,22,10,89,8,0,0,1,0,0,0,0,17,0,0,0,3,1,3,0,1,1,0,0,0,0,0,0,0,0,0,0,4,168,101,57,0,0,0,0,0,6,0,0,0,0,0,0,8,1,1,115,11,65,2,14,16,0,0,0,0,0,0,0,140,44,2,121,0,0,0,5,0,0,0,0,0,0,0,0,9,0,0,3,0,0,0,0,0,0,0,0,13,0,0,0,36,4,2,36,0,0,10,6,0,0,0,4,0,0,0,64,24,1,0,19,0,0,0,109,0,0,0,1,0,0,0,2,35,8,0,10,1,0,0,0,0,1,0,0,0,0,0,0,0,0,0,17,0,0,0,0,0,0,0,0,0,0,0,0,0,0,0,0,0,0,0,2,0,0,0,0,0,0,2,0,39,39,16,156,0,0,0,0,0,0,0,6,0,0,0,0,32,987,27,56,0,13,0,4,0,0,0,0,0,0,0,0,131,0,1,36,113,0,0,0,0,0,0,0,0,0,0,0,0,0,10,304,0,0,0,128,0,0,0,0,0,0,0,0,143,70,0,95,0,0,0,0,0,0,0,0,0,0,0,0,297,33,0,37,19,0,0,0,0,0,0,0,0,0,0,0,25,3,0,16,0,0,1,0,8,0,0,12,0,0,0,0,634,22,22,69,11,14,0,3,200,0,0,39,0,0,0,0,57,7,0,197,36,0,0,2,0,4,0,0,0,0,0,109,1,0,21,18,1,0,0,4,0,0,0,0,0,0,0,0,11,0,0,4,0,0,0,3,0,0,0,0,0,0,0,0,1997,980,454,1290,36,14,13,418,220,0,0,53,2,35,0,168,291,12,125,93,0,0,4,2,1,0,0,6,0,0,0,2,2737,584,696,1671,500,112,464,192,41,504,66,270,0,0,0,4,198,11,6,204,183,10,17,25,0,0,2,11,0,0,0,0,4521,881,1855,2448,410,134,212,76,424,5,163,0,342,3,0,260,4361,2192,2323,6470,367,5,575,1028,33,20,379,271,376,0,0,5,0,16,3,4,0,0,0,6,2,0,0,0,0,0,0,0,753,34,12,115,19,1,0,22,1,0,0,2,0,0,0,0,371,6,8,30,184,3,3,4,5,1,13,13,4,2,0,10,1350,1292,535,417,501,183,6,5,13,2,12,5,5,0,2,0,755,14,19,574,173,282,2,121,11,158,2,8,57,37,0,5,119,74,2,251,29,0,0,17,0,2,0,41,16,1,0,8,545,23,4,223,0,17,0,0,0,0,0,0,0,3,0,0,0,0,0,0,14,0,0,0,0,0,0,0,0,0,0,0,0,111,12,16,0,0,0,0,0,0,0,0,0,0,0,0,5924,2800,1757,6757,186,47,8,817,62,3,54,123,496,171,0,830,1359,433,123,1430,2,20,11,262,21,0,0,195,101,7,1,56,1943,876,1149,2969,287,5,14,1214,133,17,3,360,124,63,6,237,462,16,0,134,0,0,0,0,0,0,0,0,0,6,0,11,5722,2691,1731,7115,292,0,3,340,620,216,475,720,213,64,37,158,0,0,3,26,0,162,0,5,0,0,0,0,0,0,0,0,231,0,3,15,0,0,0,0,3,0,0,1,0,0,0,0,3338,890,261,874,466,26,30,270,35,0,16,183,6,305,0,59,1176,434,440,706,124,22,0,30,97,2,4,88,25,3,0
0,22,0,242,133,0,0,0,0,0,0,0,0,0,0,0,0,436,0,0,128,5,153,0,22,0,0,0,0,0,0,0,0,12,75,25,57,0,0,0,0,0,2,0,0,0,0,4,19,294,240,228,307,32,285,8,20,0,0,0,0,0,0,0,0,22,22,14,38,0,12,0,0,0,0,8,0,0,0,0,0,15,114,0,7,0,0,0,13,0,0,0,0,0,0,0,0,545,24,81,55,173,53,13,13,0,0,0,0,0,0,0,0,62,53,0,83,0,0,0,9,0,0,0,0,0,0,0,9,265,7,1,36,2,0,0,0,0,3,0,0,0,0,0,0,0,4,0,0,0,0,0,0,0,0,0,0,0,0,0,0,712,155,0,3,0,0,0,2,0,0,0,0,0,0,0,0,256,477,2,151,0,0,0,49,0,0,0,8,0,8,0,0,0,0,0,0,0,0,0,0,0,0,0,0,0,0,0,1,15,1,26,34,0,0,0,26,6,10,0,90,0,0,0,0,159,12,6,54,0,1,0,0,2,2,0,6,14,0,0,5,0,13,0,0,0,0,0,0,7,0,0,0,0,0,0,0,441,20,0,31,0,5,0,0,6,0,0,1,0,0,0,0,19,18,0,35,0,0,0,1,23,1,0,0,0,1,0,9,55,22,10,89,8,0,0,1,0,0,0,0,17,0,0,0,3,1,3,0,1,1,0,0,0,0,0,0,0,0,0,0,4,168,101,57,0,0,0,0,0,6,0,0,0,0,0,0,8,1,1,115,11,65,2,14,16,0,0,0,0,0,0,0,140,44,2,121,0,0,0,5,0,0,0,0,0,0,0,0,9,0,0,3,0,0,0,0,0,0,0,0,13,0,0,0,36,4,2,36,0,0,10,6,0,0,0,4,0,0,0,64,24,1,0,19,0,0,0,109,0,0,0,1,0,0,0,2,35,8,0,10,1,0,0,0,0,1,0,0,0,0,0,0,0,0,0,17,0,0,0,0,0,0,0,0,0,0,0,0,0,0,0,0,0,0,0,2,0,0,0,0,0,0,2,0,39,39,16,156,0,0,0,0,0,0,0,6,0,0,0,0,32,987,27,56,0,13,0,4,0,0,0,0,0,0,0,0,131,0,1,36,113,0,0,0,0,0,0,0,0,0,0,0,0,0,10,304,0,0,0,128,0,0,0,0,0,0,0,0,143,70,0,95,0,0,0,0,0,0,0,0,0,0,0,0,297,33,0,37,19,0,0,0,0,0,0,0,0,0,0,0,25,3,0,16,0,0,1,0,8,0,0,12,0,0,0,0,634,22,22,69,11,14,0,3,200,0,0,39,0,0,0,0,57,7,0,197,36,0,0,2,0,4,0,0,0,0,0,109,1,0,21,18,1,0,0,4,0,0,0,0,0,0,0,0,11,0,0,4,0,0,0,3,0,0,0,0,0,0,0,0,1997,980,454,1290,36,14,13,418,220,0,0,53,2,35,0,168,291,12,125,93,0,0,4,2,1,0,0,6,0,0,0,2,2737,584,696,1671,500,112,464,192,41,504,66,270,0,0,0,4,198,11,6,204,183,10,17,25,0,0,2,11,0,0,0,0,4521,881,1855,2448,410,134,212,76,424,5,163,0,342,3,0,260,4360,2192,2323,6469,367,5,575,1028,33,20,379,271,376,0,0,5,0,16,3,4,0,0,0,6,2,0,0,0,0,0,0,0,753,34,12,115,19,1,0,22,1,0,0,2,0,0,0,0,371,6,8,30,184,3,3,4,5,1,13,13,4,2,0,10,1351,1292,535,417,501,183,6,5,13,2,12,5,5,0,2,0,756,14,19,574,173,282,2,121,11,158,2,8,57,37,0,5,119,74,2,251,29,0,0,17,0,2,0,41,16,1,0,8,545,23,4,223,0,17,0,0,0,0,0,0,0,3,0,0,0,0,0,0,14,0,0,0,0,0,0,0,0,0,0,0,0,111,12,16,0,0,0,0,0,0,0,0,0,0,0,0,5924,2800,1757,6758,186,47,8,817,62,3,54,123,496,171,0,830,1359,433,123,1430,2,20,11,262,21,0,0,195,101,7,1,56,1943,876,1149,2968,287,5,14,1214,133,17,3,360,124,63,6,237,462,16,0,134,0,0,0,0,0,0,0,0,0,6,0,11,5722,2689,1731,7113,292,0,3,340,620,216,475,720,213,64,37,158,0,0,3,26,0,162,0,5,0,0,0,0,0,0,0,0,231,0,3,15,0,0,0,0,3,0,0,1,0,0,0,0,3338,890,261,874,466,26,30,270,35,0,16,183,6,305,0,59,1176,435,440,706,124,22,0,30,98,2,4,88,25,3,0
0,22,0,242,133,0,0,0,0,0,0,0,0,0,0,0,0,436,0,0,128,5,153,0,22,0,0,0,0,0,0,0,0,12,75,25,57,0,0,0,0,0,2,0,0,0,0,4,19,294,240,228,307,32,285,8,20,0,0,0,0,0,0,0,0,22,22,14,38,0,12,0,0,0,0,8,0,0,0,0,0,15,114,0,7,0,0,0,13,0,0,0,0,0,0,0,0,545,24,81,55,173,53,13,13,0,0,0,0,0,0,0,0,62,53,0,83,0,0,0,9,0,0,0,0,0,0,0,9,265,7,1,36,2,0,0,0,0,3,0,0,0,0,0,0,0,4,0,0,0,0,0,0,0,0,0,0,0,0,0,0,712,155,0,3,0,0,0,2,0,0,0,0,0,0,0,0,256,477,2,151,0,0,0,49,0,0,0,8,0,8,0,0,0,0,0,0,0,0,0,0,0,0,0,0,0,0,0,1,15,1,26,34,0,0,0,26,6,10,0,90,0,0,0,0,159,12,6,54,0,1,0,0,2,2,0,6,14,0,0,5,0,13,0,0,0,0,0,0,7,0,0,0,0,0,0,0,441,20,0,31,0,5,0,0,6,0,0,1,0,0,0,0,19,18,0,35,0,0,0,1,23,1,0,0,0,1,0,9,55,22,10,89,8,0,0,1,0,0,0,0,17,0,0,0,3,1,3,0,1,1,0,0,0,0,0,0,0,0,0,0,4,168,101,57,0,0,0,0,0,6,0,0,0,0,0,0,8,1,1,115,11,65,2,14,16,0,0,0,0,0,0,0,140,44,2,121,0,0,0,5,0,0,0,0,0,0,0,0,9,0,0,3,0,0,0,0,0,0,0,0,13,0,0,0,36,4,2,36,0,0,10,6,0,0,0,4,0,0,0,64,24,1,0,19,0,0,0,109,0,0,0,1,0,0,0,2,35,8,0,10,1,0,0,0,0,1,0,0,0,0,0,0,0,0,0,17,0,0,0,0,0,0,0,0,0,0,0,0,0,0,0,0,0,0,0,2,0,0,0,0,0,0,2,0,39,39,16,156,0,0,0,0,0,0,0,6,0,0,0,0,32,987,27,56,0,13,0,4,0,0,0,0,0,0,0,0,131,0,1,36,113,0,0,0,0,0,0,0,0,0,0,0,0,0,10,304,0,0,0,128,0,0,0,0,0,0,0,0,143,70,0,95,0,0,0,0,0,0,0,0,0,0,0,0,297,33,0,37,19,0,0,0,0,0,0,0,0,0,0,0,25,3,0,16,0,0,1,0,8,0,0,12,0,0,0,0,634,22,22,69,11,14,0,3,200,0,0,39,0,0,0,0,57,7,0,197,36,0,0,2,0,4,0,0,0,0,0,109,1,0,21,18,1,0,0,4,0,0,0,0,0,0,0,0,11,0,0,4,0,0,0,3,0,0,0,0,0,0,0,0,1997,980,454,1290,36,14,13,418,220,0,0,53,2,35,0,168,291,12,125,93,0,0,4,2,1,0,0,6,0,0,0,2,2737,584,696,1671,500,112,464,192,41,504,66,270,0,0,0,4,198,11,6,205,184,10,17,25,0,0,2,11,0,0,0,0,4521,881,1855,2447,410,134,212,76,424,5,163,0,342,3,0,260,4360,2192,2323,6469,367,5,575,1028,33,20,379,271,376,0,0,5,0,16,3,4,0,0,0,6,2,0,0,0,0,0,0,0,753,34,12,115,19,1,0,22,1,0,0,2,0,0,0,0,371,6,8,30,184,3,3,4,5,1,13,13,4,2,0,10,1350,1292,535,417,501,183,6,5,13,2,12,5,5,0,2,0,755,14,19,574,173,282,2,121,11,158,2,8,57,37,0,5,119,74,2,252,29,0,0,17,0,2,0,41,16,1,0,8,545,23,4,224,0,17,0,0,0,0,0,0,0,3,0,0,0,0,0,0,14,0,0,0,0,0,0,0,0,0,0,0,0,111,12,16,0,0,0,0,0,0,0,0,0,0,0,0,5924,2800,1757,6757,186,47,8,817,62,3,54,123,496,171,0,830,1359,433,123,1430,2,20,11,262,21,0,0,195,101,7,1,56,1943,876,1149,2968,287,5,14,1214,133,17,3,360,124,63,6,237,462,16,0,134,0,0,0,0,0,0,0,0,0,6,0,11,5722,2689,1731,7114,292,0,3,340,620,216,475,720,213,64,37,158,0,0,3,26,0,162,0,5,0,0,0,0,0,0,0,0,231,0,3,15,0,0,0,0,3,0,0,1,0,0,0,0,3338,890,261,874,466,26,30,270,35,0,16,183,6,305,0,59,1176,434,440,706,124,22,0,30,97,2,4,88,25,3,0
0,22,0,242,133,0,0,0,0,0,0,0,0,0,0,0,0,436,0,0,128,5,153,0,22,0,0,0,0,0,0,0,0,12,75,25,57,0,0,0,0,0,2,0,0,0,0,4,19,294,240,228,307,32,285,8,20,0,0,0,0,0,0,0,0,22,22,14,38,0,12,0,0,0,0,8,0,0,0,0,0,15,114,0,7,0,0,0,13,0,0,0,0,0,0,0,0,545,24,81,55,173,53,13,13,0,0,0,0,0,0,0,0,62,53,0,83,0,0,0,9,0,0,0,0,0,0,0,9,265,7,1,36,2,0,0,0,0,3,0,0,0,0,0,0,0,4,0,0,0,0,0,0,0,0,0,0,0,0,0,0,712,155,0,3,0,0,0,2,0,0,0,0,0,0,0,0,256,477,2,151,0,0,0,49,0,0,0,8,0,8,0,0,0,0,0,0,0,0,0,0,0,0,0,0,0,0,0,1,15,1,26,34,0,0,0,26,6,10,0,90,0,0,0,0,159,12,6,54,0,1,0,0,2,2,0,6,14,0,0,5,0,13,0,0,0,0,0,0,7,0,0,0,0,0,0,0,441,20,0,31,0,5,0,0,6,0,0,1,0,0,0,0,19,18,0,35,0,0,0,1,23,1,0,0,0,1,0,9,55,22,10,89,8,0,0,1,0,0,0,0,17,0,0,0,3,1,3,0,1,1,0,0,0,0,0,0,0,0,0,0,4,168,101,57,0,0,0,0,0,6,0,0,0,0,0,0,8,1,1,115,11,65,2,14,16,0,0,0,0,0,0,0,140,44,2,121,0,0,0,5,0,0,0,0,0,0,0,0,9,0,0,3,0,0,0,0,0,0,0,0,13,0,0,0,36,4,2,36,0,0,10,6,0,0,0,4,0,0,0,64,24,1,0,19,0,0,0,109,0,0,0,1,0,0,0,2,35,8,0,10,1,0,0,0,0,1,0,0,0,0,0,0,0,0,0,17,0,0,0,0,0,0,0,0,0,0,0,0,0,0,0,0,0,0,0,2,0,0,0,0,0,0,2,0,39,39,16,156,0,0,0,0,0,0,0,6,0,0,0,0,32,987,27,56,0,13,0,4,0,0,0,0,0,0,0,0,131,0,1,36,113,0,0,0,0,0,0,0,0,0,0,0,0,0,10,304,0,0,0,128,0,0,0,0,0,0,0,0,143,70,0,95,0,0,0,0,0,0,0,0,0,0,0,0,297,33,0,37,19,0,0,0,0,0,0,0,0,0,0,0,25,3,0,16,0,0,1,0,8,0,0,12,0,0,0,0,634,22,22,69,11,14,0,3,200,0,0,39,0,0,0,0,57,7,0,197,36,0,0,2,0,4,0,0,0,0,0,109,1,0,21,18,1,0,0,4,0,0,0,0,0,0,0,0,11,0,0,4,0,0,0,3,0,0,0,0,0,0,0,0,1997,980,454,1290,36,14,13,418,220,0,0,53,2,35,0,168,291,12,125,93,0,0,4,2,1,0,0,6,0,0,0,2,2737,584,696,1671,500,112,464,192,41,504,66,270,0,0,0,4,198,11,6,204,183,10,17,25,0,0,2,11,0,0,0,0,4521,881,1855,2447,410,134,212,76,424,5,163,0,342,3,0,260,4360,2192,2323,6469,367,5,575,1028,33,20,379,271,376,0,0,5,0,16,3,4,0,0,0,6,2,0,0,0,0,0,0,0,753,34,12,115,19,1,0,22,1,0,0,2,0,0,0,0,371,6,8,30,184,3,3,4,5,1,13,13,4,2,0,10,1350,1292,535,417,501,183,6,5,13,2,12,5,5,0,2,0,755,14,19,574,173,282,2,121,11,158,2,8,57,37,0,5,119,74,2,251,29,0,0,17,0,2,0,41,16,1,0,8,545,23,4,223,0,17,0,0,0,0,0,0,0,3,0,0,0,0,0,0,14,0,0,0,0,0,0,0,0,0,0,0,0,111,12,16,0,0,0,0,0,0,0,0,0,0,0,0,5924,2800,1757,6757,186,47,8,817,62,3,54,123,496,171,0,830,1359,433,123,1430,2,20,11,262,21,0,0,195,101,7,1,56,1943,876,1149,2968,287,5,14,1214,133,17,3,360,124,63,6,237,462,16,0,134,0,0,0,0,0,0,0,0,0,6,0,11,5722,2689,1731,7113,292,0,3,340,620,216,475,720,213,64,37,158,0,0,3,26,0,162,0,5,0,0,0,0,0,0,0,0,231,0,3,15,0,0,0,0,3,0,0,1,0,0,0,0,3338,890,261,874,466,26,30,270,35,0,16,183,6,305,0,59,1176,434,440,706,124,22,0,30,97,2,4,88,25,3,0
0,22,0,242,133,0,0,0,0,0,0,0,0,0,0,0,0,436,0,0,128,5,153,0,22,0,0,0,0,0,0,0,0,12,75,25,57,0,0,0,0,0,2,0,0,0,0,4,19,294,240,228,307,32,285,8,20,0,0,0,0,0,0,0,0,22,22,14,38,0,12,0,0,0,0,8,0,0,0,0,0,15,114,0,7,0,0,0,13,0,0,0,0,0,0,0,0,545,24,81,55,173,53,13,13,0,0,0,0,0,0,0,0,62,53,0,83,0,0,0,9,0,0,0,0,0,0,0,9,265,7,1,36,2,0,0,0,0,3,0,0,0,0,0,0,0,4,0,0,0,0,0,0,0,0,0,0,0,0,0,0,712,155,0,3,0,0,0,2,0,0,0,0,0,0,0,0,256,477,2,151,0,0,0,49,0,0,0,8,0,8,0,0,0,0,0,0,0,0,0,0,0,0,0,0,0,0,0,1,15,1,26,34,0,0,0,26,6,10,0,90,0,0,0,0,159,12,6,54,0,1,0,0,2,2,0,6,14,0,0,5,0,13,0,0,0,0,0,0,7,0,0,0,0,0,0,0,441,20,0,31,0,5,0,0,6,0,0,1,0,0,0,0,19,18,0,35,0,0,0,1,23,1,0,0,0,1,0,9,55,22,10,89,8,0,0,1,0,0,0,0,17,0,0,0,3,1,3,0,1,1,0,0,0,0,0,0,0,0,0,0,4,168,101,57,0,0,0,0,0,6,0,0,0,0,0,0,8,1,1,115,11,65,2,14,16,0,0,0,0,0,0,0,140,44,2,121,0,0,0,5,0,0,0,0,0,0,0,0,9,0,0,3,0,0,0,0,0,0,0,0,13,0,0,0,36,4,2,36,0,0,10,6,0,0,0,4,0,0,0,64,24,1,0,19,0,0,0,109,0,0,0,1,0,0,0,2,35,8,0,10,1,0,0,0,0,1,0,0,0,0,0,0,0,0,0,17,0,0,0,0,0,0,0,0,0,0,0,0,0,0,0,0,0,0,0,2,0,0,0,0,0,0,2,0,39,39,16,156,0,0,0,0,0,0,0,6,0,0,0,0,32,987,27,56,0,13,0,4,0,0,0,0,0,0,0,0,131,0,1,36,113,0,0,0,0,0,0,0,0,0,0,0,0,0,10,304,0,0,0,128,0,0,0,0,0,0,0,0,143,70,0,95,0,0,0,0,0,0,0,0,0,0,0,0,297,33,0,37,19,0,0,0,0,0,0,0,0,0,0,0,25,3,0,16,0,0,1,0,8,0,0,12,0,0,0,0,634,22,22,69,11,14,0,3,200,0,0,39,0,0,0,0,57,7,0,198,36,0,0,2,0,4,0,0,0,0,0,109,1,0,21,18,1,0,0,4,0,0,0,0,0,0,0,0,11,0,0,4,0,0,0,3,0,0,0,0,0,0,0,0,1997,980,454,1290,36,14,13,418,220,0,0,53,2,35,0,168,291,12,125,93,0,0,4,2,1,0,0,6,0,0,0,2,2737,584,696,1672,501,112,464,192,41,504,66,270,0,0,0,4,198,11,6,204,183,10,17,25,0,0,2,11,0,0,0,0,4521,881,1855,2449,410,134,212,76,424,5,164,0,342,3,0,260,4360,2192,2323,6471,367,5,575,1028,33,20,379,271,376,0,0,5,0,16,3,4,0,0,0,6,2,0,0,0,0,0,0,0,753,34,12,115,19,1,0,22,1,0,0,2,0,0,0,0,371,6,8,30,184,3,3,4,5,1,13,13,4,2,0,10,1350,1292,536,418,501,183,6,5,13,2,12,5,5,0,2,0,755,14,19,574,173,282,2,121,11,158,2,8,57,37,0,5,119,74,2,251,29,0,0,17,0,2,0,41,16,1,0,8,545,23,4,223,0,17,0,0,0,0,0,0,0,3,0,0,0,0,0,0,14,0,0,0,0,0,0,0,0,0,0,0,0,111,12,16,0,0,0,0,0,0,0,0,0,0,0,0,5924,2800,1757,6757,186,47,8,817,62,3,54,123,496,171,0,830,1359,433,123,1430,2,20,11,262,21,0,0,195,101,7,1,56,1943,876,1149,2968,287,5,14,1214,133,17,3,360,124,63,6,237,462,16,0,134,0,0,0,0,0,0,0,0,0,6,0,11,5722,2689,1731,7114,292,0,3,340,620,216,475,720,213,64,37,158,0,0,3,26,0,162,0,5,0,0,0,0,0,0,0,0,231,0,3,15,0,0,0,0,3,0,0,1,0,0,0,0,3338,890,261,874,466,26,30,270,35,0,16,183,6,305,0,59,1176,434,440,706,124,22,0,30,97,2,4,88,25,3,0
0,22,0,242,133,0,0,0,0,0,0,0,0,0,0,0,0,436,0,0,128,5,153,0,22,0,0,0,0,0,0,0,0,12,75,25,57,0,0,0,0,0,2,0,0,0,0,4,19,294,240,228,307,32,285,8,20,0,0,0,0,0,0,0,0,22,22,14,38,0,12,0,0,0,0,8,0,0,0,0,0,15,114,0,7,0,0,0,13,0,0,0,0,0,0,0,0,545,24,81,55,173,53,13,13,0,0,0,0,0,0,0,0,62,53,0,83,0,0,0,9,0,0,0,0,0,0,0,9,265,7,1,36,2,0,0,0,0,3,0,0,0,0,0,0,0,4,0,0,0,0,0,0,0,0,0,0,0,0,0,0,712,155,0,3,0,0,0,2,0,0,0,0,0,0,0,0,256,477,2,151,0,0,0,49,0,0,0,8,0,8,0,0,0,0,0,0,0,0,0,0,0,0,0,0,0,0,0,1,15,1,26,34,0,0,0,26,6,10,0,90,0,0,0,0,159,12,6,54,0,1,0,0,2,2,0,6,14,0,0,5,0,13,0,0,0,0,0,0,7,0,0,0,0,0,0,0,441,20,0,31,0,5,0,0,6,0,0,1,0,0,0,0,19,18,0,35,0,0,0,1,23,1,0,0,0,1,0,9,55,22,10,89,8,0,0,1,0,0,0,0,17,0,0,0,3,1,3,0,1,1,0,0,0,0,0,0,0,0,0,0,4,168,101,57,0,0,0,0,0,6,0,0,0,0,0,0,8,1,1,115,11,65,2,14,16,0,0,0,0,0,0,0,140,44,2,121,0,0,0,5,0,0,0,0,0,0,0,0,9,0,0,3,0,0,0,0,0,0,0,0,13,0,0,0,36,4,2,36,0,0,10,6,0,0,0,4,0,0,0,64,24,1,0,19,0,0,0,109,0,0,0,1,0,0,0,2,35,8,0,10,1,0,0,0,0,1,0,0,0,0,0,0,0,0,0,17,0,0,0,0,0,0,0,0,0,0,0,0,0,0,0,0,0,0,0,2,0,0,0,0,0,0,2,0,39,39,16,156,0,0,0,0,0,0,0,6,0,0,0,0,32,987,27,56,0,13,0,4,0,0,0,0,0,0,0,0,131,0,1,36,113,0,0,0,0,0,0,0,0,0,0,0,0,0,10,304,0,0,0,128,0,0,0,0,0,0,0,0,143,70,0,95,0,0,0,0,0,0,0,0,0,0,0,0,297,33,0,37,19,0,0,0,0,0,0,0,0,0,0,0,25,3,0,16,0,0,1,0,8,0,0,12,0,0,0,0,634,22,22,69,11,14,0,3,200,0,0,39,0,0,0,0,57,7,0,197,36,0,0,2,0,4,0,0,0,0,0,109,1,0,21,18,1,0,0,4,0,0,0,0,0,0,0,0,11,0,0,4,0,0,0,3,0,0,0,0,0,0,0,0,1997,980,454,1290,36,14,13,418,220,0,0,53,2,35,0,168,291,12,125,93,0,0,4,2,1,0,0,6,0,0,0,2,2737,584,696,1671,500,112,464,192,41,504,66,270,0,0,0,4,198,11,6,204,183,10,17,25,0,0,2,11,0,0,0,0,4521,881,1855,2447,410,134,212,76,424,5,163,0,342,3,0,260,4360,2192,2323,6469,367,5,575,1028,33,20,379,271,376,0,0,5,0,16,3,4,0,0,0,6,2,0,0,0,0,0,0,0,753,34,12,115,19,1,0,22,1,0,0,2,0,0,0,0,371,6,8,30,184,3,3,4,5,1,13,13,4,2,0,10,1350,1292,535,417,501,183,6,5,13,2,12,5,5,0,2,0,755,14,19,574,173,282,2,121,11,158,2,8,57,37,0,5,119,74,2,251,29,0,0,17,0,2,0,41,16,1,0,8,545,23,4,223,0,17,0,0,0,0,0,0,0,3,0,0,0,0,0,0,14,0,0,0,0,0,0,0,0,0,0,0,0,111,12,16,0,0,0,0,0,0,0,0,0,0,0,0,5924,2800,1757,6757,186,47,8,817,62,3,54,123,496,171,0,830,1359,433,123,1430,2,20,11,262,21,0,0,195,101,7,1,56,1943,876,1149,2968,287,5,14,1214,133,17,3,360,124,63,6,237,462,16,0,134,0,0,0,0,0,0,0,0,0,6,0,11,5722,2689,1731,7113,292,0,3,340,620,216,475,720,213,64,37,158,0,0,3,26,0,162,0,5,0,0,0,0,0,0,0,0,231,0,3,15,0,0,0,0,3,0,0,1,0,0,0,0,3338,890,261,874,466,26,30,270,35,0,16,183,6,305,0,59,1176,434,440,706,124,22,0,30,97,2,4,88,25,3,0
0,22,0,242,133,0,0,0,0,0,0,0,0,0,0,0,0,436,0,0,128,5,153,0,22,0,0,0,0,0,0,0,0,12,75,25,57,0,0,0,0,0,2,0,0,0,0,4,19,294,240,228,307,32,285,8,20,0,0,0,0,0,0,0,0,22,22,14,38,0,12,0,0,0,0,8,0,0,0,0,0,15,114,0,7,0,0,0,13,0,0,0,0,0,0,0,0,545,24,81,55,173,53,13,13,0,0,0,0,0,0,0,0,62,53,0,83,0,0,0,9,0,0,0,0,0,0,0,9,265,7,1,36,2,0,0,0,0,3,0,0,0,0,0,0,0,4,0,0,0,0,0,0,0,0,0,0,0,0,0,0,712,155,0,3,0,0,0,2,0,0,0,0,0,0,0,0,256,477,2,151,0,0,0,49,0,0,0,8,0,8,0,0,0,0,0,0,0,0,0,0,0,0,0,0,0,0,0,1,15,1,26,34,0,0,0,26,6,10,0,90,0,0,0,0,159,12,6,54,0,1,0,0,2,2,0,6,14,0,0,5,0,13,0,0,0,0,0,0,7,0,0,0,0,0,0,0,441,20,0,31,0,5,0,0,6,0,0,1,0,0,0,0,19,18,0,35,0,0,0,1,23,1,0,0,0,1,0,9,55,22,10,89,8,0,0,1,0,0,0,0,17,0,0,0,3,1,3,0,1,1,0,0,0,0,0,0,0,0,0,0,4,168,101,57,0,0,0,0,0,6,0,0,0,0,0,0,8,1,1,115,11,65,2,14,16,0,0,0,0,0,0,0,140,44,2,121,0,0,0,5,0,0,0,0,0,0,0,0,9,0,0,3,0,0,0,0,0,0,0,0,13,0,0,0,36,4,2,36,0,0,10,6,0,0,0,4,0,0,0,64,24,1,0,19,0,0,0,109,0,0,0,1,0,0,0,2,35,8,0,10,1,0,0,0,0,1,0,0,0,0,0,0,0,0,0,17,0,0,0,0,0,0,0,0,0,0,0,0,0,0,0,0,0,0,0,2,0,0,0,0,0,0,2,0,39,39,16,156,0,0,0,0,0,0,0,6,0,0,0,0,32,987,27,56,0,13,0,4,0,0,0,0,0,0,0,0,131,0,1,36,113,0,0,0,0,0,0,0,0,0,0,0,0,0,10,304,0,0,0,128,0,0,0,0,0,0,0,0,143,70,0,95,0,0,0,0,0,0,0,0,0,0,0,0,297,33,0,37,19,0,0,0,0,0,0,0,0,0,0,0,25,3,0,16,0,0,1,0,8,0,0,12,0,0,0,0,634,22,22,69,11,14,0,3,200,0,0,39,0,0,0,0,57,7,0,197,36,0,0,2,0,4,0,0,0,0,0,109,1,0,21,18,1,0,0,4,0,0,0,0,0,0,0,0,11,0,0,4,0,0,0,3,0,0,0,0,0,0,0,0,1997,980,454,1290,36,14,13,418,220,0,0,53,2,35,0,168,291,12,125,93,0,0,4,2,1,0,0,6,0,0,0,2,2737,584,696,1671,500,112,464,192,41,504,66,270,0,0,0,4,198,11,6,204,183,10,17,25,0,0,2,11,0,0,0,0,4521,881,1855,2447,410,134,212,76,424,5,163,0,342,3,0,260,4360,2192,2323,6469,367,5,575,1028,33,20,379,271,376,0,0,5,0,16,3,4,0,0,0,6,2,0,0,0,0,0,0,0,753,34,12,115,19,1,0,22,1,0,0,2,0,0,0,0,371,6,8,30,184,3,3,4,5,1,13,13,4,2,0,10,1350,1292,535,417,501,183,6,5,13,2,12,5,5,0,2,0,755,14,19,574,173,282,2,121,11,158,2,8,57,37,0,5,119,74,2,251,29,0,0,17,0,2,0,41,16,1,0,8,545,23,4,223,0,17,0,0,0,0,0,0,0,3,0,0,0,0,0,0,14,0,0,0,0,0,0,0,0,0,0,0,0,111,12,16,0,0,0,0,0,0,0,0,0,0,0,0,5924,2800,1757,6757,186,47,8,817,62,3,54,123,496,171,0,830,1359,433,123,1430,2,20,11,262,21,0,0,195,101,7,1,56,1943,876,1149,2968,287,5,14,1214,133,17,3,360,124,63,6,237,462,16,0,134,0,0,0,0,0,0,0,0,0,6,0,11,5722,2689,1731,7113,292,0,3,340,620,216,475,720,213,64,37,158,0,0,3,26,0,162,0,5,0,0,0,0,0,0,0,0,231,0,3,15,0,0,0,0,3,0,0,1,0,0,0,0,3338,890,261,874,466,26,30,270,35,0,16,183,6,305,0,59,1176,434,440,706,124,22,0,30,97,2,4,88,25,3,0
0,22,0,242,133,0,0,0,0,0,0,0,0,0,0,0,0,437,0,0,128,5,153,0,22,0,0,0,0,0,0,0,0,12,75,25,57,0,0,0,0,0,2,0,0,0,0,4,19,294,241,228,308,32,285,8,20,0,0,0,0,0,0,0,0,22,22,14,38,0,12,0,0,0,0,8,0,0,0,0,0,15,114,0,7,0,0,0,13,0,0,0,0,0,0,0,0,545,24,81,55,173,53,13,13,0,0,0,0,0,0,0,0,62,53,0,83,0,0,0,9,0,0,0,0,0,0,0,9,265,7,1,36,2,0,0,0,0,3,0,0,0,0,0,0,0,4,0,0,0,0,0,0,0,0,0,0,0,0,0,0,712,155,0,3,0,0,0,2,0,0,0,0,0,0,0,0,256,477,2,151,0,0,0,49,0,0,0,8,0,8,0,0,0,0,0,0,0,0,0,0,0,0,0,0,0,0,0,1,15,1,26,34,0,0,0,26,6,10,0,90,0,0,0,0,159,12,6,54,0,1,0,0,2,2,0,6,14,0,0,5,0,13,0,0,0,0,0,0,7,0,0,0,0,0,0,0,441,20,0,31,0,5,0,0,6,0,0,1,0,0,0,0,19,18,0,35,0,0,0,1,23,1,0,0,0,1,0,9,55,22,10,89,8,0,0,1,0,0,0,0,17,0,0,0,3,1,3,0,1,1,0,0,0,0,0,0,0,0,0,0,4,168,101,57,0,0,0,0,0,6,0,0,0,0,0,0,8,1,1,115,11,65,2,14,16,0,0,0,0,0,0,0,140,44,2,121,0,0,0,5,0,0,0,0,0,0,0,0,9,0,0,3,0,0,0,0,0,0,0,0,13,0,0,0,36,4,2,36,0,0,10,6,0,0,0,4,0,0,0,64,24,1,0,19,0,0,0,109,0,0,0,1,0,0,0,2,35,8,0,10,1,0,0,0,0,1,0,0,0,0,0,0,0,0,0,17,0,0,0,0,0,0,0,0,0,0,0,0,0,0,0,0,0,0,0,2,0,0,0,0,0,0,2,0,39,39,16,156,0,0,0,0,0,0,0,6,0,0,0,0,32,987,27,56,0,13,0,4,0,0,0,0,0,0,0,0,131,0,1,36,113,0,0,0,0,0,0,0,0,0,0,0,0,0,10,304,0,0,0,128,0,0,0,0,0,0,0,0,143,70,0,95,0,0,0,0,0,0,0,0,0,0,0,0,297,33,0,37,19,0,0,0,0,0,0,0,0,0,0,0,25,3,0,16,0,0,1,0,8,0,0,12,0,0,0,0,634,22,22,69,11,14,0,3,200,0,0,39,0,0,0,0,57,7,0,197,36,0,0,2,0,4,0,0,0,0,0,109,1,0,21,18,1,0,0,4,0,0,0,0,0,0,0,0,11,0,0,4,0,0,0,3,0,0,0,0,0,0,0,0,1997,980,454,1290,36,14,13,418,220,0,0,53,2,35,0,168,291,12,125,93,0,0,4,2,1,0,0,6,0,0,0,2,2737,584,696,1671,500,112,464,192,41,504,66,270,0,0,0,4,198,11,6,204,183,10,17,25,0,0,2,11,0,0,0,0,4521,881,1855,2448,411,134,212,76,424,5,163,0,342,3,0,260,4360,2192,2323,6469,367,5,575,1029,33,20,379,271,376,0,0,5,0,16,3,4,0,0,0,6,2,0,0,0,0,0,0,0,753,34,12,115,19,1,0,22,1,0,0,2,0,0,0,0,371,6,8,30,184,3,3,4,5,1,13,13,4,2,0,10,1350,1292,535,417,501,183,6,5,13,2,12,5,5,0,2,0,755,14,19,574,173,282,2,121,11,158,2,8,57,37,0,5,119,74,2,251,29,0,0,17,0,2,0,41,16,1,0,8,545,23,4,223,0,17,0,0,0,0,0,0,0,3,0,0,0,0,0,0,14,0,0,0,0,0,0,0,0,0,0,0,0,111,12,16,0,0,0,0,0,0,0,0,0,0,0,0,5924,2800,1757,6757,186,47,8,817,62,3,54,123,496,171,0,830,1359,433,123,1430,2,20,11,262,21,0,0,195,101,7,1,56,1943,876,1149,2968,287,5,14,1214,133,17,3,360,124,63,6,237,462,16,0,134,0,0,0,0,0,0,0,0,0,6,0,11,5722,2689,1731,7113,292,0,3,340,620,216,475,720,214,64,37,158,0,0,3,26,0,162,0,5,0,0,0,0,0,0,0,0,231,0,3,15,0,0,0,0,3,0,0,1,0,0,0,0,3338,890,261,874,466,26,30,270,35,0,16,183,6,305,0,59,1176,434,440,706,124,22,0,30,97,2,4,88,25,3,0
0,22,0,242,133,0,0,0,0,0,0,0,0,0,0,0,0,436,0,0,128,5,153,0,22,0,0,0,0,0,0,0,0,12,75,25,57,0,0,0,0,0,2,0,0,0,0,4,19,294,240,228,307,32,285,8,20,0,0,0,0,0,0,0,0,22,22,14,38,0,12,0,0,0,0,8,0,0,0,0,0,15,114,0,7,0,0,0,13,0,0,0,0,0,0,0,0,545,24,81,55,173,53,13,13,0,0,0,0,0,0,0,0,62,53,0,83,0,0,0,9,0,0,0,0,0,0,0,9,265,7,1,36,2,0,0,0,0,3,0,0,0,0,0,0,0,4,0,0,0,0,0,0,0,0,0,0,0,0,0,0,712,155,0,3,0,0,0,2,0,0,0,0,0,0,0,0,256,477,2,151,0,0,0,49,0,0,0,8,0,8,0,0,0,0,0,0,0,0,0,0,0,0,0,0,0,0,0,1,15,1,26,34,0,0,0,26,6,10,0,90,0,0,0,0,159,12,6,54,0,1,0,0,2,2,0,6,14,0,0,5,0,13,0,0,0,0,0,0,7,0,0,0,0,0,0,0,441,20,0,31,0,5,0,0,6,0,0,1,0,0,0,0,19,18,0,35,0,0,0,1,23,1,0,0,0,1,0,9,55,22,10,89,8,0,0,1,0,0,0,0,17,0,0,0,3,1,3,0,1,1,0,0,0,0,0,0,0,0,0,0,4,168,101,57,0,0,0,0,0,6,0,0,0,0,0,0,8,1,1,115,11,65,2,14,16,0,0,0,0,0,0,0,140,44,2,121,0,0,0,5,0,0,0,0,0,0,0,0,9,0,0,3,0,0,0,0,0,0,0,0,13,0,0,0,36,4,2,36,0,0,10,6,0,0,0,4,0,0,0,64,24,1,0,19,0,0,0,109,0,0,0,1,0,0,0,2,35,8,0,10,1,0,0,0,0,1,0,0,0,0,0,0,0,0,0,17,0,0,0,0,0,0,0,0,0,0,0,0,0,0,0,0,0,0,0,2,0,0,0,0,0,0,2,0,39,39,16,156,0,0,0,0,0,0,0,6,0,0,0,0,32,987,27,56,0,13,0,4,0,0,0,0,0,0,0,0,131,0,1,36,113,0,0,0,0,0,0,0,0,0,0,0,0,0,10,304,0,0,0,128,0,0,0,0,0,0,0,0,143,70,0,95,0,0,0,0,0,0,0,0,0,0,0,0,297,33,0,37,19,0,0,0,0,0,0,0,0,0,0,0,25,3,0,16,0,0,1,0,8,0,0,12,0,0,0,0,634,22,22,69,11,14,0,3,200,0,0,39,0,0,0,0,57,7,0,197,36,0,0,2,0,4,0,0,0,0,0,109,1,0,21,18,1,0,0,4,0,0,0,0,0,0,0,0,11,0,0,4,0,0,0,3,0,0,0,0,0,0,0,0,1997,980,454,1290,36,14,13,418,220,0,0,53,2,35,0,168,291,12,125,93,0,0,4,2,1,0,0,6,0,0,0,2,2737,584,696,1671,500,112,464,192,41,504,66,270,0,0,0,4,198,11,6,204,183,10,17,25,0,0,2,11,0,0,0,0,4521,881,1855,2447,410,134,212,76,424,5,163,0,342,3,0,260,4360,2192,2323,6469,367,5,575,1028,33,20,379,271,376,0,0,5,0,16,3,4,0,0,0,6,2,0,0,0,0,0,0,0,753,34,12,115,19,1,0,22,1,0,0,2,0,0,0,0,371,6,8,30,184,3,3,4,5,1,13,13,4,2,0,10,1350,1292,535,417,501,183,6,5,13,2,12,5,5,0,2,0,755,14,19,574,173,282,2,121,11,158,2,8,57,37,0,5,119,74,2,251,29,0,0,17,0,2,0,41,16,1,0,8,545,23,4,223,0,17,0,0,0,0,0,0,0,3,0,0,0,0,0,0,14,0,0,0,0,0,0,0,0,0,0,0,0,111,12,16,0,0,0,0,0,0,0,0,0,0,0,0,5924,2800,1757,6757,186,47,8,817,62,3,54,123,496,171,0,830,1359,433,123,1430,2,20,11,262,21,0,0,195,101,7,1,56,1943,876,1149,2968,287,5,14,1214,133,17,3,360,124,63,6,237,462,16,0,134,0,0,0,0,0,0,0,0,0,6,0,11,5722,2689,1731,7113,292,0,3,340,620,216,475,720,213,64,37,158,0,0,3,26,0,162,0,5,0,0,0,0,0,0,0,0,231,0,3,15,0,0,0,0,3,0,0,1,0,0,0,0,3338,890,261,874,466,26,30,270,35,0,16,183,6,305,0,59,1176,434,440,706,124,22,0,30,97,2,4,88,25,3,0
0,22,0,242,133,0,0,0,0,0,0,0,0,0,0,0,0,436,0,0,128,5,153,0,22,0,0,0,0,0,0,0,0,12,75,25,57,0,0,0,0,0,2,0,0,0,0,4,19,294,240,228,307,32,285,8,20,0,0,0,0,0,0,0,0,22,22,14,38,0,12,0,0,0,0,8,0,0,0,0,0,15,114,0,7,0,0,0,13,0,0,0,0,0,0,0,0,545,24,81,55,173,53,13,13,0,0,0,0,0,0,0,0,62,53,0,83,0,0,0,9,0,0,0,0,0,0,0,9,265,7,1,36,2,0,0,0,0,3,0,0,0,0,0,0,0,4,0,0,0,0,0,0,0,0,0,0,0,0,0,0,712,155,0,3,0,0,0,2,0,0,0,0,0,0,0,0,256,478,2,151,0,0,0,49,0,0,0,8,0,8,0,0,0,0,0,0,0,0,0,0,0,0,0,0,0,0,0,1,15,1,26,34,0,0,0,26,6,10,0,90,0,0,0,0,159,12,6,54,0,1,0,0,2,2,0,6,14,0,0,5,0,13,0,0,0,0,0,0,7,0,0,0,0,0,0,0,441,20,0,31,0,5,0,0,6,0,0,1,0,0,0,0,19,18,0,35,0,0,0,1,23,1,0,0,0,1,0,9,55,22,10,89,8,0,0,1,0,0,0,0,17,0,0,0,3,1,3,0,1,1,0,0,0,0,0,0,0,0,0,0,4,168,101,57,0,0,0,0,0,6,0,0,0,0,0,0,8,1,1,115,11,65,2,14,16,0,0,0,0,0,0,0,140,44,2,121,0,0,0,5,0,0,0,0,0,0,0,0,9,0,0,3,0,0,0,0,0,0,0,0,13,0,0,0,36,4,2,36,0,0,10,6,0,0,0,4,0,0,0,64,24,1,0,19,0,0,0,109,0,0,0,1,0,0,0,2,35,8,0,10,1,0,0,0,0,1,0,0,0,0,0,0,0,0,0,17,0,0,0,0,0,0,0,0,0,0,0,0,0,0,0,0,0,0,0,2,0,0,0,0,0,0,2,0,39,39,16,156,0,0,0,0,0,0,0,6,0,0,0,0,32,987,27,56,0,13,0,4,0,0,0,0,0,0,0,0,131,0,1,36,113,0,0,0,0,0,0,0,0,0,0,0,0,0,10,304,0,0,0,128,0,0,0,0,0,0,0,0,143,70,0,95,0,0,0,0,0,0,0,0,0,0,0,0,297,33,0,37,19,0,0,0,0,0,0,0,0,0,0,0,25,3,0,16,0,0,1,0,8,0,0,12,0,0,0,0,634,22,22,69,11,14,0,3,200,0,0,39,0,0,0,0,57,7,0,197,36,0,0,2,0,4,0,0,0,0,0,109,1,0,21,18,1,0,0,4,0,0,0,0,0,0,0,0,11,0,0,4,0,0,0,3,0,0,0,0,0,0,0,0,1999,980,454,1290,36,14,13,418,220,0,0,53,2,35,0,168,291,12,125,93,0,0,4,2,1,0,0,6,0,0,0,2,2737,584,696,1671,500,112,464,192,41,504,66,270,0,0,0,4,198,11,6,204,183,10,17,25,0,0,2,11,0,0,0,0,4521,881,1855,2447,410,134,212,76,424,5,163,0,342,3,0,260,4360,2192,2323,6469,367,5,575,1028,33,20,379,271,376,0,0,5,0,16,3,4,0,0,0,6,2,0,0,0,0,0,0,0,753,34,12,115,19,1,0,22,1,0,0,2,0,0,0,0,371,6,8,30,184,3,3,4,5,1,13,13,4,2,0,10,1350,1293,535,417,501,183,6,5,13,2,12,5,5,0,2,0,755,14,19,574,173,282,2,121,11,158,2,8,57,37,0,5,119,74,2,251,29,0,0,17,0,2,0,41,16,1,0,8,545,23,4,223,0,17,0,0,0,0,0,0,0,3,0,0,0,0,0,0,14,0,0,0,0,0,0,0,0,0,0,0,0,111,12,16,0,0,0,0,0,0,0,0,0,0,0,0,5925,2800,1757,6757,186,47,8,817,62,3,54,123,496,171,0,830,1359,433,123,1430,2,20,11,262,21,0,0,195,101,7,1,56,1943,876,1149,2968,287,5,14,1214,133,17,3,360,124,63,6,237,462,16,0,134,0,0,0,0,0,0,0,0,0,6,0,11,5722,2689,1731,7113,292,0,3,340,620,216,475,720,213,64,37,158,0,0,3,26,0,162,0,5,0,0,0,0,0,0,0,0,231,0,3,15,0,0,0,0,3,0,0,1,0,0,0,0,3338,890,261,874,466,26,30,270,35,0,16,183,6,305,0,59,1176,434,440,706,124,22,0,30,97,2,4,88,25,3,0
0,22,0,242,133,0,0,0,0,0,0,0,0,0,0,0,0,436,0,0,128,5,153,0,22,0,0,0,0,0,0,0,0,12,75,25,57,0,0,0,0,0,2,0,0,0,0,4,19,294,240,228,307,32,285,8,20,0,0,0,0,0,0,0,0,22,22,14,38,0,12,0,0,0,0,8,0,0,0,0,0,15,114,0,7,0,0,0,13,0,0,0,0,0,0,0,0,545,24,81,55,173,53,13,13,0,0,0,0,0,0,0,0,62,53,0,83,0,0,0,9,0,0,0,0,0,0,0,9,265,7,1,36,2,0,0,0,0,3,0,0,0,0,0,0,0,4,0,0,0,0,0,0,0,0,0,0,0,0,0,0,712,155,0,3,0,0,0,2,0,0,0,0,0,0,0,0,256,477,2,151,0,0,0,49,0,0,0,8,0,8,0,0,0,0,0,0,0,0,0,0,0,0,0,0,0,0,0,1,15,1,26,34,0,0,0,26,6,10,0,90,0,0,0,0,159,12,6,54,0,1,0,0,2,2,0,6,14,0,0,5,0,13,0,0,0,0,0,0,7,0,0,0,0,0,0,0,441,20,0,31,0,5,0,0,6,0,0,1,0,0,0,0,19,18,0,35,0,0,0,1,23,1,0,0,0,1,0,9,55,22,10,89,8,0,0,1,0,0,0,0,17,0,0,0,3,1,3,0,1,1,0,0,0,0,0,0,0,0,0,0,4,168,101,57,0,0,0,0,0,6,0,0,0,0,0,0,8,1,1,115,11,65,2,14,16,0,0,0,0,0,0,0,140,44,2,121,0,0,0,5,0,0,0,0,0,0,0,0,9,0,0,3,0,0,0,0,0,0,0,0,13,0,0,0,36,4,2,36,0,0,11,6,0,0,0,4,0,0,0,64,24,1,0,19,0,0,0,109,0,0,0,1,0,0,0,2,35,8,0,10,1,0,0,0,0,1,0,0,0,0,0,0,0,0,0,17,0,0,0,0,0,0,0,0,0,0,0,0,0,0,0,0,0,0,0,2,0,0,0,0,0,0,2,0,39,39,16,156,0,0,0,0,0,0,0,6,0,0,0,0,32,987,27,56,0,13,0,4,0,0,0,0,0,0,0,0,131,0,1,36,113,0,0,0,0,0,0,0,0,0,0,0,0,0,10,305,0,0,0,128,0,0,0,0,0,0,0,0,143,70,0,95,0,0,0,0,0,0,0,0,0,0,0,0,297,33,0,37,19,0,0,0,0,0,0,0,0,0,0,0,25,3,0,16,0,0,1,0,8,0,0,12,0,0,0,0,634,22,22,69,11,14,0,3,200,0,0,39,0,0,0,0,57,7,0,197,36,0,0,2,0,4,0,0,0,0,0,109,1,0,21,18,1,0,0,4,0,0,0,0,0,0,0,0,11,0,0,4,0,0,0,3,0,0,0,0,0,0,0,0,1997,980,454,1290,36,14,13,418,220,0,0,53,2,35,0,168,291,12,125,93,0,0,4,2,1,0,0,6,0,0,0,2,2737,584,696,1671,500,112,464,192,41,504,66,270,0,0,0,4,198,11,6,204,183,10,17,25,0,0,2,11,0,0,0,0,4522,881,1855,2448,410,134,212,76,424,5,163,0,342,3,0,260,4360,2192,2323,6469,367,5,575,1028,33,20,379,271,376,0,0,5,0,16,3,4,0,0,0,6,2,0,0,0,0,0,0,0,753,34,12,115,19,1,0,22,1,0,0,2,0,0,0,0,371,6,8,30,184,3,3,4,5,1,13,13,4,2,0,10,1350,1292,535,417,501,183,6,5,13,2,12,5,5,0,2,0,755,14,19,574,173,282,2,121,11,158,2,8,57,37,0,5,119,74,2,251,29,0,0,17,0,2,0,41,16,1,0,8,545,23,4,223,0,17,0,0,0,0,0,0,0,3,0,0,0,0,0,0,14,0,0,0,0,0,0,0,0,0,0,0,0,111,12,16,0,0,0,0,0,0,0,0,0,0,0,0,5924,2800,1757,6757,186,47,8,817,62,3,54,123,496,171,0,830,1359,433,123,1430,2,20,11,262,21,0,0,195,101,7,1,56,1943,876,1149,2968,287,5,14,1214,133,17,3,360,124,63,6,237,462,16,0,134,0,0,0,0,0,0,0,0,0,6,0,11,5722,2689,1732,7113,292,0,3,340,620,216,475,720,213,64,37,158,0,0,3,26,0,162,0,5,0,0,0,0,0,0,0,0,231,0,3,15,0,0,0,0,3,0,0,1,0,0,0,0,3338,890,261,874,466,26,30,270,35,0,16,183,6,305,0,59,1176,434,440,706,124,22,0,30,97,2,4,88,25,3,0
0,22,0,242,133,0,0,0,0,0,0,0,0,0,0,0,0,437,0,0,128,5,153,0,22,0,0,0,0,0,0,0,0,12,75,25,57,0,0,0,0,0,2,0,0,0,0,4,19,294,241,228,308,32,285,8,20,0,0,0,0,0,0,0,0,22,22,14,38,0,12,0,0,0,0,8,0,0,0,0,0,15,114,0,7,0,0,0,13,0,0,0,0,0,0,0,0,545,24,81,55,173,53,13,13,0,0,0,0,0,0,0,0,62,53,0,83,0,0,0,9,0,0,0,0,0,0,0,9,265,7,1,36,2,0,0,0,0,3,0,0,0,0,0,0,0,4,0,0,0,0,0,0,0,0,0,0,0,0,0,0,712,155,0,3,0,0,0,2,0,0,0,0,0,0,0,0,256,477,2,151,0,0,0,49,0,0,0,8,0,8,0,0,0,0,0,0,0,0,0,0,0,0,0,0,0,0,0,1,15,1,26,34,0,0,0,26,6,10,0,90,0,0,0,0,159,12,6,54,0,1,0,0,2,2,0,6,14,0,0,5,0,13,0,0,0,0,0,0,7,0,0,0,0,0,0,0,441,20,0,31,0,5,0,0,6,0,0,1,0,0,0,0,19,18,0,35,0,0,0,1,23,1,0,0,0,1,0,9,55,22,10,89,8,0,0,1,0,0,0,0,17,0,0,0,3,1,3,0,1,1,0,0,0,0,0,0,0,0,0,0,4,168,101,57,0,0,0,0,0,6,0,0,0,0,0,0,8,1,1,115,11,65,2,14,16,0,0,0,0,0,0,0,140,44,2,121,0,0,0,5,0,0,0,0,0,0,0,0,9,0,0,3,0,0,0,0,0,0,0,0,13,0,0,0,36,4,2,36,0,0,10,6,0,0,0,4,0,0,0,64,24,1,0,19,0,0,0,109,0,0,0,1,0,0,0,2,35,8,0,10,1,0,0,0,0,1,0,0,0,0,0,0,0,0,0,17,0,0,0,0,0,0,0,0,0,0,0,0,0,0,0,0,0,0,0,2,0,0,0,0,0,0,2,0,39,39,16,156,0,0,0,0,0,0,0,6,0,0,0,0,32,987,27,56,0,13,0,4,0,0,0,0,0,0,0,0,131,0,1,36,113,0,0,0,0,0,0,0,0,0,0,0,0,0,10,304,0,0,0,128,0,0,0,0,0,0,0,0,143,70,0,95,0,0,0,0,0,0,0,0,0,0,0,0,297,33,0,37,19,0,0,0,0,0,0,0,0,0,0,0,25,3,0,16,0,0,1,0,8,0,0,12,0,0,0,0,634,22,22,69,11,14,0,3,200,0,0,39,0,0,0,0,57,7,0,197,36,0,0,2,0,4,0,0,0,0,0,109,1,0,21,18,1,0,0,4,0,0,0,0,0,0,0,0,11,0,0,4,0,0,0,3,0,0,0,0,0,0,0,0,1997,980,454,1290,36,14,13,418,220,0,0,53,2,35,0,168,291,12,125,93,0,0,4,2,1,0,0,6,0,0,0,2,2737,584,696,1671,500,112,464,192,41,504,66,270,0,0,0,4,198,11,6,204,183,10,17,25,0,0,2,11,0,0,0,0,4521,881,1855,2448,411,134,212,76,424,5,163,0,342,3,0,260,4360,2192,2323,6469,367,5,575,1029,33,20,379,271,376,0,0,5,0,16,3,4,0,0,0,6,2,0,0,0,0,0,0,0,753,34,12,115,19,1,0,22,1,0,0,2,0,0,0,0,371,6,8,30,184,3,3,4,5,1,13,13,4,2,0,10,1350,1292,535,417,501,183,6,5,13,2,12,5,5,0,2,0,755,14,19,574,173,282,2,121,11,158,2,8,57,37,0,5,119,74,2,251,29,0,0,17,0,2,0,41,16,1,0,8,545,23,4,223,0,17,0,0,0,0,0,0,0,3,0,0,0,0,0,0,14,0,0,0,0,0,0,0,0,0,0,0,0,111,12,16,0,0,0,0,0,0,0,0,0,0,0,0,5924,2800,1757,6757,186,47,8,817,62,3,54,123,496,171,0,830,1359,433,123,1430,2,20,11,262,21,0,0,195,101,7,1,56,1943,876,1149,2968,287,5,14,1214,133,17,3,360,124,63,6,237,462,16,0,134,0,0,0,0,0,0,0,0,0,6,0,11,5722,2689,1731,7113,292,0,3,340,620,216,475,720,214,64,37,158,0,0,3,26,0,162,0,5,0,0,0,0,0,0,0,0,231,0,3,15,0,0,0,0,3,0,0,1,0,0,0,0,3338,890,261,874,466,26,30,270,35,0,16,183,6,305,0,59,1176,434,440,706,124,22,0,30,97,2,4,88,25,3,0
0,22,0,242,133,0,0,0,0,0,0,0,0,0,0,0,0,436,0,0,128,5,153,0,22,0,0,0,0,0,0,0,0,12,75,25,57,0,0,0,0,0,2,0,0,0,0,4,19,294,240,228,307,32,285,8,20,0,0,0,0,0,0,0,0,22,22,14,38,0,12,0,0,0,0,8,0,0,0,0,0,15,114,0,7,0,0,0,13,0,0,0,0,0,0,0,0,545,24,81,55,173,53,13,13,0,0,0,0,0,0,0,0,62,53,0,83,0,0,0,9,0,0,0,0,0,0,0,9,265,7,1,36,2,0,0,0,0,3,0,0,0,0,0,0,0,4,0,0,0,0,0,0,0,0,0,0,0,0,0,0,712,155,0,3,0,0,0,2,0,0,0,0,0,0,0,0,256,477,2,151,0,0,0,49,0,0,0,8,0,8,0,0,0,0,0,0,0,0,0,0,0,0,0,0,0,0,0,1,15,1,26,34,0,0,0,26,6,10,0,90,0,0,0,0,159,12,6,54,0,1,0,0,2,2,0,6,14,0,0,5,0,13,0,0,0,0,0,0,7,0,0,0,0,0,0,0,441,20,0,31,0,5,0,0,6,0,0,1,0,0,0,0,19,18,0,35,0,0,0,1,23,1,0,0,0,1,0,9,55,22,10,89,8,0,0,1,0,0,0,0,17,0,0,0,3,1,3,0,1,1,0,0,0,0,0,0,0,0,0,0,4,168,101,57,0,0,0,0,0,6,0,0,0,0,0,0,8,1,1,115,11,65,2,14,16,0,0,0,0,0,0,0,140,44,2,121,0,0,0,5,0,0,0,0,0,0,0,0,9,0,0,3,0,0,0,0,0,0,0,0,13,0,0,0,36,4,2,36,0,0,11,6,0,0,0,4,0,0,0,64,24,1,0,19,0,0,0,109,0,0,0,1,0,0,0,2,35,8,0,10,1,0,0,0,0,1,0,0,0,0,0,0,0,0,0,17,0,0,0,0,0,0,0,0,0,0,0,0,0,0,0,0,0,0,0,2,0,0,0,0,0,0,2,0,39,39,16,156,0,0,0,0,0,0,0,6,0,0,0,0,32,987,27,56,0,13,0,4,0,0,0,0,0,0,0,0,131,0,1,36,113,0,0,0,0,0,0,0,0,0,0,0,0,0,10,305,0,0,0,128,0,0,0,0,0,0,0,0,143,70,0,95,0,0,0,0,0,0,0,0,0,0,0,0,297,33,0,37,19,0,0,0,0,0,0,0,0,0,0,0,25,3,0,16,0,0,1,0,8,0,0,12,0,0,0,0,634,22,22,69,11,14,0,3,200,0,0,39,0,0,0,0,57,7,0,197,36,0,0,2,0,4,0,0,0,0,0,109,1,0,21,18,1,0,0,4,0,0,0,0,0,0,0,0,11,0,0,4,0,0,0,3,0,0,0,0,0,0,0,0,1997,980,454,1290,36,14,13,418,220,0,0,53,2,35,0,168,291,12,125,93,0,0,4,2,1,0,0,6,0,0,0,2,2737,584,696,1671,500,112,464,192,41,504,66,270,0,0,0,4,198,11,6,204,183,10,17,25,0,0,2,11,0,0,0,0,4522,881,1855,2448,410,134,212,76,424,5,163,0,342,3,0,260,4360,2192,2323,6469,367,5,575,1028,33,20,379,271,376,0,0,5,0,16,3,4,0,0,0,6,2,0,0,0,0,0,0,0,753,34,12,115,19,1,0,22,1,0,0,2,0,0,0,0,371,6,8,30,184,3,3,4,5,1,13,13,4,2,0,10,1350,1292,535,417,501,183,6,5,13,2,12,5,5,0,2,0,755,14,19,574,173,282,2,121,11,158,2,8,57,37,0,5,119,74,2,251,29,0,0,17,0,2,0,41,16,1,0,8,545,23,4,223,0,17,0,0,0,0,0,0,0,3,0,0,0,0,0,0,14,0,0,0,0,0,0,0,0,0,0,0,0,111,12,16,0,0,0,0,0,0,0,0,0,0,0,0,5924,2800,1757,6757,186,47,8,817,62,3,54,123,496,171,0,830,1359,433,123,1430,2,20,11,262,21,0,0,195,101,7,1,56,1943,876,1149,2968,287,5,14,1214,133,17,3,360,124,63,6,237,462,16,0,134,0,0,0,0,0,0,0,0,0,6,0,11,5722,2689,1732,7113,292,0,3,340,620,216,475,720,213,64,37,158,0,0,3,26,0,162,0,5,0,0,0,0,0,0,0,0,231,0,3,15,0,0,0,0,3,0,0,1,0,0,0,0,3338,890,261,874,466,26,30,270,35,0,16,183,6,305,0,59,1176,434,440,706,124,22,0,30,97,2,4,88,25,3,0
0,22,0,242,133,0,0,0,0,0,0,0,0,0,0,0,0,436,0,0,128,5,153,0,22,0,0,0,0,0,0,0,0,12,76,25,57,0,0,0,0,0,2,0,0,0,0,4,19,294,240,228,307,32,285,8,20,0,0,0,0,0,0,0,0,22,22,14,38,0,12,0,0,0,0,8,0,0,0,0,0,15,114,0,7,0,0,0,13,0,0,0,0,0,0,0,0,545,24,81,55,173,53,13,13,0,0,0,0,0,0,0,0,62,53,0,83,0,0,0,9,0,0,0,0,0,0,0,9,265,7,1,36,2,0,0,0,0,3,0,0,0,0,0,0,0,4,0,0,0,0,0,0,0,0,0,0,0,0,0,0,712,155,0,3,0,0,0,2,0,0,0,0,0,0,0,0,256,477,2,151,0,0,0,49,0,0,0,8,0,8,0,0,0,0,0,0,0,0,0,0,0,0,0,0,0,0,0,1,15,1,26,34,0,0,0,26,6,10,0,90,0,0,0,0,159,12,6,54,0,1,0,0,2,2,0,6,14,0,0,5,0,13,0,0,0,0,0,0,7,0,0,0,0,0,0,0,441,20,0,31,0,5,0,0,6,0,0,1,0,0,0,0,19,18,0,35,0,0,0,1,23,1,0,0,0,1,0,9,55,22,10,89,8,0,0,1,0,0,0,0,17,0,0,0,3,1,3,0,1,1,0,0,0,0,0,0,0,0,0,0,4,168,101,57,0,0,0,0,0,6,0,0,0,0,0,0,8,1,1,115,11,65,2,14,16,0,0,0,0,0,0,0,140,44,2,121,0,0,0,5,0,0,0,0,0,0,0,0,9,0,0,3,0,0,0,0,0,0,0,0,13,0,0,0,36,4,2,36,0,0,10,6,0,0,0,4,0,0,0,65,24,1,0,19,0,0,0,109,0,0,0,1,0,0,0,2,35,8,0,10,1,0,0,0,0,1,0,0,0,0,0,0,0,0,0,17,0,0,0,0,0,0,0,0,0,0,0,0,0,0,0,0,0,0,0,2,0,0,0,0,0,0,2,0,39,39,16,156,0,0,0,0,0,0,0,6,0,0,0,0,32,987,27,56,0,13,0,4,0,0,0,0,0,0,0,0,131,0,1,36,113,0,0,0,0,0,0,0,0,0,0,0,0,0,10,304,0,0,0,128,0,0,0,0,0,0,0,0,143,70,0,95,0,0,0,0,0,0,0,0,0,0,0,0,297,33,0,37,19,0,0,0,0,0,0,0,0,0,0,0,25,3,0,16,0,0,1,0,8,0,0,12,0,0,0,0,634,22,22,69,11,14,0,3,200,0,0,39,0,0,0,0,57,7,0,197,36,0,0,2,0,4,0,0,0,0,0,109,1,0,21,18,1,0,0,4,0,0,0,0,0,0,0,0,11,0,0,4,0,0,0,3,0,0,0,0,0,0,0,0,1997,980,454,1290,36,14,13,418,220,0,0,53,2,35,0,168,291,12,125,93,0,0,4,2,1,0,0,6,0,0,0,2,2737,584,696,1671,500,112,464,192,41,504,66,270,0,0,0,4,199,11,6,204,183,10,17,25,0,0,2,11,0,0,0,0,4521,881,1855,2447,410,134,212,76,424,5,163,0,342,3,0,260,4360,2192,2323,6469,367,5,575,1028,33,20,379,271,376,0,0,5,0,16,3,4,0,0,0,6,2,0,0,0,0,0,0,0,753,34,12,115,19,1,0,22,1,0,0,2,0,0,0,0,371,6,8,30,184,3,3,4,5,1,13,13,4,2,0,10,1350,1292,535,417,501,183,6,5,13,2,12,5,5,0,2,0,755,14,19,574,173,282,2,121,11,158,2,8,57,37,0,5,119,74,2,251,29,0,0,17,0,2,0,41,16,1,0,8,545,23,4,223,0,17,0,0,0,0,0,0,0,3,0,0,0,0,0,0,14,0,0,0,0,0,0,0,0,0,0,0,0,111,12,16,0,0,0,0,0,0,0,0,0,0,0,0,5924,2800,1757,6757,186,47,8,817,62,3,54,123,496,171,0,830,1360,434,123,1432,2,20,11,263,21,0,0,195,101,7,1,56,1943,876,1149,2968,287,5,14,1214,133,17,3,360,124,63,6,237,462,16,0,134,0,0,0,0,0,0,0,0,0,6,0,11,5722,2689,1731,7113,292,0,3,340,620,216,475,720,213,64,37,158,0,0,3,26,0,162,0,5,0,0,0,0,0,0,0,0,231,0,3,15,0,0,0,0,3,0,0,1,0,0,0,0,3338,890,261,874,466,26,30,270,35,0,16,183,6,305,0,59,1177,434,440,706,124,22,0,30,97,2,4,88,25,3,0
0,22,0,242,133,0,0,0,0,0,0,0,0,0,0,0,0,436,0,0,128,5,153,0,22,0,0,0,0,0,0,0,0,12,75,25,57,0,0,0,0,0,2,0,0,0,0,4,19,294,240,228,307,32,285,8,20,0,0,0,0,0,0,0,0,22,22,14,38,0,12,0,0,0,0,8,0,0,0,0,0,15,114,0,7,0,0,0,13,0,0,0,0,0,0,0,0,545,24,81,55,173,53,13,13,0,0,0,0,0,0,0,0,62,53,0,83,0,0,0,9,0,0,0,0,0,0,0,9,265,7,1,36,2,0,0,0,0,3,0,0,0,0,0,0,0,4,0,0,0,0,0,0,0,0,0,0,0,0,0,0,712,155,0,3,0,0,0,2,0,0,0,0,0,0,0,0,256,477,2,151,0,0,0,49,0,0,0,8,0,8,0,0,0,0,0,0,0,0,0,0,0,0,0,0,0,0,0,1,15,1,26,34,0,0,0,26,6,10,0,90,0,0,0,0,159,12,6,54,0,1,0,0,2,2,0,6,14,0,0,5,0,13,0,0,0,0,0,0,7,0,0,0,0,0,0,0,441,20,0,31,0,5,0,0,6,0,0,1,0,0,0,0,19,18,0,35,0,0,0,1,23,1,0,0,0,1,0,9,55,22,10,89,8,0,0,1,0,0,0,0,17,0,0,0,3,1,3,0,1,1,0,0,0,0,0,0,0,0,0,0,4,168,101,57,0,0,0,0,0,6,0,0,0,0,0,0,8,1,1,115,11,65,2,14,16,0,0,0,0,0,0,0,140,44,2,121,0,0,0,5,0,0,0,0,0,0,0,0,9,0,0,3,0,0,0,0,0,0,0,0,13,0,0,0,36,4,2,36,0,0,10,6,0,0,0,4,0,0,0,64,24,1,0,19,0,0,0,109,0,0,0,1,0,0,0,2,35,8,0,10,1,0,0,0,0,1,0,0,0,0,0,0,0,0,0,17,0,0,0,0,0,0,0,0,0,0,0,0,0,0,0,0,0,0,0,2,0,0,0,0,0,0,2,0,39,39,16,156,0,0,0,0,0,0,0,6,0,0,0,0,32,987,27,56,0,13,0,4,0,0,0,0,0,0,0,0,131,0,1,36,113,0,0,0,0,0,0,0,0,0,0,0,0,0,10,304,0,0,0,128,0,0,0,0,0,0,0,0,143,70,0,95,0,0,0,0,0,0,0,0,0,0,0,0,297,33,0,37,19,0,0,0,0,0,0,0,0,0,0,0,25,3,0,16,0,0,1,0,8,0,0,12,0,0,0,0,634,22,22,69,11,14,0,3,200,0,0,39,0,0,0,0,57,7,0,198,36,0,0,2,0,4,0,0,0,0,0,109,1,0,21,18,1,0,0,4,0,0,0,0,0,0,0,0,11,0,0,4,0,0,0,3,0,0,0,0,0,0,0,0,1997,980,454,1290,36,14,13,418,220,0,0,53,2,35,0,168,291,12,125,93,0,0,4,2,1,0,0,6,0,0,0,2,2737,584,696,1672,501,112,464,192,41,504,66,270,0,0,0,4,198,11,6,204,183,10,17,25,0,0,2,11,0,0,0,0,4521,881,1855,2449,410,134,212,76,424,5,164,0,342,3,0,260,4360,2192,2323,6471,367,5,575,1028,33,20,379,271,376,0,0,5,0,16,3,4,0,0,0,6,2,0,0,0,0,0,0,0,753,34,12,115,19,1,0,22,1,0,0,2,0,0,0,0,371,6,8,30,184,3,3,4,5,1,13,13,4,2,0,10,1350,1292,536,418,501,183,6,5,13,2,12,5,5,0,2,0,755,14,19,574,173,282,2,121,11,158,2,8,57,37,0,5,119,74,2,251,29,0,0,17,0,2,0,41,16,1,0,8,545,23,4,223,0,17,0,0,0,0,0,0,0,3,0,0,0,0,0,0,14,0,0,0,0,0,0,0,0,0,0,0,0,111,12,16,0,0,0,0,0,0,0,0,0,0,0,0,5924,2800,1757,6757,186,47,8,817,62,3,54,123,496,171,0,830,1359,433,123,1430,2,20,11,262,21,0,0,195,101,7,1,56,1943,876,1149,2968,287,5,14,1214,133,17,3,360,124,63,6,237,462,16,0,134,0,0,0,0,0,0,0,0,0,6,0,11,5722,2689,1731,7114,292,0,3,340,620,216,475,720,213,64,37,158,0,0,3,26,0,162,0,5,0,0,0,0,0,0,0,0,231,0,3,15,0,0,0,0,3,0,0,1,0,0,0,0,3338,890,261,874,466,26,30,270,35,0,16,183,6,305,0,59,1176,434,440,706,124,22,0,30,97,2,4,88,25,3,0
0,22,0,242,133,0,0,0,0,0,0,0,0,0,0,0,0,436,0,0,128,5,153,0,22,0,0,0,0,0,0,0,0,12,75,25,57,0,0,0,0,0,2,0,0,0,0,4,19,294,240,228,307,32,285,8,20,0,0,0,0,0,0,0,0,22,22,14,38,0,12,0,0,0,0,8,0,0,0,0,0,15,114,0,7,0,0,0,13,0,0,0,0,0,0,0,0,545,24,81,55,173,53,13,13,0,0,0,0,0,0,0,0,62,53,0,83,0,0,0,9,0,0,0,0,0,0,0,9,265,7,1,36,2,0,0,0,0,3,0,0,0,0,0,0,0,4,0,0,0,0,0,0,0,0,0,0,0,0,0,0,712,155,0,3,0,0,0,2,0,0,0,0,0,0,0,0,256,477,2,151,0,0,0,49,0,0,0,8,0,8,0,0,0,0,0,0,0,0,0,0,0,0,0,0,0,0,0,1,15,1,26,34,0,0,0,26,6,10,0,90,0,0,0,0,159,12,6,54,0,1,0,0,2,2,0,6,14,0,0,5,0,13,0,0,0,0,0,0,7,0,0,0,0,0,0,0,441,20,0,31,0,5,0,0,6,0,0,1,0,0,0,0,19,18,0,35,0,0,0,1,23,1,0,0,0,1,0,9,55,22,10,89,8,0,0,1,0,0,0,0,17,0,0,0,3,1,3,0,1,1,0,0,0,0,0,0,0,0,0,0,4,168,101,57,0,0,0,0,0,6,0,0,0,0,0,0,8,1,1,115,11,65,2,14,16,0,0,0,0,0,0,0,140,44,2,121,0,0,0,5,0,0,0,0,0,0,0,0,9,0,0,3,0,0,0,0,0,0,0,0,13,0,0,0,36,4,2,36,0,0,10,6,0,0,0,4,0,0,0,64,24,1,0,19,0,0,0,109,0,0,0,1,0,0,0,2,35,8,0,10,1,0,0,0,0,1,0,0,0,0,0,0,0,0,0,17,0,0,0,0,0,0,0,0,0,0,0,0,0,0,0,0,0,0,0,2,0,0,0,0,0,0,2,0,39,39,16,156,0,0,0,0,0,0,0,6,0,0,0,0,32,987,27,56,0,13,0,4,0,0,0,0,0,0,0,0,131,0,1,36,113,0,0,0,0,0,0,0,0,0,0,0,0,0,10,304,0,0,0,128,0,0,0,0,0,0,0,0,143,70,0,95,0,0,0,0,0,0,0,0,0,0,0,0,297,33,0,37,19,0,0,0,0,0,0,0,0,0,0,0,25,3,0,16,0,0,1,0,8,0,0,12,0,0,0,0,634,22,22,69,11,14,0,3,200,0,0,39,0,0,0,0,57,7,0,197,36,0,0,2,0,4,0,0,0,0,0,109,1,0,21,18,1,0,0,4,0,0,0,0,0,0,0,0,11,0,0,4,0,0,0,3,0,0,0,0,0,0,0,0,1997,980,454,1290,36,14,13,418,220,0,0,53,2,35,0,168,291,12,125,93,0,0,4,2,1,0,0,6,0,0,0,2,2737,584,696,1671,500,112,464,192,41,504,66,270,0,0,0,4,198,11,6,204,183,10,17,25,0,0,2,11,0,0,0,0,4521,881,1855,2447,410,134,212,76,424,5,163,0,342,3,0,260,4360,2192,2323,6469,367,5,575,1028,33,20,379,271,376,0,0,5,0,16,3,4,0,0,0,6,2,0,0,0,0,0,0,0,753,34,12,115,19,1,0,22,1,0,0,2,0,0,0,0,371,6,8,30,184,3,3,4,5,1,13,13,4,2,0,10,1350,1292,535,417,501,183,6,5,13,2,12,5,5,0,2,0,755,14,19,574,173,282,2,121,11,158,2,8,57,37,0,5,119,74,2,251,29,0,0,17,0,2,0,41,16,1,0,8,545,23,4,223,0,17,0,0,0,0,0,0,0,3,0,0,0,0,0,0,14,0,0,0,0,0,0,0,0,0,0,0,0,111,12,16,0,0,0,0,0,0,0,0,0,0,0,0,5924,2800,1757,6757,186,47,8,817,62,3,54,123,496,171,0,830,1359,433,123,1430,2,20,11,262,21,0,0,195,101,7,1,56,1943,876,1149,2968,287,5,14,1214,133,17,3,360,124,63,6,237,462,16,0,134,0,0,0,0,0,0,0,0,0,6,0,11,5722,2689,1731,7113,292,0,3,340,620,216,475,720,213,64,37,158,0,0,3,26,0,162,0,5,0,0,0,0,0,0,0,0,231,0,3,15,0,0,0,0,3,0,0,1,0,0,0,0,3338,890,261,874,466,26,30,270,35,0,16,183,6,305,0,59,1176,434,440,706,124,22,0,30,97,2,4,88,25,3,0
0,22,0,242,133,0,0,0,0,0,0,0,0,0,0,0,0,436,0,0,128,5,153,0,22,0,0,0,0,0,0,0,0,12,75,25,57,0,0,0,0,0,2,0,0,0,0,4,19,294,240,228,307,32,285,8,20,0,0,0,0,0,0,0,0,22,22,14,38,0,12,0,0,0,0,8,0,0,0,0,0,15,114,0,7,0,0,0,13,0,0,0,0,0,0,0,0,545,24,81,55,173,53,13,13,0,0,0,0,0,0,0,0,62,53,0,83,0,0,0,9,0,0,0,0,0,0,0,9,265,7,1,36,2,0,0,0,0,3,0,0,0,0,0,0,0,4,0,0,0,0,0,0,0,0,0,0,0,0,0,0,712,155,0,3,0,0,0,2,0,0,0,0,0,0,0,0,256,477,2,151,0,0,0,49,0,0,0,8,0,8,0,0,0,0,0,0,0,0,0,0,0,0,0,0,0,0,0,1,15,1,26,34,0,0,0,26,6,10,0,90,0,0,0,0,159,12,6,54,0,1,0,0,2,2,0,6,14,0,0,5,0,13,0,0,0,0,0,0,7,0,0,0,0,0,0,0,441,20,0,31,0,5,0,0,6,0,0,1,0,0,0,0,19,18,0,35,0,0,0,1,23,1,0,0,0,1,0,9,55,22,10,89,8,0,0,1,0,0,0,0,17,0,0,0,3,1,3,0,1,1,0,0,0,0,0,0,0,0,0,0,4,168,101,57,0,0,0,0,0,6,0,0,0,0,0,0,8,1,1,115,11,65,2,14,16,0,0,0,0,0,0,0,140,44,2,121,0,0,0,5,0,0,0,0,0,0,0,0,9,0,0,3,0,0,0,0,0,0,0,0,13,0,0,0,36,4,2,36,0,0,10,6,0,0,0,4,0,0,0,64,24,1,0,19,0,0,0,109,0,0,0,1,0,0,0,2,35,8,0,10,1,0,0,0,0,1,0,0,0,0,0,0,0,0,0,17,0,0,0,0,0,0,0,0,0,0,0,0,0,0,0,0,0,0,0,2,0,0,0,0,0,0,2,0,39,39,16,156,0,0,0,0,0,0,0,6,0,0,0,0,32,987,27,56,0,13,0,4,0,0,0,0,0,0,0,0,131,0,1,36,113,0,0,0,0,0,0,0,0,0,0,0,0,0,10,304,0,0,0,128,0,0,0,0,0,0,0,0,143,70,0,95,0,0,0,0,0,0,0,0,0,0,0,0,297,33,0,37,19,0,0,0,0,0,0,0,0,0,0,0,25,3,0,16,0,0,1,0,8,0,0,12,0,0,0,0,634,22,22,69,11,14,0,3,200,0,0,39,0,0,0,0,57,7,0,197,36,0,0,2,0,4,0,0,0,0,0,109,1,0,21,18,1,0,0,4,0,0,0,0,0,0,0,0,11,0,0,4,0,0,0,3,0,0,0,0,0,0,0,0,1997,980,454,1290,36,14,13,418,220,0,0,53,2,35,0,168,291,12,125,93,0,0,4,2,1,0,0,6,0,0,0,2,2737,584,696,1671,500,112,464,192,41,504,66,270,0,0,0,4,198,11,6,204,183,10,17,25,0,0,2,11,0,0,0,0,4521,881,1855,2447,410,134,212,76,424,5,163,0,342,3,0,260,4360,2192,2324,6471,367,5,575,1028,33,20,380,271,377,0,0,5,0,16,3,4,0,0,0,6,2,0,0,0,0,0,0,0,753,34,12,115,19,1,0,22,1,0,0,2,0,0,0,0,371,6,8,30,184,3,3,4,5,1,13,13,4,2,0,10,1350,1292,535,417,501,183,6,5,13,2,12,5,5,0,2,0,755,14,19,574,173,282,2,121,11,158,2,8,57,37,0,5,119,74,2,251,29,0,0,17,0,2,0,41,16,1,0,8,545,23,4,223,0,17,0,0,0,0,0,0,0,3,0,0,0,0,0,0,14,0,0,0,0,0,0,0,0,0,0,0,0,111,12,16,0,0,0,0,0,0,0,0,0,0,0,0,5924,2800,1757,6757,186,47,8,817,62,3,54,123,496,171,0,830,1359,433,123,1430,2,20,11,262,21,0,0,195,101,7,1,56,1943,876,1150,2968,287,5,14,1214,133,17,3,360,124,63,6,237,462,16,0,134,0,0,0,0,0,0,0,0,0,6,0,11,5722,2689,1732,7114,292,0,3,340,620,216,475,720,213,64,37,158,0,0,3,26,0,162,0,5,0,0,0,0,0,0,0,0,231,0,3,15,0,0,0,0,3,0,0,1,0,0,0,0,3338,890,261,874,466,26,30,270,35,0,16,183,6,305,0,59,1176,434,440,706,124,22,0,30,97,2,4,88,25,3,0
0,22,0,242,133,0,0,0,0,0,0,0,0,0,0,0,0,436,0,0,128,5,153,0,22,0,0,0,0,0,0,0,0,12,75,25,57,0,0,0,0,0,2,0,0,0,0,4,19,294,240,228,307,32,285,8,20,0,0,0,0,0,0,0,0,22,22,14,38,0,12,0,0,0,0,8,0,0,0,0,0,15,114,0,7,0,0,0,13,0,0,0,0,0,0,0,0,545,24,81,55,173,53,13,13,0,0,0,0,0,0,0,0,62,53,0,83,0,0,0,9,0,0,0,0,0,0,0,9,265,7,1,36,2,0,0,0,0,3,0,0,0,0,0,0,0,4,0,0,0,0,0,0,0,0,0,0,0,0,0,0,712,155,0,3,0,0,0,2,0,0,0,0,0,0,0,0,256,477,2,151,0,0,0,49,0,0,0,8,0,8,0,0,0,0,0,0,0,0,0,0,0,0,0,0,0,0,0,1,15,1,26,34,0,0,0,26,6,10,0,90,0,0,0,0,159,12,6,54,0,1,0,0,2,2,0,6,14,0,0,5,0,13,0,0,0,0,0,0,7,0,0,0,0,0,0,0,441,20,0,31,0,5,0,0,6,0,0,1,0,0,0,0,19,18,0,35,0,0,0,1,23,1,0,0,0,1,0,9,55,22,10,89,8,0,0,1,0,0,0,0,17,0,0,0,3,1,3,0,1,1,0,0,0,0,0,0,0,0,0,0,4,168,101,57,0,0,0,0,0,6,0,0,0,0,0,0,8,1,1,115,11,65,2,14,16,0,0,0,0,0,0,0,140,44,2,121,0,0,0,5,0,0,0,0,0,0,0,0,9,0,0,3,0,0,0,0,0,0,0,0,13,0,0,0,36,4,2,36,0,0,10,6,0,0,0,4,0,0,0,64,24,1,0,19,0,0,0,109,0,0,0,1,0,0,0,2,35,8,0,10,1,0,0,0,0,1,0,0,0,0,0,0,0,0,0,17,0,0,0,0,0,0,0,0,0,0,0,0,0,0,0,0,0,0,0,2,0,0,0,0,0,0,2,0,39,39,16,156,0,0,0,0,0,0,0,6,0,0,0,0,32,987,27,56,0,13,0,4,0,0,0,0,0,0,0,0,131,0,1,36,113,0,0,0,0,0,0,0,0,0,0,0,0,0,10,304,0,0,0,128,0,0,0,0,0,0,0,0,143,70,0,95,0,0,0,0,0,0,0,0,0,0,0,0,297,33,0,37,19,0,0,0,0,0,0,0,0,0,0,0,25,3,0,16,0,0,1,0,8,0,0,12,0,0,0,0,634,22,22,69,11,14,0,3,200,0,0,39,0,0,0,0,57,7,0,197,36,0,0,2,0,4,0,0,0,0,0,109,1,0,21,18,1,0,0,4,0,0,0,0,0,0,0,0,11,0,0,4,0,0,0,3,0,0,0,0,0,0,0,0,1997,980,454,1290,36,14,13,418,220,0,0,53,2,35,0,168,291,12,125,93,0,0,4,2,1,0,0,6,0,0,0,2,2737,584,696,1671,500,112,464,192,41,504,66,270,0,0,0,4,198,11,6,204,183,10,17,25,0,0,2,11,0,0,0,0,4521,881,1855,2447,410,134,212,76,424,5,163,0,342,3,0,260,4360,2192,2324,6471,367,5,575,1028,33,20,380,271,377,0,0,5,0,16,3,4,0,0,0,6,2,0,0,0,0,0,0,0,753,34,12,115,19,1,0,22,1,0,0,2,0,0,0,0,371,6,8,30,184,3,3,4,5,1,13,13,4,2,0,10,1350,1292,535,417,501,183,6,5,13,2,12,5,5,0,2,0,755,14,19,574,173,282,2,121,11,158,2,8,57,37,0,5,119,74,2,251,29,0,0,17,0,2,0,41,16,1,0,8,545,23,4,223,0,17,0,0,0,0,0,0,0,3,0,0,0,0,0,0,14,0,0,0,0,0,0,0,0,0,0,0,0,111,12,16,0,0,0,0,0,0,0,0,0,0,0,0,5924,2800,1757,6757,186,47,8,817,62,3,54,123,496,171,0,830,1359,433,123,1430,2,20,11,262,21,0,0,195,101,7,1,56,1943,876,1150,2968,287,5,14,1214,133,17,3,360,124,63,6,237,462,16,0,134,0,0,0,0,0,0,0,0,0,6,0,11,5722,2689,1732,7114,292,0,3,340,620,216,475,720,213,64,37,158,0,0,3,26,0,162,0,5,0,0,0,0,0,0,0,0,231,0,3,15,0,0,0,0,3,0,0,1,0,0,0,0,3338,890,261,874,466,26,30,270,35,0,16,183,6,305,0,59,1176,434,440,706,124,22,0,30,97,2,4,88,25,3,0
0,22,0,242,133,0,0,0,0,0,0,0,0,0,0,0,0,436,0,0,128,5,153,0,22,0,0,0,0,0,0,0,0,12,75,25,57,0,0,0,0,0,2,0,0,0,0,4,19,294,240,228,307,32,285,8,20,0,0,0,0,0,0,0,0,22,22,14,38,0,12,0,0,0,0,8,0,0,0,0,0,15,114,0,7,0,0,0,13,0,0,0,0,0,0,0,0,545,24,81,55,173,53,13,13,0,0,0,0,0,0,0,0,62,53,0,83,0,0,0,9,0,0,0,0,0,0,0,9,265,7,1,36,2,0,0,0,0,3,0,0,0,0,0,0,0,4,0,0,0,0,0,0,0,0,0,0,0,0,0,0,712,155,0,3,0,0,0,2,0,0,0,0,0,0,0,0,256,477,2,151,0,0,0,49,0,0,0,8,0,8,0,0,0,0,0,0,0,0,0,0,0,0,0,0,0,0,0,1,15,1,26,34,0,0,0,26,6,10,0,90,0,0,0,0,159,12,6,54,0,1,0,0,2,2,0,6,14,0,0,5,0,13,0,0,0,0,0,0,7,0,0,0,0,0,0,0,441,20,0,31,0,5,0,0,6,0,0,1,0,0,0,0,19,18,0,35,0,0,0,1,23,1,0,0,0,1,0,9,55,22,10,89,8,0,0,1,0,0,0,0,17,0,0,0,3,1,3,0,1,1,0,0,0,0,0,0,0,0,0,0,4,168,101,57,0,0,0,0,0,6,0,0,0,0,0,0,8,1,1,115,11,65,2,14,16,0,0,0,0,0,0,0,140,44,2,121,0,0,0,5,0,0,0,0,0,0,0,0,9,0,0,3,0,0,0,0,0,0,0,0,13,0,0,0,36,4,2,36,0,0,10,6,0,0,0,4,0,0,0,64,24,1,0,19,0,0,0,109,0,0,0,1,0,0,0,2,35,8,0,10,1,0,0,0,0,1,0,0,0,0,0,0,0,0,0,17,0,0,0,0,0,0,0,0,0,0,0,0,0,0,0,0,0,0,0,2,0,0,0,0,0,0,2,0,39,39,16,156,0,0,0,0,0,0,0,6,0,0,0,0,32,987,27,56,0,13,0,4,0,0,0,0,0,0,0,0,131,0,1,36,113,0,0,0,0,0,0,0,0,0,0,0,0,0,10,304,0,0,0,128,0,0,0,0,0,0,0,0,143,70,0,95,0,0,0,0,0,0,0,0,0,0,0,0,297,33,0,37,19,0,0,0,0,0,0,0,0,0,0,0,25,3,0,16,0,0,1,0,8,0,0,12,0,0,0,0,634,22,22,69,11,14,0,3,200,0,0,39,0,0,0,0,57,7,0,197,36,0,0,2,0,4,0,0,0,0,0,109,1,0,21,18,1,0,0,4,0,0,0,0,0,0,0,0,11,0,0,4,0,0,0,3,0,0,0,0,0,0,0,0,1997,980,454,1290,36,14,13,418,220,0,0,53,2,35,0,168,291,12,125,93,0,0,4,2,1,0,0,6,0,0,0,2,2737,584,696,1671,500,112,464,192,41,504,66,270,0,0,0,4,198,11,6,204,183,10,17,25,0,0,2,11,0,0,0,0,4521,881,1855,2447,410,134,212,76,424,5,163,0,342,3,0,260,4360,2192,2323,6469,367,5,575,1028,33,20,379,271,376,0,0,5,0,16,3,4,0,0,0,6,2,0,0,0,0,0,0,0,753,34,12,115,19,1,0,22,1,0,0,2,0,0,0,0,371,6,8,30,184,3,3,4,5,1,13,13,4,2,0,10,1350,1292,535,417,501,183,6,5,13,2,12,5,5,0,2,0,755,14,19,574,173,282,2,121,11,158,2,8,57,37,0,5,119,74,2,251,29,0,0,17,0,2,0,41,16,1,0,8,545,23,4,223,0,17,0,0,0,0,0,0,0,3,0,0,0,0,0,0,14,0,0,0,0,0,0,0,0,0,0,0,0,111,12,16,0,0,0,0,0,0,0,0,0,0,0,0,5924,2800,1757,6757,186,47,8,817,62,3,54,123,496,171,0,830,1359,433,123,1430,2,20,11,262,21,0,0,195,101,7,1,56,1943,876,1149,2968,287,5,14,1214,133,17,3,360,124,63,6,237,462,16,0,134,0,0,0,0,0,0,0,0,0,6,0,11,5722,2689,1731,7113,292,0,3,340,620,216,475,720,213,64,37,158,0,0,3,26,0,162,0,5,0,0,0,0,0,0,0,0,231,0,3,15,0,0,0,0,3,0,0,1,0,0,0,0,3338,890,261,874,466,26,30,270,35,0,16,183,6,305,0,59,1176,434,440,706,124,22,0,30,97,2,4,88,25,3,0
0,22,0,242,133,0,0,0,0,0,0,0,0,0,0,0,0,436,0,0,128,5,153,0,22,0,0,0,0,0,0,0,0,12,75,25,57,0,0,0,0,0,2,0,0,0,0,4,19,294,240,228,307,32,285,8,20,0,0,0,0,0,0,0,0,22,22,14,38,0,12,0,0,0,0,8,0,0,0,0,0,15,114,0,7,0,0,0,13,0,0,0,0,0,0,0,0,545,24,81,55,173,53,13,13,0,0,0,0,0,0,0,0,62,53,0,83,0,0,0,9,0,0,0,0,0,0,0,9,265,7,1,36,2,0,0,0,0,3,0,0,0,0,0,0,0,4,0,0,0,0,0,0,0,0,0,0,0,0,0,0,712,155,0,3,0,0,0,2,0,0,0,0,0,0,0,0,256,477,2,151,0,0,0,49,0,0,0,8,0,8,0,0,0,0,0,0,0,0,0,0,0,0,0,0,0,0,0,1,15,1,26,34,0,0,0,26,6,10,0,90,0,0,0,0,159,12,6,54,0,1,0,0,2,2,0,6,14,0,0,5,0,13,0,0,0,0,0,0,7,0,0,0,0,0,0,0,441,20,0,31,0,5,0,0,6,0,0,1,0,0,0,0,19,18,0,35,0,0,0,1,23,1,0,0,0,1,0,9,55,22,10,89,8,0,0,1,0,0,0,0,17,0,0,0,3,1,3,0,1,1,0,0,0,0,0,0,0,0,0,0,4,168,101,57,0,0,0,0,0,6,0,0,0,0,0,0,8,1,1,115,11,65,2,14,16,0,0,0,0,0,0,0,140,44,2,121,0,0,0,5,0,0,0,0,0,0,0,0,9,0,0,3,0,0,0,0,0,0,0,0,13,0,0,0,36,4,2,36,0,0,10,6,0,0,0,4,0,0,0,64,24,1,0,19,0,0,0,109,0,0,0,1,0,0,0,2,35,8,0,10,1,0,0,0,0,1,0,0,0,0,0,0,0,0,0,17,0,0,0,0,0,0,0,0,0,0,0,0,0,0,0,0,0,0,0,2,0,0,0,0,0,0,2,0,39,39,16,156,0,0,0,0,0,0,0,6,0,0,0,0,32,987,27,56,0,13,0,4,0,0,0,0,0,0,0,0,131,0,1,36,113,0,0,0,0,0,0,0,0,0,0,0,0,0,10,304,0,0,0,128,0,0,0,0,0,0,0,0,143,70,0,95,0,0,0,0,0,0,0,0,0,0,0,0,297,33,0,37,19,0,0,0,0,0,0,0,0,0,0,0,25,3,0,16,0,0,1,0,8,0,0,12,0,0,0,0,635,22,22,69,11,14,0,3,200,0,0,39,0,0,0,0,57,7,0,197,36,0,0,2,0,4,0,0,0,0,0,109,1,0,21,18,1,0,0,4,0,0,0,0,0,0,0,0,11,0,0,4,0,0,0,3,0,0,0,0,0,0,0,0,1997,980,454,1290,36,14,13,418,220,0,0,53,2,35,0,168,291,12,125,93,0,0,4,2,1,0,0,6,0,0,0,2,2738,584,696,1671,500,113,464,192,41,504,66,270,0,0,0,4,198,11,6,204,183,10,17,25,0,0,2,11,0,0,0,0,4521,881,1856,2448,410,134,212,76,424,5,163,0,342,3,0,260,4361,2194,2323,6472,367,5,575,1028,33,20,379,271,376,0,0,5,0,16,3,4,0,0,0,6,2,0,0,0,0,0,0,0,753,34,12,115,19,1,0,22,1,0,0,2,0,0,0,0,371,6,8,30,184,3,3,4,5,1,13,13,4,2,0,10,1351,1292,535,417,501,183,6,5,13,2,12,5,5,0,2,0,755,14,19,574,173,282,2,121,11,158,2,8,57,37,0,5,119,74,2,251,29,0,0,17,0,2,0,41,16,1,0,8,545,23,4,223,0,17,0,0,0,0,0,0,0,3,0,0,0,0,0,0,14,0,0,0,0,0,0,0,0,0,0,0,0,111,12,16,0,0,0,0,0,0,0,0,0,0,0,0,5924,2800,1758,6758,186,47,8,817,62,3,54,123,496,171,0,830,1359,433,123,1430,2,20,11,262,21,0,0,195,101,7,1,56,1943,876,1149,2970,287,5,14,1214,133,17,3,360,124,63,6,237,462,16,0,134,0,0,0,0,0,0,0,0,0,6,0,11,5722,2689,1731,7114,292,0,3,340,620,216,475,720,213,64,37,158,0,0,3,26,0,162,0,5,0,0,0,0,0,0,0,0,231,0,3,15,0,0,0,0,3,0,0,1,0,0,0,0,3338,890,261,874,466,26,30,270,35,0,16,183,6,305,0,59,1176,434,440,706,124,22,0,30,97,2,4,88,25,3,0
0,22,0,243,133,0,0,0,0,0,0,0,0,0,0,0,0,436,0,0,128,5,153,0,22,0,0,0,0,0,0,0,0,12,75,25,57,0,0,0,0,0,2,0,0,0,0,4,19,294,240,228,307,32,285,8,20,0,0,0,0,0,0,0,0,22,22,14,38,0,12,0,0,0,0,8,0,0,0,0,0,15,114,0,7,0,0,0,13,0,0,0,0,0,0,0,0,545,24,81,55,173,53,13,13,0,0,0,0,0,0,0,0,62,53,0,83,0,0,0,9,0,0,0,0,0,0,0,9,265,7,1,36,2,0,0,0,0,3,0,0,0,0,0,0,0,4,0,0,0,0,0,0,0,0,0,0,0,0,0,0,712,155,0,3,0,0,0,2,0,0,0,0,0,0,0,0,257,477,2,151,0,0,0,49,0,0,0,8,0,8,0,0,0,0,0,0,0,0,0,0,0,0,0,0,0,0,0,1,15,1,26,34,0,0,0,26,6,10,0,90,0,0,0,0,159,12,6,54,0,1,0,0,2,2,0,6,14,0,0,5,0,13,0,0,0,0,0,0,7,0,0,0,0,0,0,0,441,20,0,31,0,5,0,0,6,0,0,1,0,0,0,0,19,18,0,35,0,0,0,1,23,1,0,0,0,1,0,9,55,22,10,89,8,0,0,1,0,0,0,0,17,0,0,0,3,1,3,0,1,1,0,0,0,0,0,0,0,0,0,0,4,168,101,57,0,0,0,0,0,6,0,0,0,0,0,0,8,1,1,115,11,65,2,14,16,0,0,0,0,0,0,0,140,44,2,121,0,0,0,5,0,0,0,0,0,0,0,0,9,0,0,3,0,0,0,0,0,0,0,0,13,0,0,0,36,4,2,36,0,0,10,6,0,0,0,4,0,0,0,64,24,1,0,19,0,0,0,109,0,0,0,1,0,0,0,2,35,8,0,10,1,0,0,0,0,1,0,0,0,0,0,0,0,0,0,17,0,0,0,0,0,0,0,0,0,0,0,0,0,0,0,0,0,0,0,2,0,0,0,0,0,0,2,0,39,39,16,156,0,0,0,0,0,0,0,6,0,0,0,0,32,987,27,56,0,13,0,4,0,0,0,0,0,0,0,0,131,0,1,36,113,0,0,0,0,0,0,0,0,0,0,0,0,0,10,304,0,0,0,128,0,0,0,0,0,0,0,0,143,70,0,95,0,0,0,0,0,0,0,0,0,0,0,0,297,33,0,37,19,0,0,0,0,0,0,0,0,0,0,0,25,3,0,16,0,0,1,0,8,0,0,12,0,0,0,0,635,22,22,69,11,14,0,3,200,0,0,39,0,0,0,0,57,7,0,197,36,0,0,2,0,4,0,0,0,0,0,109,1,0,21,18,1,0,0,4,0,0,0,0,0,0,0,0,11,0,0,4,0,0,0,3,0,0,0,0,0,0,0,0,1997,983,454,1291,36,14,13,419,221,0,0,53,2,35,0,168,291,12,125,93,0,0,4,2,1,0,0,6,0,0,0,2,2737,584,696,1671,500,112,464,192,41,504,66,270,0,0,0,4,198,11,6,204,183,10,17,25,0,0,2,11,0,0,0,0,4521,881,1855,2447,410,134,212,76,424,5,163,0,342,3,0,260,4360,2192,2323,6469,367,5,575,1028,33,20,379,271,376,0,0,5,0,16,3,4,0,0,0,6,2,0,0,0,0,0,0,0,754,34,12,115,19,1,0,22,1,0,0,2,0,0,0,0,371,6,8,30,184,3,3,4,5,1,13,13,4,2,0,10,1351,1292,535,417,501,183,6,5,13,2,12,5,5,0,2,0,755,14,19,574,173,282,2,121,11,158,2,8,57,37,0,5,119,74,2,251,29,0,0,17,0,2,0,41,16,1,0,8,545,23,4,223,0,17,0,0,0,0,0,0,0,3,0,0,0,0,0,0,14,0,0,0,0,0,0,0,0,0,0,0,0,111,12,16,0,0,0,0,0,0,0,0,0,0,0,0,5924,2800,1758,6757,186,47,8,817,62,3,54,123,496,171,0,830,1359,433,123,1430,2,20,11,262,21,0,0,195,101,7,1,56,1943,876,1149,2968,287,5,14,1214,133,17,3,360,124,63,6,237,462,16,0,134,0,0,0,0,0,0,0,0,0,6,0,11,5722,2689,1731,7113,292,0,3,340,620,216,475,720,213,64,37,158,0,0,3,26,0,162,0,5,0,0,0,0,0,0,0,0,231,0,3,15,0,0,0,0,3,0,0,1,0,0,0,0,3339,890,261,874,466,26,30,271,35,0,16,183,6,305,0,59,1176,434,440,706,124,22,0,30,97,2,4,88,25,3,0
0,22,0,242,133,0,0,0,0,0,0,0,0,0,0,0,0,437,0,0,128,5,153,0,22,0,0,0,0,0,0,0,0,12,75,25,57,0,0,0,0,0,2,0,0,0,0,4,19,294,241,228,308,32,285,8,20,0,0,0,0,0,0,0,0,22,22,14,38,0,12,0,0,0,0,8,0,0,0,0,0,15,114,0,7,0,0,0,13,0,0,0,0,0,0,0,0,545,24,81,55,173,53,13,13,0,0,0,0,0,0,0,0,62,53,0,83,0,0,0,9,0,0,0,0,0,0,0,9,265,7,1,36,2,0,0,0,0,3,0,0,0,0,0,0,0,4,0,0,0,0,0,0,0,0,0,0,0,0,0,0,712,155,0,3,0,0,0,2,0,0,0,0,0,0,0,0,256,477,2,151,0,0,0,49,0,0,0,8,0,8,0,0,0,0,0,0,0,0,0,0,0,0,0,0,0,0,0,1,15,1,26,34,0,0,0,26,6,10,0,90,0,0,0,0,159,12,6,54,0,1,0,0,2,2,0,6,14,0,0,5,0,13,0,0,0,0,0,0,7,0,0,0,0,0,0,0,441,20,0,31,0,5,0,0,6,0,0,1,0,0,0,0,19,18,0,35,0,0,0,1,23,1,0,0,0,1,0,9,55,22,10,89,8,0,0,1,0,0,0,0,17,0,0,0,3,1,3,0,1,1,0,0,0,0,0,0,0,0,0,0,4,168,101,57,0,0,0,0,0,6,0,0,0,0,0,0,8,1,1,115,11,65,2,14,16,0,0,0,0,0,0,0,140,44,2,121,0,0,0,5,0,0,0,0,0,0,0,0,9,0,0,3,0,0,0,0,0,0,0,0,13,0,0,0,36,4,2,36,0,0,10,6,0,0,0,4,0,0,0,64,24,1,0,19,0,0,0,109,0,0,0,1,0,0,0,2,35,8,0,10,1,0,0,0,0,1,0,0,0,0,0,0,0,0,0,17,0,0,0,0,0,0,0,0,0,0,0,0,0,0,0,0,0,0,0,2,0,0,0,0,0,0,2,0,39,39,16,156,0,0,0,0,0,0,0,6,0,0,0,0,32,987,27,56,0,13,0,4,0,0,0,0,0,0,0,0,131,0,1,36,113,0,0,0,0,0,0,0,0,0,0,0,0,0,10,304,0,0,0,128,0,0,0,0,0,0,0,0,143,70,0,95,0,0,0,0,0,0,0,0,0,0,0,0,297,33,0,37,19,0,0,0,0,0,0,0,0,0,0,0,25,3,0,16,0,0,1,0,8,0,0,12,0,0,0,0,634,22,22,69,11,14,0,3,200,0,0,39,0,0,0,0,57,7,0,197,36,0,0,2,0,4,0,0,0,0,0,109,1,0,21,18,1,0,0,4,0,0,0,0,0,0,0,0,11,0,0,4,0,0,0,3,0,0,0,0,0,0,0,0,1997,980,454,1290,36,14,13,418,220,0,0,53,2,35,0,168,291,12,125,93,0,0,4,2,1,0,0,6,0,0,0,2,2737,584,696,1671,500,112,464,192,41,504,66,270,0,0,0,4,198,11,6,204,183,10,17,25,0,0,2,11,0,0,0,0,4521,881,1855,2448,411,134,212,76,424,5,163,0,342,3,0,260,4360,2192,2323,6469,367,5,575,1029,33,20,379,271,376,0,0,5,0,16,3,4,0,0,0,6,2,0,0,0,0,0,0,0,753,34,12,115,19,1,0,22,1,0,0,2,0,0,0,0,371,6,8,30,184,3,3,4,5,1,13,13,4,2,0,10,1350,1292,535,417,501,183,6,5,13,2,12,5,5,0,2,0,755,14,19,574,173,282,2,121,11,158,2,8,57,37,0,5,119,74,2,251,29,0,0,17,0,2,0,41,16,1,0,8,545,23,4,223,0,17,0,0,0,0,0,0,0,3,0,0,0,0,0,0,14,0,0,0,0,0,0,0,0,0,0,0,0,111,12,16,0,0,0,0,0,0,0,0,0,0,0,0,5924,2800,1757,6757,186,47,8,817,62,3,54,123,496,171,0,830,1359,433,123,1430,2,20,11,262,21,0,0,195,101,7,1,56,1943,876,1149,2968,287,5,14,1214,133,17,3,360,124,63,6,237,462,16,0,134,0,0,0,0,0,0,0,0,0,6,0,11,5722,2689,1731,7113,292,0,3,340,620,216,475,720,214,64,37,158,0,0,3,26,0,162,0,5,0,0,0,0,0,0,0,0,231,0,3,15,0,0,0,0,3,0,0,1,0,0,0,0,3338,890,261,874,466,26,30,270,35,0,16,183,6,305,0,59,1176,434,440,706,124,22,0,30,97,2,4,88,25,3,0
0,22,0,242,133,0,0,0,0,0,0,0,0,0,0,0,0,436,0,0,128,5,153,0,22,0,0,0,0,0,0,0,0,12,75,25,57,0,0,0,0,0,2,0,0,0,0,4,19,294,240,228,307,32,285,8,20,0,0,0,0,0,0,0,0,22,22,14,38,0,12,0,0,0,0,8,0,0,0,0,0,15,114,0,7,0,0,0,13,0,0,0,0,0,0,0,0,545,24,81,55,173,53,13,13,0,0,0,0,0,0,0,0,62,53,0,83,0,0,0,9,0,0,0,0,0,0,0,9,265,7,1,36,2,0,0,0,0,3,0,0,0,0,0,0,0,4,0,0,0,0,0,0,0,0,0,0,0,0,0,0,712,155,0,3,0,0,0,2,0,0,0,0,0,0,0,0,256,477,2,151,0,0,0,49,0,0,0,8,0,8,0,0,0,0,0,0,0,0,0,0,0,0,0,0,0,0,0,1,15,1,26,34,0,0,0,26,6,10,0,90,0,0,0,0,159,12,6,54,0,1,0,0,2,2,0,6,14,0,0,5,0,13,0,0,0,0,0,0,7,0,0,0,0,0,0,0,441,20,0,31,0,5,0,0,6,0,0,1,0,0,0,0,19,18,0,35,0,0,0,1,23,1,0,0,0,1,0,9,55,22,10,89,8,0,0,1,0,0,0,0,17,0,0,0,3,1,3,0,1,1,0,0,0,0,0,0,0,0,0,0,4,168,101,57,0,0,0,0,0,6,0,0,0,0,0,0,8,1,1,115,11,65,2,14,16,0,0,0,0,0,0,0,140,44,2,121,0,0,0,5,0,0,0,0,0,0,0,0,9,0,0,3,0,0,0,0,0,0,0,0,13,0,0,0,36,4,2,36,0,0,10,6,0,0,0,4,0,0,0,64,24,1,0,19,0,0,0,109,0,0,0,1,0,0,0,2,35,8,0,10,1,0,0,0,0,1,0,0,0,0,0,0,0,0,0,17,0,0,0,0,0,0,0,0,0,0,0,0,0,0,0,0,0,0,0,2,0,0,0,0,0,0,2,0,39,39,16,156,0,0,0,0,0,0,0,6,0,0,0,0,32,987,27,56,0,13,0,4,0,0,0,0,0,0,0,0,131,0,1,36,113,0,0,0,0,0,0,0,0,0,0,0,0,0,10,304,0,0,0,128,0,0,0,0,0,0,0,0,143,70,0,95,0,0,0,0,0,0,0,0,0,0,0,0,297,33,0,37,19,0,0,0,0,0,0,0,0,0,0,0,25,3,0,16,0,0,1,0,8,0,0,12,0,0,0,0,634,22,22,69,11,14,0,3,200,0,0,39,0,0,0,0,57,7,0,197,36,0,0,2,0,4,0,0,0,0,0,109,1,0,21,18,1,0,0,4,0,0,0,0,0,0,0,0,11,0,0,4,0,0,0,3,0,0,0,0,0,0,0,0,1997,980,454,1290,36,14,13,418,220,0,0,53,2,35,0,168,291,12,125,93,0,0,4,2,1,0,0,6,0,0,0,2,2738,584,696,1671,500,112,464,192,41,504,66,270,0,0,0,4,198,11,6,204,183,10,17,25,0,0,2,11,0,0,0,0,4521,881,1855,2447,411,134,212,76,425,5,163,0,342,3,0,260,4361,2192,2323,6470,367,5,575,1028,33,20,379,271,376,0,0,5,0,16,3,4,0,0,0,6,2,0,0,0,0,0,0,0,753,34,12,115,19,1,0,22,1,0,0,2,0,0,0,0,371,6,8,30,184,3,3,4,5,1,13,13,4,2,0,10,1350,1292,535,417,501,183,6,5,13,2,12,5,5,0,2,0,755,14,19,574,173,282,2,121,11,158,2,8,57,37,0,5,119,74,2,251,29,0,0,17,0,2,0,41,16,1,0,8,545,23,4,223,0,17,0,0,0,0,0,0,0,3,0,0,0,0,0,0,14,0,0,0,0,0,0,0,0,0,0,0,0,111,12,16,0,0,0,0,0,0,0,0,0,0,0,0,5924,2800,1757,6757,186,47,8,817,62,3,54,123,496,171,0,830,1359,433,123,1430,2,20,11,262,21,0,0,195,101,7,1,56,1943,876,1149,2968,287,5,14,1214,133,17,3,360,124,63,6,237,462,16,0,134,0,0,0,0,0,0,0,0,0,6,0,11,5722,2689,1733,7114,292,0,3,340,620,216,475,720,213,64,37,158,0,0,3,26,0,162,0,5,0,0,0,0,0,0,0,0,231,0,3,15,0,0,0,0,3,0,0,1,0,0,0,0,3338,890,261,874,466,26,30,270,35,0,16,183,6,305,0,59,1176,434,440,706,124,22,0,30,97,2,4,88,25,3,0
0,22,0,242,133,0,0,0,0,0,0,0,0,0,0,0,0,436,0,0,128,5,153,0,22,0,0,0,0,0,0,0,0,12,75,25,57,0,0,0,0,0,2,0,0,0,0,4,19,294,240,228,307,32,285,8,20,0,0,0,0,0,0,0,0,22,22,14,38,0,12,0,0,0,0,8,0,0,0,0,0,15,114,0,7,0,0,0,13,0,0,0,0,0,0,0,0,545,24,81,55,173,53,13,13,0,0,0,0,0,0,0,0,62,53,0,83,0,0,0,9,0,0,0,0,0,0,0,9,265,7,1,36,2,0,0,0,0,3,0,0,0,0,0,0,0,4,0,0,0,0,0,0,0,0,0,0,0,0,0,0,712,155,0,3,0,0,0,2,0,0,0,0,0,0,0,0,256,477,2,151,0,0,0,49,0,0,0,8,0,8,0,0,0,0,0,0,0,0,0,0,0,0,0,0,0,0,0,1,15,1,26,34,0,0,0,26,6,10,0,90,0,0,0,0,159,12,6,54,0,1,0,0,2,2,0,6,14,0,0,5,0,13,0,0,0,0,0,0,7,0,0,0,0,0,0,0,441,20,0,31,0,5,0,0,6,0,0,1,0,0,0,0,19,18,0,35,0,0,0,1,23,1,0,0,0,1,0,9,55,22,10,89,8,0,0,1,0,0,0,0,17,0,0,0,3,1,3,0,1,1,0,0,0,0,0,0,0,0,0,0,4,168,101,57,0,0,0,0,0,6,0,0,0,0,0,0,8,1,1,115,11,65,2,14,16,0,0,0,0,0,0,0,140,44,2,121,0,0,0,5,0,0,0,0,0,0,0,0,9,0,0,3,0,0,0,0,0,0,0,0,13,0,0,0,36,4,2,36,0,0,10,6,0,0,0,4,0,0,0,64,24,1,0,19,0,0,0,109,0,0,0,1,0,0,0,2,35,8,0,10,1,0,0,0,0,1,0,0,0,0,0,0,0,0,0,17,0,0,0,0,0,0,0,0,0,0,0,0,0,0,0,0,0,0,0,2,0,0,0,0,0,0,2,0,39,39,16,156,0,0,0,0,0,0,0,6,0,0,0,0,32,987,27,56,0,13,0,4,0,0,0,0,0,0,0,0,131,0,1,36,113,0,0,0,0,0,0,0,0,0,0,0,0,0,10,304,0,0,0,128,0,0,0,0,0,0,0,0,143,70,0,95,0,0,0,0,0,0,0,0,0,0,0,0,297,33,0,37,19,0,0,0,0,0,0,0,0,0,0,0,25,3,0,16,0,0,1,0,8,0,0,12,0,0,0,0,634,22,22,69,11,14,0,3,200,0,0,39,0,0,0,0,57,7,0,197,36,0,0,2,0,4,0,0,0,0,0,109,1,0,21,18,1,0,0,4,0,0,0,0,0,0,0,0,11,0,0,4,0,0,0,3,0,0,0,0,0,0,0,0,1997,980,454,1290,36,14,13,418,220,0,0,53,2,35,0,168,291,12,125,93,0,0,4,2,1,0,0,6,0,0,0,2,2737,584,696,1671,500,112,464,192,41,504,66,270,0,0,0,4,198,11,6,204,183,10,17,25,0,0,2,11,0,0,0,0,4521,881,1855,2447,410,134,212,76,424,5,163,0,342,3,0,260,4360,2192,2324,6471,367,5,575,1028,33,20,380,271,377,0,0,5,0,16,3,4,0,0,0,6,2,0,0,0,0,0,0,0,753,34,12,115,19,1,0,22,1,0,0,2,0,0,0,0,371,6,8,30,184,3,3,4,5,1,13,13,4,2,0,10,1350,1292,535,417,501,183,6,5,13,2,12,5,5,0,2,0,755,14,19,574,173,282,2,121,11,158,2,8,57,37,0,5,119,74,2,251,29,0,0,17,0,2,0,41,16,1,0,8,545,23,4,223,0,17,0,0,0,0,0,0,0,3,0,0,0,0,0,0,14,0,0,0,0,0,0,0,0,0,0,0,0,111,12,16,0,0,0,0,0,0,0,0,0,0,0,0,5924,2800,1757,6757,186,47,8,817,62,3,54,123,496,171,0,830,1359,433,123,1430,2,20,11,262,21,0,0,195,101,7,1,56,1943,876,1150,2968,287,5,14,1214,133,17,3,360,124,63,6,237,462,16,0,134,0,0,0,0,0,0,0,0,0,6,0,11,5722,2689,1732,7114,292,0,3,340,620,216,475,720,213,64,37,158,0,0,3,26,0,162,0,5,0,0,0,0,0,0,0,0,231,0,3,15,0,0,0,0,3,0,0,1,0,0,0,0,3338,890,261,874,466,26,30,270,35,0,16,183,6,305,0,59,1176,434,440,706,124,22,0,30,97,2,4,88,25,3,0
0,22,0,242,133,0,0,0,0,0,0,0,0,0,0,0,0,436,0,0,128,5,153,0,22,0,0,0,0,0,0,0,0,12,75,25,57,0,0,0,0,0,2,0,0,0,0,4,19,294,240,228,307,32,285,8,20,0,0,0,0,0,0,0,0,22,22,14,38,0,12,0,0,0,0,8,0,0,0,0,0,15,114,0,7,0,0,0,13,0,0,0,0,0,0,0,0,545,24,81,55,173,53,13,13,0,0,0,0,0,0,0,0,62,53,0,83,0,0,0,9,0,0,0,0,0,0,0,9,265,7,1,36,2,0,0,0,0,3,0,0,0,0,0,0,0,4,0,0,0,0,0,0,0,0,0,0,0,0,0,0,712,155,0,3,0,0,0,2,0,0,0,0,0,0,0,0,256,477,2,151,0,0,0,49,0,0,0,8,0,8,0,0,0,0,0,0,0,0,0,0,0,0,0,0,0,0,0,1,15,1,26,34,0,0,0,26,6,10,0,90,0,0,0,0,159,12,6,54,0,1,0,0,2,2,0,6,14,0,0,5,0,13,0,0,0,0,0,0,7,0,0,0,0,0,0,0,441,20,0,31,0,5,0,0,6,0,0,1,0,0,0,0,19,18,0,35,0,0,0,1,23,1,0,0,0,1,0,9,55,22,10,89,8,0,0,1,0,0,0,0,17,0,0,0,3,1,3,0,1,1,0,0,0,0,0,0,0,0,0,0,4,168,101,57,0,0,0,0,0,6,0,0,0,0,0,0,8,1,1,115,11,65,2,14,16,0,0,0,0,0,0,0,140,44,2,121,0,0,0,5,0,0,0,0,0,0,0,0,9,0,0,3,0,0,0,0,0,0,0,0,13,0,0,0,36,4,2,36,0,0,10,6,0,0,0,4,0,0,0,64,24,1,0,19,0,0,0,109,0,0,0,1,0,0,0,2,35,8,0,10,1,0,0,0,0,1,0,0,0,0,0,0,0,0,0,17,0,0,0,0,0,0,0,0,0,0,0,0,0,0,0,0,0,0,0,2,0,0,0,0,0,0,2,0,39,39,16,156,0,0,0,0,0,0,0,6,0,0,0,0,32,987,27,56,0,13,0,4,0,0,0,0,0,0,0,0,131,0,1,36,113,0,0,0,0,0,0,0,0,0,0,0,0,0,10,304,0,0,0,128,0,0,0,0,0,0,0,0,143,70,0,95,0,0,0,0,0,0,0,0,0,0,0,0,297,33,0,37,19,0,0,0,0,0,0,0,0,0,0,0,25,3,0,16,0,0,1,0,8,0,0,12,0,0,0,0,634,22,22,69,11,14,0,3,200,0,0,39,0,0,0,0,57,7,0,197,36,0,0,2,0,4,0,0,0,0,0,109,1,0,21,18,1,0,0,4,0,0,0,0,0,0,0,0,11,0,0,4,0,0,0,3,0,0,0,0,0,0,0,0,1997,980,454,1290,36,14,13,418,220,0,0,53,2,35,0,168,291,12,125,93,0,0,4,2,1,0,0,6,0,0,0,2,2737,584,696,1671,500,112,464,192,41,504,66,270,0,0,0,4,198,11,6,204,183,10,17,25,0,0,2,11,0,0,0,0,4523,881,1855,2447,410,134,212,76,424,5,163,0,342,3,0,260,4361,2193,2323,6469,367,5,575,1028,33,20,379,271,376,0,0,5,0,16,3,4,0,0,0,6,2,0,0,0,0,0,0,0,753,34,12,115,19,1,0,22,1,0,0,2,0,0,0,0,371,6,8,30,184,3,3,4,5,1,13,13,4,2,0,10,1350,1292,535,417,501,183,6,5,13,2,12,5,5,0,2,0,755,14,19,574,173,282,2,121,11,158,2,8,57,37,0,5,119,74,2,251,29,0,0,17,0,2,0,41,16,1,0,8,545,23,4,223,0,17,0,0,0,0,0,0,0,3,0,0,0,0,0,0,14,0,0,0,0,0,0,0,0,0,0,0,0,111,12,16,0,0,0,0,0,0,0,0,0,0,0,0,5924,2800,1757,6757,186,47,8,817,62,3,54,123,496,171,0,830,1359,433,123,1430,2,20,11,262,21,0,0,195,101,7,1,56,1943,876,1149,2968,287,5,14,1214,133,17,3,360,124,63,6,237,462,16,0,134,0,0,0,0,0,0,0,0,0,6,0,11,5724,2689,1731,7113,292,0,3,340,620,216,475,720,213,64,37,158,0,0,3,26,0,162,0,5,0,0,0,0,0,0,0,0,231,0,3,15,0,0,0,0,3,0,0,1,0,0,0,0,3338,890,261,874,466,26,30,270,35,0,16,183,6,305,0,59,1176,434,440,706,124,22,0,30,97,2,4,88,25,3,0
0,22,0,242,133,0,0,0,0,0,0,0,0,0,0,0,0,436,0,0,128,5,153,0,22,0,0,0,0,0,0,0,0,12,75,25,57,0,0,0,0,0,2,0,0,0,0,4,19,294,240,228,307,32,285,8,20,0,0,0,0,0,0,0,0,22,22,14,38,0,12,0,0,0,0,8,0,0,0,0,0,15,114,0,7,0,0,0,13,0,0,0,0,0,0,0,0,545,24,81,55,173,53,13,13,0,0,0,0,0,0,0,0,62,53,0,83,0,0,0,9,0,0,0,0,0,0,0,9,265,7,1,36,2,0,0,0,0,3,0,0,0,0,0,0,0,4,0,0,0,0,0,0,0,0,0,0,0,0,0,0,712,155,0,3,0,0,0,2,0,0,0,0,0,0,0,0,256,477,2,151,0,0,0,49,0,0,0,8,0,8,0,0,0,0,0,0,0,0,0,0,0,0,0,0,0,0,0,1,15,1,26,34,0,0,0,26,6,10,0,90,0,0,0,0,159,12,6,54,0,1,0,0,2,2,0,6,14,0,0,5,0,13,0,0,0,0,0,0,7,0,0,0,0,0,0,0,441,20,0,31,0,5,0,0,6,0,0,1,0,0,0,0,19,18,0,35,0,0,0,1,23,1,0,0,0,1,0,9,55,22,10,89,8,0,0,1,0,0,0,0,17,0,0,0,3,1,3,0,1,1,0,0,0,0,0,0,0,0,0,0,4,168,101,57,0,0,0,0,0,6,0,0,0,0,0,0,8,1,1,115,11,65,2,14,16,0,0,0,0,0,0,0,140,44,2,121,0,0,0,5,0,0,0,0,0,0,0,0,9,0,0,3,0,0,0,0,0,0,0,0,13,0,0,0,36,4,2,36,0,0,10,6,0,0,0,4,0,0,0,64,24,1,0,19,0,0,0,109,0,0,0,1,0,0,0,2,35,8,0,10,1,0,0,0,0,1,0,0,0,0,0,0,0,0,0,17,0,0,0,0,0,0,0,0,0,0,0,0,0,0,0,0,0,0,0,2,0,0,0,0,0,0,2,0,39,39,16,156,0,0,0,0,0,0,0,6,0,0,0,0,32,988,27,56,0,13,0,4,0,0,0,0,0,0,0,0,131,0,1,36,113,0,0,0,0,0,0,0,0,0,0,0,0,0,10,304,0,0,0,128,0,0,0,0,0,0,0,0,143,70,0,95,0,0,0,0,0,0,0,0,0,0,0,0,297,33,0,37,19,0,0,0,0,0,0,0,0,0,0,0,25,3,0,16,0,0,1,0,8,0,0,12,0,0,0,0,634,22,22,69,11,14,0,3,200,0,0,39,0,0,0,0,57,7,0,197,36,0,0,2,0,4,0,0,0,0,0,109,1,0,21,18,1,0,0,4,0,0,0,0,0,0,0,0,11,0,0,4,0,0,0,3,0,0,0,0,0,0,0,0,1997,980,454,1290,36,14,13,418,220,0,0,53,2,35,0,168,291,12,125,93,0,0,4,2,1,0,0,6,0,0,0,2,2738,584,696,1671,500,112,465,192,41,505,66,270,0,0,0,4,198,11,6,204,183,10,17,25,0,0,2,11,0,0,0,0,4522,881,1855,2447,410,134,212,76,424,5,163,0,342,3,0,260,4360,2192,2324,6469,367,5,576,1029,33,20,379,271,376,0,0,5,0,16,3,4,0,0,0,6,2,0,0,0,0,0,0,0,753,34,12,115,19,1,0,22,1,0,0,2,0,0,0,0,371,6,8,30,184,3,3,4,5,1,13,13,4,2,0,10,1350,1293,535,417,501,183,6,5,13,2,12,5,5,0,2,0,756,14,19,575,173,282,2,121,11,158,2,8,57,37,0,5,119,74,2,251,29,0,0,17,0,2,0,41,16,1,0,8,545,23,4,223,0,17,0,0,0,0,0,0,0,3,0,0,0,0,0,0,14,0,0,0,0,0,0,0,0,0,0,0,0,111,12,16,0,0,0,0,0,0,0,0,0,0,0,0,5926,2800,1758,6759,186,47,8,818,62,3,54,123,496,171,0,830,1359,433,123,1430,2,20,11,262,21,0,0,195,101,7,1,56,1944,876,1149,2968,287,5,14,1216,133,17,3,360,124,63,6,237,462,16,0,134,0,0,0,0,0,0,0,0,0,6,0,11,5722,2689,1731,7114,292,0,3,340,620,216,475,720,213,64,37,158,0,0,3,26,0,162,0,5,0,0,0,0,0,0,0,0,231,0,3,15,0,0,0,0,3,0,0,1,0,0,0,0,3338,890,261,874,466,26,30,270,35,0,16,183,6,305,0,59,1176,434,440,706,124,22,0,30,97,2,4,88,25,3,0
0,22,0,242,133,0,0,0,0,0,0,0,0,0,0,0,0,436,0,0,128,5,153,0,22,0,0,0,0,0,0,0,0,12,75,25,57,0,0,0,0,0,2,0,0,0,0,4,19,294,240,228,307,32,285,8,20,0,0,0,0,0,0,0,0,22,22,14,38,0,12,0,0,0,0,8,0,0,0,0,0,15,114,0,7,0,0,0,13,0,0,0,0,0,0,0,0,545,24,81,55,173,53,13,13,0,0,0,0,0,0,0,0,62,53,0,83,0,0,0,9,0,0,0,0,0,0,0,9,265,7,1,36,2,0,0,0,0,3,0,0,0,0,0,0,0,4,0,0,0,0,0,0,0,0,0,0,0,0,0,0,712,155,0,3,0,0,0,2,0,0,0,0,0,0,0,0,256,477,2,151,0,0,0,49,0,0,0,8,0,8,0,0,0,0,0,0,0,0,0,0,0,0,0,0,0,0,0,1,15,1,26,34,0,0,0,26,6,10,0,90,0,0,0,0,159,12,6,54,0,1,0,0,2,2,0,6,14,0,0,5,0,13,0,0,0,0,0,0,7,0,0,0,0,0,0,0,441,20,0,31,0,5,0,0,6,0,0,1,0,0,0,0,19,18,0,35,0,0,0,1,23,1,0,0,0,1,0,9,55,22,10,89,8,0,0,1,0,0,0,0,17,0,0,0,3,1,3,0,1,1,0,0,0,0,0,0,0,0,0,0,4,168,102,57,0,0,0,0,0,6,0,0,0,0,0,0,8,1,1,115,11,65,2,14,16,0,0,0,0,0,0,0,140,44,2,121,0,0,0,5,0,0,0,0,0,0,0,0,9,0,0,3,0,0,0,0,0,0,0,0,13,0,0,0,36,4,2,36,0,0,10,6,0,0,0,4,0,0,0,64,24,1,0,19,0,0,0,109,0,0,0,1,0,0,0,2,35,8,0,10,1,0,0,0,0,1,0,0,0,0,0,0,0,0,0,17,0,0,0,0,0,0,0,0,0,0,0,0,0,0,0,0,0,0,0,2,0,0,0,0,0,0,2,0,39,39,16,156,0,0,0,0,0,0,0,6,0,0,0,0,32,987,27,56,0,13,0,4,0,0,0,0,0,0,0,0,131,0,1,36,113,0,0,0,0,0,0,0,0,0,0,0,0,0,10,304,0,0,0,128,0,0,0,0,0,0,0,0,143,70,0,95,0,0,0,0,0,0,0,0,0,0,0,0,297,33,0,37,19,0,0,0,0,0,0,0,0,0,0,0,25,3,0,16,0,0,1,0,8,0,0,12,0,0,0,0,634,22,22,69,11,14,0,3,200,0,0,39,0,0,0,0,57,7,0,197,36,0,0,2,0,4,0,0,0,0,0,109,1,0,21,18,1,0,0,4,0,0,0,0,0,0,0,0,11,0,0,4,0,0,0,3,0,0,0,0,0,0,0,0,1997,980,454,1290,36,14,13,418,220,0,0,53,2,35,0,168,291,12,125,93,0,0,4,2,1,0,0,6,0,0,0,2,2737,584,696,1671,500,112,464,192,41,504,66,270,0,0,0,4,198,11,6,204,183,10,17,25,0,0,2,11,0,0,0,0,4521,881,1855,2447,410,134,212,76,424,5,163,0,342,3,0,260,4360,2192,2323,6469,367,5,575,1028,33,20,379,271,376,0,0,5,0,16,3,4,0,0,0,6,2,0,0,0,0,0,0,0,753,34,12,115,19,1,0,22,1,0,0,2,0,0,0,0,371,6,8,30,184,3,3,4,5,1,13,13,4,2,0,10,1351,1292,535,417,501,184,6,5,13,2,12,5,5,0,2,0,755,14,19,574,173,282,2,121,11,158,2,8,57,37,0,5,119,74,2,251,29,0,0,17,0,2,0,41,16,1,0,8,545,23,4,223,0,17,0,0,0,0,0,0,0,3,0,0,0,0,0,0,14,0,0,0,0,0,0,0,0,0,0,0,0,111,12,16,0,0,0,0,0,0,0,0,0,0,0,0,5926,2801,1757,6760,186,47,8,817,62,3,54,123,496,171,0,831,1359,433,123,1430,2,20,11,262,21,0,0,195,101,7,1,56,1943,876,1149,2968,287,5,14,1214,133,17,3,360,124,63,6,237,462,16,0,134,0,0,0,0,0,0,0,0,0,6,0,11,5722,2689,1731,7113,292,0,3,340,620,216,475,720,213,64,37,158,0,0,3,26,0,162,0,5,0,0,0,0,0,0,0,0,231,0,3,15,0,0,0,0,3,0,0,1,0,0,0,0,3339,892,262,875,468,26,30,270,35,0,16,183,6,305,0,59,1176,434,440,706,124,22,0,30,97,2,4,88,25,3,0
0,22,0,242,133,0,0,0,0,0,0,0,0,0,0,0,0,436,0,0,128,5,153,0,22,0,0,0,0,0,0,0,0,12,75,25,57,0,0,0,0,0,2,0,0,0,0,4,19,294,240,228,307,32,285,8,20,0,0,0,0,0,0,0,0,22,22,14,38,0,12,0,0,0,0,8,0,0,0,0,0,15,114,0,7,0,0,0,13,0,0,0,0,0,0,0,0,545,24,81,55,173,53,13,13,0,0,0,0,0,0,0,0,62,53,0,83,0,0,0,9,0,0,0,0,0,0,0,9,265,7,1,36,2,0,0,0,0,3,0,0,0,0,0,0,0,4,0,0,0,0,0,0,0,0,0,0,0,0,0,0,712,155,0,3,0,0,0,2,0,0,0,0,0,0,0,0,256,477,2,151,0,0,0,49,0,0,0,8,0,8,0,0,0,0,0,0,0,0,0,0,0,0,0,0,0,0,0,1,15,1,26,34,0,0,0,26,6,10,0,90,0,0,0,0,159,12,6,54,0,1,0,0,2,2,0,6,14,0,0,5,0,13,0,0,0,0,0,0,7,0,0,0,0,0,0,0,441,20,0,31,0,5,0,0,6,0,0,1,0,0,0,0,19,18,0,35,0,0,0,1,23,1,0,0,0,1,0,9,55,22,10,89,8,0,0,1,0,0,0,0,17,0,0,0,3,1,3,0,1,1,0,0,0,0,0,0,0,0,0,0,4,168,101,57,0,0,0,0,0,6,0,0,0,0,0,0,8,1,1,115,11,65,2,14,16,0,0,0,0,0,0,0,140,44,2,121,0,0,0,5,0,0,0,0,0,0,0,0,9,0,0,3,0,0,0,0,0,0,0,0,13,0,0,0,36,4,2,36,0,0,10,6,0,0,0,4,0,0,0,64,24,1,0,19,0,0,0,109,0,0,0,1,0,0,0,2,35,8,0,10,1,0,0,0,0,1,0,0,0,0,0,0,0,0,0,17,0,0,0,0,0,0,0,0,0,0,0,0,0,0,0,0,0,0,0,2,0,0,0,0,0,0,2,0,39,39,16,156,0,0,0,0,0,0,0,6,0,0,0,0,32,987,27,56,0,13,0,4,0,0,0,0,0,0,0,0,131,0,1,36,113,0,0,0,0,0,0,0,0,0,0,0,0,0,10,304,0,0,0,128,0,0,0,0,0,0,0,0,143,70,0,95,0,0,0,0,0,0,0,0,0,0,0,0,297,33,0,37,19,0,0,0,0,0,0,0,0,0,0,0,25,3,0,16,0,0,1,0,8,0,0,12,0,0,0,0,634,22,22,69,11,14,0,3,200,0,0,39,0,0,0,0,57,7,0,197,36,0,0,2,0,4,0,0,0,0,0,109,1,0,21,18,1,0,0,4,0,0,0,0,0,0,0,0,11,0,0,4,0,0,0,3,0,0,0,0,0,0,0,0,1997,980,454,1290,36,14,13,418,220,0,0,53,2,35,0,168,291,12,125,93,0,0,4,2,1,0,0,6,0,0,0,2,2737,584,696,1671,500,112,464,192,41,504,66,270,0,0,0,4,198,11,6,204,183,10,17,25,0,0,2,11,0,0,0,0,4521,881,1855,2447,410,134,212,76,424,5,163,0,342,3,0,260,4360,2192,2323,6469,367,5,575,1028,33,20,379,271,376,0,0,5,0,16,3,4,0,0,0,6,2,0,0,0,0,0,0,0,753,34,12,115,19,1,0,22,1,0,0,2,0,0,0,0,371,6,8,30,184,3,3,4,5,1,13,13,4,2,0,10,1350,1292,535,417,501,183,6,5,13,2,12,5,5,0,2,0,755,14,19,574,173,282,2,121,11,158,2,8,57,37,0,5,119,74,2,251,29,0,0,17,0,2,0,41,16,1,0,8,545,23,4,223,0,17,0,0,0,0,0,0,0,3,0,0,0,0,0,0,14,0,0,0,0,0,0,0,0,0,0,0,0,111,12,16,0,0,0,0,0,0,0,0,0,0,0,0,5924,2800,1757,6757,186,47,8,817,62,3,54,123,496,171,0,830,1359,433,123,1430,2,20,11,262,21,0,0,195,101,7,1,56,1943,876,1149,2968,287,5,14,1214,133,17,3,360,124,63,6,237,462,16,0,134,0,0,0,0,0,0,0,0,0,6,0,11,5722,2689,1731,7113,292,0,3,340,620,216,475,720,213,64,37,158,0,0,3,26,0,162,0,5,0,0,0,0,0,0,0,0,231,0,3,15,0,0,0,0,3,0,0,1,0,0,0,0,3338,890,261,874,466,26,30,270,35,0,16,183,6,305,0,59,1176,434,440,706,124,22,0,30,97,2,4,88,25,3,0
0,22,0,242,133,0,0,0,0,0,0,0,0,0,0,0,0,436,0,0,128,5,153,0,22,0,0,0,0,0,0,0,0,12,75,25,57,0,0,0,0,0,2,0,0,0,0,4,19,294,240,228,307,32,285,8,20,0,0,0,0,0,0,0,0,22,22,14,38,0,12,0,0,0,0,8,0,0,0,0,0,15,114,0,7,0,0,0,13,0,0,0,0,0,0,0,0,545,24,81,55,173,53,13,13,0,0,0,0,0,0,0,0,62,53,0,83,0,0,0,9,0,0,0,0,0,0,0,9,266,7,1,36,2,0,0,0,0,3,0,0,0,0,0,0,0,4,0,0,0,0,0,0,0,0,0,0,0,0,0,0,712,155,0,3,0,0,0,2,0,0,0,0,0,0,0,0,256,477,2,151,0,0,0,49,0,0,0,8,0,8,0,0,0,0,0,0,0,0,0,0,0,0,0,0,0,0,0,1,15,1,26,34,0,0,0,26,6,10,0,90,0,0,0,0,159,12,6,54,0,1,0,0,2,2,0,6,14,0,0,5,0,13,0,0,0,0,0,0,7,0,0,0,0,0,0,0,441,20,0,31,0,5,0,0,6,0,0,1,0,0,0,0,19,18,0,35,0,0,0,1,23,1,0,0,0,1,0,9,55,22,10,89,8,0,0,1,0,0,0,0,17,0,0,0,3,1,3,0,1,1,0,0,0,0,0,0,0,0,0,0,4,168,101,57,0,0,0,0,0,6,0,0,0,0,0,0,8,1,1,115,11,65,2,14,16,0,0,0,0,0,0,0,140,44,2,121,0,0,0,5,0,0,0,0,0,0,0,0,9,0,0,3,0,0,0,0,0,0,0,0,13,0,0,0,36,4,2,36,0,0,10,6,0,0,0,4,0,0,0,64,24,1,0,19,0,0,0,109,0,0,0,1,0,0,0,2,35,8,0,10,1,0,0,0,0,1,0,0,0,0,0,0,0,0,0,17,0,0,0,0,0,0,0,0,0,0,0,0,0,0,0,0,0,0,0,2,0,0,0,0,0,0,2,0,39,39,16,156,0,0,0,0,0,0,0,6,0,0,0,0,32,987,27,56,0,13,0,4,0,0,0,0,0,0,0,0,131,0,1,36,113,0,0,0,0,0,0,0,0,0,0,0,0,0,10,304,0,0,0,128,0,0,0,0,0,0,0,0,143,70,0,95,0,0,0,0,0,0,0,0,0,0,0,0,297,33,0,37,19,0,0,0,0,0,0,0,0,0,0,0,25,3,0,16,0,0,1,0,8,0,0,12,0,0,0,0,634,22,22,69,11,14,0,3,200,0,0,39,0,0,0,0,57,7,0,197,36,0,0,2,0,4,0,0,0,0,0,109,1,0,21,18,1,0,0,4,0,0,0,0,0,0,0,0,11,0,0,4,0,0,0,3,0,0,0,0,0,0,0,0,1997,980,454,1290,36,14,13,418,220,0,0,53,2,35,0,168,291,12,125,93,0,0,4,2,1,0,0,6,0,0,0,2,2737,584,696,1671,500,112,464,192,41,504,66,270,0,0,0,4,198,11,6,204,183,10,17,25,0,0,2,11,0,0,0,0,4521,881,1855,2447,410,134,212,76,424,5,163,0,342,3,0,260,4360,2194,2324,6472,367,5,576,1028,33,20,379,272,376,0,0,5,0,16,3,4,0,0,0,6,2,0,0,0,0,0,0,0,753,34,12,115,19,1,0,22,1,0,0,2,0,0,0,0,371,6,8,30,184,3,3,4,5,1,13,13,4,2,0,10,1350,1292,535,417,501,183,6,5,13,2,12,5,5,0,2,0,755,14,19,574,173,282,2,121,11,158,2,8,57,37,0,5,119,74,2,251,29,0,0,17,0,2,0,41,16,1,0,8,545,23,4,223,0,17,0,0,0,0,0,0,0,3,0,0,0,0,0,0,14,0,0,0,0,0,0,0,0,0,0,0,0,111,12,16,0,0,0,0,0,0,0,0,0,0,0,0,5924,2800,1757,6757,186,47,8,817,62,3,54,123,496,171,0,830,1359,433,123,1430,2,20,11,262,21,0,0,195,101,7,1,56,1943,878,1149,2968,287,5,14,1214,133,17,3,362,124,63,6,237,462,16,0,134,0,0,0,0,0,0,0,0,0,6,0,11,5722,2689,1731,7117,292,0,3,340,621,216,476,720,213,64,37,158,0,0,3,26,0,163,0,5,0,0,0,0,0,0,0,0,231,0,3,15,0,0,0,0,3,0,0,1,0,0,0,0,3338,890,261,874,466,26,30,270,35,0,16,183,6,305,0,59,1176,434,440,706,124,22,0,30,97,2,4,88,25,3,0
0,22,0,242,133,0,0,0,0,0,0,0,0,0,0,0,0,436,0,0,128,5,153,0,22,0,0,0,0,0,0,0,0,12,75,25,57,0,0,0,0,0,2,0,0,0,0,4,19,294,240,228,307,32,285,8,20,0,0,0,0,0,0,0,0,22,22,14,38,0,12,0,0,0,0,8,0,0,0,0,0,15,114,0,7,0,0,0,13,0,0,0,0,0,0,0,0,545,24,81,55,173,53,13,13,0,0,0,0,0,0,0,0,62,53,0,83,0,0,0,9,0,0,0,0,0,0,0,9,265,7,1,36,2,0,0,0,0,3,0,0,0,0,0,0,0,4,0,0,0,0,0,0,0,0,0,0,0,0,0,0,712,155,0,3,0,0,0,2,0,0,0,0,0,0,0,0,256,477,2,151,0,0,0,49,0,0,0,8,0,8,0,0,0,0,0,0,0,0,0,0,0,0,0,0,0,0,0,1,15,1,26,34,0,0,0,26,6,10,0,90,0,0,0,0,159,12,6,54,0,1,0,0,2,2,0,6,14,0,0,5,0,13,0,0,0,0,0,0,7,0,0,0,0,0,0,0,441,20,0,31,0,5,0,0,6,0,0,1,0,0,0,0,19,18,0,35,0,0,0,1,23,1,0,0,0,1,0,9,55,22,10,89,8,0,0,1,0,0,0,0,17,0,0,0,3,1,3,0,1,1,0,0,0,0,0,0,0,0,0,0,4,168,101,57,0,0,0,0,0,6,0,0,0,0,0,0,8,1,1,115,11,65,2,14,16,0,0,0,0,0,0,0,140,44,2,121,0,0,0,5,0,0,0,0,0,0,0,0,9,0,0,3,0,0,0,0,0,0,0,0,13,0,0,0,36,4,2,36,0,0,10,6,0,0,0,4,0,0,0,64,24,1,0,19,0,0,0,109,0,0,0,1,0,0,0,2,35,8,0,10,1,0,0,0,0,1,0,0,0,0,0,0,0,0,0,17,0,0,0,0,0,0,0,0,0,0,0,0,0,0,0,0,0,0,0,2,0,0,0,0,0,0,2,0,39,39,16,156,0,0,0,0,0,0,0,6,0,0,0,0,32,987,27,56,0,13,0,4,0,0,0,0,0,0,0,0,131,0,1,36,113,0,0,0,0,0,0,0,0,0,0,0,0,0,10,304,0,0,0,128,0,0,0,0,0,0,0,0,143,70,0,95,0,0,0,0,0,0,0,0,0,0,0,0,297,33,0,37,19,0,0,0,0,0,0,0,0,0,0,0,25,3,0,16,0,0,1,0,8,0,0,12,0,0,0,0,634,22,22,69,11,14,0,3,200,0,0,39,0,0,0,0,57,7,0,197,36,0,0,2,0,4,0,0,0,0,0,109,1,0,21,18,1,0,0,4,0,0,0,0,0,0,0,0,11,0,0,4,0,0,0,3,0,0,0,0,0,0,0,0,1997,980,454,1290,36,14,13,418,220,0,0,53,2,35,0,168,291,12,125,93,0,0,4,2,1,0,0,6,0,0,0,2,2737,584,696,1671,500,112,464,192,41,504,66,270,0,0,0,4,198,11,6,204,183,10,17,25,0,0,2,11,0,0,0,0,4521,881,1855,2448,410,134,212,76,424,5,163,0,342,3,0,260,4361,2192,2323,6470,367,5,575,1028,33,20,379,271,376,0,0,5,0,16,3,4,0,0,0,6,2,0,0,0,0,0,0,0,753,34,12,115,19,1,0,22,1,0,0,2,0,0,0,0,371,6,8,30,184,3,3,4,5,1,13,13,4,2,0,10,1350,1292,535,417,501,183,6,5,13,2,12,5,5,0,2,0,755,14,19,574,173,282,2,121,11,158,2,8,57,37,0,5,119,74,2,251,29,0,0,17,0,2,0,41,16,1,0,8,545,23,4,223,0,17,0,0,0,0,0,0,0,3,0,0,0,0,0,0,14,0,0,0,0,0,0,0,0,0,0,0,0,111,12,16,0,0,0,0,0,0,0,0,0,0,0,0,5924,2800,1757,6757,186,47,8,817,62,3,54,123,496,171,0,830,1359,433,123,1430,2,20,11,262,21,0,0,195,101,7,1,56,1943,876,1149,2969,287,5,14,1214,133,17,3,360,124,63,6,237,462,16,0,134,0,0,0,0,0,0,0,0,0,6,0,11,5722,2691,1731,7115,292,0,3,340,620,216,475,720,213,64,37,158,0,0,3,26,0,162,0,5,0,0,0,0,0,0,0,0,231,0,3,15,0,0,0,0,3,0,0,1,0,0,0,0,3338,890,261,874,466,26,30,270,35,0,16,183,6,305,0,59,1176,434,440,706,124,22,0,30,97,2,4,88,25,3,0
0,22,0,242,133,0,0,0,0,0,0,0,0,0,0,0,0,436,0,0,128,5,153,0,22,0,0,0,0,0,0,0,0,12,75,25,57,0,0,0,0,0,2,0,0,0,0,4,19,294,240,228,307,32,285,8,20,0,0,0,0,0,0,0,0,22,22,14,38,0,12,0,0,0,0,8,0,0,0,0,0,15,114,0,7,0,0,0,13,0,0,0,0,0,0,0,0,545,24,81,55,173,53,13,13,0,0,0,0,0,0,0,0,62,53,0,83,0,0,0,9,0,0,0,0,0,0,0,9,266,7,1,36,2,0,0,0,0,3,0,0,0,0,0,0,0,4,0,0,0,0,0,0,0,0,0,0,0,0,0,0,712,155,0,3,0,0,0,2,0,0,0,0,0,0,0,0,256,477,2,151,0,0,0,49,0,0,0,8,0,8,0,0,0,0,0,0,0,0,0,0,0,0,0,0,0,0,0,1,15,1,26,34,0,0,0,26,6,10,0,90,0,0,0,0,159,12,6,54,0,1,0,0,2,2,0,6,14,0,0,5,0,13,0,0,0,0,0,0,7,0,0,0,0,0,0,0,441,20,0,31,0,5,0,0,6,0,0,1,0,0,0,0,19,18,0,35,0,0,0,1,23,1,0,0,0,1,0,9,55,22,10,89,8,0,0,1,0,0,0,0,17,0,0,0,3,1,3,0,1,1,0,0,0,0,0,0,0,0,0,0,4,168,101,57,0,0,0,0,0,6,0,0,0,0,0,0,8,1,1,115,11,65,2,14,16,0,0,0,0,0,0,0,140,44,2,121,0,0,0,5,0,0,0,0,0,0,0,0,9,0,0,3,0,0,0,0,0,0,0,0,13,0,0,0,36,4,2,36,0,0,10,6,0,0,0,4,0,0,0,64,24,1,0,19,0,0,0,109,0,0,0,1,0,0,0,2,35,8,0,10,1,0,0,0,0,1,0,0,0,0,0,0,0,0,0,17,0,0,0,0,0,0,0,0,0,0,0,0,0,0,0,0,0,0,0,2,0,0,0,0,0,0,2,0,39,39,16,156,0,0,0,0,0,0,0,6,0,0,0,0,32,987,27,56,0,13,0,4,0,0,0,0,0,0,0,0,131,0,1,36,113,0,0,0,0,0,0,0,0,0,0,0,0,0,10,304,0,0,0,128,0,0,0,0,0,0,0,0,143,70,0,95,0,0,0,0,0,0,0,0,0,0,0,0,297,33,0,37,19,0,0,0,0,0,0,0,0,0,0,0,25,3,0,16,0,0,1,0,8,0,0,12,0,0,0,0,634,22,22,69,11,14,0,3,200,0,0,39,0,0,0,0,57,7,0,197,36,0,0,2,0,4,0,0,0,0,0,109,1,0,21,18,1,0,0,4,0,0,0,0,0,0,0,0,11,0,0,4,0,0,0,3,0,0,0,0,0,0,0,0,1997,980,454,1290,36,14,13,418,220,0,0,53,2,35,0,168,291,12,125,93,0,0,4,2,1,0,0,6,0,0,0,2,2737,584,696,1671,500,112,464,192,41,504,66,270,0,0,0,4,198,11,6,204,183,10,17,25,0,0,2,11,0,0,0,0,4521,881,1855,2447,410,134,212,76,424,5,163,0,342,3,0,260,4360,2194,2324,6472,367,5,576,1028,33,20,379,272,376,0,0,5,0,16,3,4,0,0,0,6,2,0,0,0,0,0,0,0,753,34,12,115,19,1,0,22,1,0,0,2,0,0,0,0,371,6,8,30,184,3,3,4,5,1,13,13,4,2,0,10,1350,1292,535,417,501,183,6,5,13,2,12,5,5,0,2,0,755,14,19,574,173,282,2,121,11,158,2,8,57,37,0,5,119,74,2,251,29,0,0,17,0,2,0,41,16,1,0,8,545,23,4,223,0,17,0,0,0,0,0,0,0,3,0,0,0,0,0,0,14,0,0,0,0,0,0,0,0,0,0,0,0,111,12,16,0,0,0,0,0,0,0,0,0,0,0,0,5924,2800,1757,6757,186,47,8,817,62,3,54,123,496,171,0,830,1359,433,123,1430,2,20,11,262,21,0,0,195,101,7,1,56,1943,878,1149,2968,287,5,14,1214,133,17,3,362,124,63,6,237,462,16,0,134,0,0,0,0,0,0,0,0,0,6,0,11,5722,2689,1731,7117,292,0,3,340,621,216,476,720,213,64,37,158,0,0,3,26,0,163,0,5,0,0,0,0,0,0,0,0,231,0,3,15,0,0,0,0,3,0,0,1,0,0,0,0,3338,890,261,874,466,26,30,270,35,0,16,183,6,305,0,59,1176,434,440,706,124,22,0,30,97,2,4,88,25,3,0
0,22,0,242,133,0,0,0,0,0,0,0,0,0,0,0,0,436,0,0,128,5,153,0,22,0,0,0,0,0,0,0,0,12,75,25,57,0,0,0,0,0,2,0,0,0,0,4,19,294,240,228,307,32,285,8,20,0,0,0,0,0,0,0,0,22,22,14,38,0,12,0,0,0,0,8,0,0,0,0,0,15,114,0,7,0,0,0,13,0,0,0,0,0,0,0,0,545,24,81,55,173,53,13,13,0,0,0,0,0,0,0,0,62,53,0,83,0,0,0,9,0,0,0,0,0,0,0,9,265,7,1,36,2,0,0,0,0,3,0,0,0,0,0,0,0,4,0,0,0,0,0,0,0,0,0,0,0,0,0,0,712,155,0,3,0,0,0,2,0,0,0,0,0,0,0,0,256,477,2,151,0,0,0,49,0,0,0,8,0,8,0,0,0,0,0,0,0,0,0,0,0,0,0,0,0,0,0,1,15,1,26,34,0,0,0,26,6,10,0,90,0,0,0,0,159,12,6,54,0,1,0,0,2,2,0,6,14,0,0,5,0,13,0,0,0,0,0,0,7,0,0,0,0,0,0,0,441,20,0,31,0,5,0,0,6,0,0,1,0,0,0,0,19,18,0,35,0,0,0,1,23,1,0,0,0,1,0,9,55,22,10,89,8,0,0,1,0,0,0,0,17,0,0,0,3,1,3,0,1,1,0,0,0,0,0,0,0,0,0,0,4,168,101,57,0,0,0,0,0,6,0,0,0,0,0,0,8,1,1,115,11,65,2,14,16,0,0,0,0,0,0,0,140,44,2,121,0,0,0,5,0,0,0,0,0,0,0,0,9,0,0,3,0,0,0,0,0,0,0,0,13,0,0,0,36,4,2,36,0,0,10,6,0,0,0,4,0,0,0,64,24,1,0,19,0,0,0,109,0,0,0,1,0,0,0,2,35,8,0,10,1,0,0,0,0,1,0,0,0,0,0,0,0,0,0,17,0,0,0,0,0,0,0,0,0,0,0,0,0,0,0,0,0,0,0,2,0,0,0,0,0,0,2,0,39,39,16,156,0,0,0,0,0,0,0,6,0,0,0,0,32,987,27,56,0,13,0,4,0,0,0,0,0,0,0,0,131,0,1,36,113,0,0,0,0,0,0,0,0,0,0,0,0,0,10,304,0,0,0,128,0,0,0,0,0,0,0,0,143,70,0,95,0,0,0,0,0,0,0,0,0,0,0,0,297,33,0,37,19,0,0,0,0,0,0,0,0,0,0,0,25,3,0,16,0,0,1,0,8,0,0,12,0,0,0,0,634,22,22,69,11,14,0,3,200,0,0,39,0,0,0,0,57,7,0,197,36,0,0,2,0,4,0,0,0,0,0,109,1,0,21,18,1,0,0,4,0,0,0,0,0,0,0,0,11,0,0,4,0,0,0,3,0,0,0,0,0,0,0,0,1997,980,454,1290,36,14,13,418,220,0,0,53,2,35,0,168,291,12,125,93,0,0,4,2,1,0,0,6,0,0,0,2,2737,584,696,1671,500,112,464,192,41,504,66,270,0,0,0,4,198,11,6,204,183,10,17,25,0,0,2,11,0,0,0,0,4521,881,1855,2447,410,134,212,76,424,5,163,0,342,3,0,260,4360,2192,2323,6469,367,5,575,1028,33,20,379,271,376,0,0,5,0,16,3,4,0,0,0,6,2,0,0,0,0,0,0,0,753,34,12,115,19,1,0,22,1,0,0,2,0,0,0,0,371,6,8,30,184,3,3,4,5,1,13,13,4,2,0,10,1350,1292,535,417,501,183,6,5,13,2,12,5,5,0,2,0,755,14,19,574,173,282,2,121,11,158,2,8,57,37,0,5,119,74,2,251,29,0,0,17,0,2,0,41,16,1,0,8,545,23,4,223,0,17,0,0,0,0,0,0,0,3,0,0,0,0,0,0,14,0,0,0,0,0,0,0,0,0,0,0,0,111,12,16,0,0,0,0,0,0,0,0,0,0,0,0,5924,2800,1757,6757,186,47,8,817,62,3,54,123,496,171,0,830,1359,433,123,1430,2,20,11,262,21,0,0,195,101,7,1,56,1943,876,1149,2968,287,5,14,1214,133,17,3,360,124,63,6,237,462,16,0,134,0,0,0,0,0,0,0,0,0,6,0,11,5722,2689,1731,7113,292,0,3,340,620,216,475,720,213,64,37,158,0,0,3,26,0,162,0,5,0,0,0,0,0,0,0,0,231,0,3,15,0,0,0,0,3,0,0,1,0,0,0,0,3338,890,261,874,466,26,30,270,35,0,16,183,6,305,0,59,1176,434,440,706,124,22,0,30,97,2,4,88,25,3,0
0,22,0,242,133,0,0,0,0,0,0,0,0,0,0,0,0,436,0,0,128,5,153,0,22,0,0,0,0,0,0,0,0,12,75,25,57,0,0,0,0,0,2,0,0,0,0,4,19,294,240,228,307,32,285,8,20,0,0,0,0,0,0,0,0,22,22,14,38,0,12,0,0,0,0,8,0,0,0,0,0,15,114,0,7,0,0,0,13,0,0,0,0,0,0,0,0,545,24,81,55,173,53,13,13,0,0,0,0,0,0,0,0,62,53,0,83,0,0,0,9,0,0,0,0,0,0,0,9,265,7,1,36,2,0,0,0,0,3,0,0,0,0,0,0,0,4,0,0,0,0,0,0,0,0,0,0,0,0,0,0,712,155,0,3,0,0,0,2,0,0,0,0,0,0,0,0,256,477,2,151,0,0,0,49,0,0,0,8,0,8,0,0,0,0,0,0,0,0,0,0,0,0,0,0,0,0,0,1,15,1,26,34,0,0,0,26,6,10,0,90,0,0,0,0,159,12,6,54,0,1,0,0,2,2,0,6,14,0,0,5,0,13,0,0,0,0,0,0,7,0,0,0,0,0,0,0,441,20,0,31,0,5,0,0,6,0,0,1,0,0,0,0,19,18,0,35,0,0,0,1,23,1,0,0,0,1,0,9,55,22,10,89,8,0,0,1,0,0,0,0,17,0,0,0,3,1,3,0,1,1,0,0,0,0,0,0,0,0,0,0,4,168,101,57,0,0,0,0,0,6,0,0,0,0,0,0,8,1,1,115,11,65,2,14,16,0,0,0,0,0,0,0,140,44,2,121,0,0,0,5,0,0,0,0,0,0,0,0,9,0,0,3,0,0,0,0,0,0,0,0,13,0,0,0,36,4,2,36,0,0,10,6,0,0,0,4,0,0,0,64,24,1,0,19,0,0,0,109,0,0,0,1,0,0,0,2,35,8,0,10,1,0,0,0,0,1,0,0,0,0,0,0,0,0,0,17,0,0,0,0,0,0,0,0,0,0,0,0,0,0,0,0,0,0,0,2,0,0,0,0,0,0,2,0,39,39,16,156,0,0,0,0,0,0,0,6,0,0,0,0,32,987,27,56,0,13,0,4,0,0,0,0,0,0,0,0,131,0,1,36,113,0,0,0,0,0,0,0,0,0,0,0,0,0,10,304,0,0,0,128,0,0,0,0,0,0,0,0,143,70,0,95,0,0,0,0,0,0,0,0,0,0,0,0,297,33,0,37,19,0,0,0,0,0,0,0,0,0,0,0,25,3,0,16,0,0,1,0,8,0,0,12,0,0,0,0,634,22,22,69,11,14,0,3,200,0,0,39,0,0,0,0,57,7,0,197,36,0,0,2,0,4,0,0,0,0,0,109,1,0,21,18,1,0,0,4,0,0,0,0,0,0,0,0,11,0,0,4,0,0,0,3,0,0,0,0,0,0,0,0,1997,980,454,1290,36,14,13,418,220,0,0,53,2,35,0,168,291,12,125,93,0,0,4,2,1,0,0,6,0,0,0,2,2737,584,696,1671,500,112,464,192,41,504,66,270,0,0,0,4,198,11,6,204,183,10,17,25,0,0,2,11,0,0,0,0,4521,881,1855,2448,410,134,212,76,424,5,163,0,342,3,0,260,4361,2192,2323,6470,367,5,575,1028,33,20,379,271,376,0,0,5,0,16,3,4,0,0,0,6,2,0,0,0,0,0,0,0,753,34,12,115,19,1,0,22,1,0,0,2,0,0,0,0,371,6,8,30,184,3,3,4,5,1,13,13,4,2,0,10,1350,1292,535,417,501,183,6,5,13,2,12,5,5,0,2,0,755,14,19,574,173,282,2,121,11,158,2,8,57,37,0,5,119,74,2,251,29,0,0,17,0,2,0,41,16,1,0,8,545,23,4,223,0,17,0,0,0,0,0,0,0,3,0,0,0,0,0,0,14,0,0,0,0,0,0,0,0,0,0,0,0,111,12,16,0,0,0,0,0,0,0,0,0,0,0,0,5924,2800,1757,6757,186,47,8,817,62,3,54,123,496,171,0,830,1359,433,123,1430,2,20,11,262,21,0,0,195,101,7,1,56,1943,876,1149,2969,287,5,14,1214,133,17,3,360,124,63,6,237,462,16,0,134,0,0,0,0,0,0,0,0,0,6,0,11,5722,2691,1731,7115,292,0,3,340,620,216,475,720,213,64,37,158,0,0,3,26,0,162,0,5,0,0,0,0,0,0,0,0,231,0,3,15,0,0,0,0,3,0,0,1,0,0,0,0,3338,890,261,874,466,26,30,270,35,0,16,183,6,305,0,59,1176,434,440,706,124,22,0,30,97,2,4,88,25,3,0
0,22,0,242,133,0,0,0,0,0,0,0,0,0,0,0,0,436,0,0,128,5,153,0,22,0,0,0,0,0,0,0,0,12,75,25,57,0,0,0,0,0,2,0,0,0,0,4,19,294,240,228,307,32,285,8,20,0,0,0,0,0,0,0,0,22,22,14,38,0,12,0,0,0,0,8,0,0,0,0,0,15,114,0,7,0,0,0,13,0,0,0,0,0,0,0,0,545,24,81,55,173,53,13,13,0,0,0,0,0,0,0,0,62,53,0,83,0,0,0,9,0,0,0,0,0,0,0,9,265,7,1,36,2,0,0,0,0,3,0,0,0,0,0,0,0,4,0,0,0,0,0,0,0,0,0,0,0,0,0,0,712,155,0,3,0,0,0,2,0,0,0,0,0,0,0,0,256,477,2,151,0,0,0,49,0,0,0,8,0,8,0,0,0,0,0,0,0,0,0,0,0,0,0,0,0,0,0,1,15,1,26,34,0,0,0,26,6,10,0,90,0,0,0,0,159,12,6,54,0,1,0,0,2,2,0,6,14,0,0,5,0,13,0,0,0,0,0,0,7,0,0,0,0,0,0,0,441,20,0,31,0,5,0,0,6,0,0,1,0,0,0,0,19,18,0,35,0,0,0,1,23,1,0,0,0,1,0,9,55,22,10,89,8,0,0,1,0,0,0,0,17,0,0,0,3,1,3,0,1,1,0,0,0,0,0,0,0,0,0,0,4,168,101,57,0,0,0,0,0,6,0,0,0,0,0,0,8,1,1,115,11,65,2,14,16,0,0,0,0,0,0,0,140,44,2,121,0,0,0,5,0,0,0,0,0,0,0,0,9,0,0,3,0,0,0,0,0,0,0,0,13,0,0,0,36,4,2,36,0,0,10,6,0,0,0,4,0,0,0,64,24,1,0,19,0,0,0,109,0,0,0,1,0,0,0,2,35,8,0,10,1,0,0,0,0,1,0,0,0,0,0,0,0,0,0,17,0,0,0,0,0,0,0,0,0,0,0,0,0,0,0,0,0,0,0,2,0,0,0,0,0,0,2,0,39,39,16,156,0,0,0,0,0,0,0,6,0,0,0,0,32,987,27,56,0,13,0,4,0,0,0,0,0,0,0,0,131,0,1,36,113,0,0,0,0,0,0,0,0,0,0,0,0,0,10,304,0,0,0,128,0,0,0,0,0,0,0,0,143,70,0,95,0,0,0,0,0,0,0,0,0,0,0,0,297,33,0,37,19,0,0,0,0,0,0,0,0,0,0,0,25,3,0,16,0,0,1,0,8,0,0,12,0,0,0,0,634,22,22,69,11,14,0,3,200,0,0,39,0,0,0,0,57,7,0,197,36,0,0,2,0,4,0,0,0,0,0,109,1,0,21,18,1,0,0,4,0,0,0,0,0,0,0,0,11,0,0,4,0,0,0,3,0,0,0,0,0,0,0,0,1997,980,454,1290,36,14,13,418,220,0,0,53,2,35,0,168,291,12,125,93,0,0,4,2,1,0,0,6,0,0,0,2,2737,584,696,1671,500,112,464,192,41,504,66,270,0,0,0,4,198,11,6,204,183,10,17,25,0,0,2,11,0,0,0,0,4521,881,1855,2447,410,134,212,76,424,5,163,0,342,3,0,260,4360,2192,2323,6469,367,5,575,1028,33,20,379,271,376,0,0,5,0,16,3,4,0,0,0,6,2,0,0,0,0,0,0,0,753,34,12,115,19,1,0,22,1,0,0,2,0,0,0,0,371,6,8,30,184,3,3,4,5,1,13,13,4,2,0,10,1350,1292,535,417,501,183,6,5,13,2,12,5,5,0,2,0,755,14,19,574,173,282,2,121,11,158,2,8,57,37,0,5,119,74,2,251,29,0,0,17,0,2,0,41,16,1,0,8,545,23,4,223,0,17,0,0,0,0,0,0,0,3,0,0,0,0,0,0,14,0,0,0,0,0,0,0,0,0,0,0,0,111,12,16,0,0,0,0,0,0,0,0,0,0,0,0,5924,2800,1757,6757,186,47,8,817,62,3,54,123,496,171,0,830,1359,433,123,1430,2,20,11,262,21,0,0,195,101,7,1,56,1943,876,1149,2968,287,5,14,1214,133,17,3,360,124,63,6,237,462,16,0,134,0,0,0,0,0,0,0,0,0,6,0,11,5722,2689,1731,7113,292,0,3,340,620,216,475,720,213,64,37,158,0,0,3,26,0,162,0,5,0,0,0,0,0,0,0,0,231,0,3,15,0,0,0,0,3,0,0,1,0,0,0,0,3338,890,261,874,466,26,30,270,35,0,16,183,6,305,0,59,1176,434,440,706,124,22,0,30,97,2,4,88,25,3,0
0,22,0,242,133,0,0,0,0,0,0,0,0,0,0,0,0,436,0,0,128,5,153,0,22,0,0,0,0,0,0,0,0,12,75,25,57,0,0,0,0,0,2,0,0,0,0,4,19,294,240,228,307,32,285,8,20,0,0,0,0,0,0,0,0,22,22,14,38,0,12,0,0,0,0,8,0,0,0,0,0,15,114,0,7,0,0,0,13,0,0,0,0,0,0,0,0,545,24,81,55,173,53,13,13,0,0,0,0,0,0,0,0,62,53,0,83,0,0,0,9,0,0,0,0,0,0,0,9,265,7,1,36,2,0,0,0,0,3,0,0,0,0,0,0,0,4,0,0,0,0,0,0,0,0,0,0,0,0,0,0,712,155,0,3,0,0,0,2,0,0,0,0,0,0,0,0,256,477,2,151,0,0,0,49,0,0,0,8,0,8,0,0,0,0,0,0,0,0,0,0,0,0,0,0,0,0,0,1,15,1,26,34,0,0,0,26,6,10,0,90,0,0,0,0,159,12,6,54,0,1,0,0,2,2,0,6,14,0,0,5,0,13,0,0,0,0,0,0,7,0,0,0,0,0,0,0,441,20,0,31,0,5,0,0,6,0,0,1,0,0,0,0,19,18,0,35,0,0,0,1,23,1,0,0,0,1,0,9,55,22,10,89,8,0,0,1,0,0,0,0,17,0,0,0,3,1,3,0,1,1,0,0,0,0,0,0,0,0,0,0,4,168,101,57,0,0,0,0,0,6,0,0,0,0,0,0,8,1,1,115,11,65,2,14,16,0,0,0,0,0,0,0,140,44,2,121,0,0,0,5,0,0,0,0,0,0,0,0,9,0,0,3,0,0,0,0,0,0,0,0,13,0,0,0,36,4,2,36,0,0,10,6,0,0,0,4,0,0,0,64,24,1,0,19,0,0,0,109,0,0,0,1,0,0,0,2,35,8,0,10,1,0,0,0,0,1,0,0,0,0,0,0,0,0,0,17,0,0,0,0,0,0,0,0,0,0,0,0,0,0,0,0,0,0,0,2,0,0,0,0,0,0,2,0,39,39,16,156,0,0,0,0,0,0,0,6,0,0,0,0,32,987,27,56,0,13,0,4,0,0,0,0,0,0,0,0,131,0,1,36,113,0,0,0,0,0,0,0,0,0,0,0,0,0,10,304,0,0,0,128,0,0,0,0,0,0,0,0,143,70,0,95,0,0,0,0,0,0,0,0,0,0,0,0,297,33,0,37,19,0,0,0,0,0,0,0,0,0,0,0,25,3,0,16,0,0,1,0,8,0,0,12,0,0,0,0,634,22,22,69,11,14,0,3,200,0,0,39,0,0,0,0,57,7,0,197,36,0,0,2,0,4,0,0,0,0,0,109,1,0,21,18,1,0,0,4,0,0,0,0,0,0,0,0,11,0,0,4,0,0,0,3,0,0,0,0,0,0,0,0,1997,980,454,1290,36,14,13,418,220,0,0,53,2,35,0,168,291,12,125,93,0,0,4,2,1,0,0,6,0,0,0,2,2737,584,696,1671,500,112,464,192,41,504,66,270,0,0,0,4,198,11,6,204,183,10,17,25,0,0,2,11,0,0,0,0,4521,881,1855,2447,410,134,212,76,424,5,163,0,342,3,0,260,4360,2192,2323,6469,367,5,575,1028,33,20,379,271,376,0,0,5,0,16,3,4,0,0,0,6,2,0,0,0,0,0,0,0,753,34,12,115,19,1,0,22,1,0,0,2,0,0,0,0,371,6,8,30,184,3,3,4,5,1,13,13,4,2,0,10,1350,1292,535,417,501,183,6,5,13,2,12,5,5,0,2,0,755,14,19,574,173,282,2,121,11,158,2,8,57,37,0,5,119,74,2,251,29,0,0,17,0,2,0,41,16,1,0,8,545,23,4,223,0,17,0,0,0,0,0,0,0,3,0,0,0,0,0,0,14,0,0,0,0,0,0,0,0,0,0,0,0,111,12,16,0,0,0,0,0,0,0,0,0,0,0,0,5924,2800,1757,6757,186,47,8,817,62,3,54,123,496,171,0,830,1359,433,123,1430,2,20,11,262,21,0,0,195,101,7,1,56,1943,876,1149,2968,287,5,14,1214,133,17,3,360,124,63,6,237,462,16,0,134,0,0,0,0,0,0,0,0,0,6,0,11,5722,2689,1731,7113,292,0,3,340,620,216,475,720,213,64,37,158,0,0,3,26,0,162,0,5,0,0,0,0,0,0,0,0,231,0,3,15,0,0,0,0,3,0,0,1,0,0,0,0,3338,890,261,874,466,26,30,270,35,0,16,183,6,305,0,59,1176,434,440,706,124,22,0,30,97,2,4,88,25,3,0
0,22,0,242,133,0,0,0,0,0,0,0,0,0,0,0,0,436,0,0,128,5,153,0,22,0,0,0,0,0,0,0,0,12,75,25,57,0,0,0,0,0,2,0,0,0,0,4,19,294,240,228,307,32,285,8,20,0,0,0,0,0,0,0,0,22,22,14,38,0,12,0,0,0,0,8,0,0,0,0,0,15,114,0,7,0,0,0,13,0,0,0,0,0,0,0,0,545,24,81,55,173,53,13,13,0,0,0,0,0,0,0,0,62,53,0,83,0,0,0,9,0,0,0,0,0,0,0,9,265,7,1,36,2,0,0,0,0,3,0,0,0,0,0,0,0,4,0,0,0,0,0,0,0,0,0,0,0,0,0,0,712,155,0,3,0,0,0,2,0,0,0,0,0,0,0,0,256,477,2,151,0,0,0,49,0,0,0,8,0,8,0,0,0,0,0,0,0,0,0,0,0,0,0,0,0,0,0,1,15,1,26,34,0,0,0,26,6,10,0,90,0,0,0,0,159,12,6,54,0,1,0,0,2,2,0,6,14,0,0,5,0,13,0,0,0,0,0,0,7,0,0,0,0,0,0,0,441,20,0,31,0,5,0,0,6,0,0,1,0,0,0,0,19,18,0,35,0,0,0,1,23,1,0,0,0,1,0,9,55,22,10,89,8,0,0,1,0,0,0,0,17,0,0,0,3,1,3,0,1,1,0,0,0,0,0,0,0,0,0,0,4,168,101,57,0,0,0,0,0,6,0,0,0,0,0,0,8,1,1,115,11,65,2,14,16,0,0,0,0,0,0,0,140,44,2,121,0,0,0,5,0,0,0,0,0,0,0,0,9,0,0,3,0,0,0,0,0,0,0,0,13,0,0,0,36,4,2,36,0,0,10,6,0,0,0,4,0,0,0,64,24,1,0,19,0,0,0,109,0,0,0,1,0,0,0,2,35,8,0,10,1,0,0,0,0,1,0,0,0,0,0,0,0,0,0,17,0,0,0,0,0,0,0,0,0,0,0,0,0,0,0,0,0,0,0,2,0,0,0,0,0,0,2,0,39,39,16,156,0,0,0,0,0,0,0,6,0,0,0,0,32,987,27,56,0,13,0,4,0,0,0,0,0,0,0,0,131,0,1,36,113,0,0,0,0,0,0,0,0,0,0,0,0,0,10,304,0,0,0,128,0,0,0,0,0,0,0,0,143,70,0,95,0,0,0,0,0,0,0,0,0,0,0,0,297,33,0,37,19,0,0,0,0,0,0,0,0,0,0,0,25,3,0,16,0,0,1,0,8,0,0,12,0,0,0,0,634,22,22,69,11,14,0,3,200,0,0,39,0,0,0,0,57,7,0,197,36,0,0,2,0,4,0,0,0,0,0,109,1,0,21,18,1,0,0,4,0,0,0,0,0,0,0,0,11,0,0,4,0,0,0,3,0,0,0,0,0,0,0,0,1997,980,454,1290,36,14,13,418,220,0,0,53,2,35,0,168,291,12,125,93,0,0,4,2,1,0,0,6,0,0,0,2,2737,584,696,1671,500,112,464,192,41,504,66,270,0,0,0,4,198,11,6,204,183,10,17,25,0,0,2,11,0,0,0,0,4521,881,1855,2447,410,134,212,76,424,5,163,0,342,3,0,260,4360,2192,2323,6469,367,5,575,1028,33,20,379,271,376,0,0,5,0,16,3,4,0,0,0,6,2,0,0,0,0,0,0,0,753,34,12,115,19,1,0,22,1,0,0,2,0,0,0,0,371,6,8,30,184,3,3,4,5,1,13,13,4,2,0,10,1350,1292,535,417,501,183,6,5,13,2,12,5,5,0,2,0,755,14,19,574,173,282,2,121,11,158,2,8,57,37,0,5,119,74,2,251,29,0,0,17,0,2,0,41,16,1,0,8,545,23,4,223,0,17,0,0,0,0,0,0,0,3,0,0,0,0,0,0,14,0,0,0,0,0,0,0,0,0,0,0,0,111,12,16,0,0,0,0,0,0,0,0,0,0,0,0,5924,2800,1757,6757,186,47,8,817,62,3,54,123,496,171,0,830,1359,433,123,1430,2,20,11,262,21,0,0,195,101,7,1,56,1943,876,1149,2968,287,5,14,1214,133,17,3,360,124,63,6,237,462,16,0,134,0,0,0,0,0,0,0,0,0,6,0,11,5722,2689,1731,7113,292,0,3,340,620,216,475,720,213,64,37,158,0,0,3,26,0,162,0,5,0,0,0,0,0,0,0,0,231,0,3,15,0,0,0,0,3,0,0,1,0,0,0,0,3338,890,261,874,466,26,30,270,35,0,16,183,6,305,0,59,1176,434,440,706,124,22,0,30,97,2,4,88,25,3,0
0,22,0,242,133,0,0,0,0,0,0,0,0,0,0,0,0,436,0,0,128,5,153,0,22,0,0,0,0,0,0,0,0,12,75,25,57,0,0,0,0,0,2,0,0,0,0,4,19,294,240,228,307,32,285,8,20,0,0,0,0,0,0,0,0,22,22,14,38,0,12,0,0,0,0,8,0,0,0,0,0,15,114,0,7,0,0,0,13,0,0,0,0,0,0,0,0,545,24,81,55,173,53,13,13,0,0,0,0,0,0,0,0,62,53,0,83,0,0,0,9,0,0,0,0,0,0,0,9,265,7,1,36,2,0,0,0,0,3,0,0,0,0,0,0,0,4,0,0,0,0,0,0,0,0,0,0,0,0,0,0,712,155,0,3,0,0,0,2,0,0,0,0,0,0,0,0,256,477,2,151,0,0,0,49,0,0,0,8,0,8,0,0,0,0,0,0,0,0,0,0,0,0,0,0,0,0,0,1,15,1,26,34,0,0,0,26,6,10,0,90,0,0,0,0,159,12,6,54,0,1,0,0,2,2,0,6,14,0,0,5,0,13,0,0,0,0,0,0,7,0,0,0,0,0,0,0,441,20,0,31,0,5,0,0,6,0,0,1,0,0,0,0,19,18,0,35,0,0,0,1,23,1,0,0,0,1,0,9,55,22,10,89,8,0,0,1,0,0,0,0,17,0,0,0,3,1,3,0,1,1,0,0,0,0,0,0,0,0,0,0,4,168,101,57,0,0,0,0,0,6,0,0,0,0,0,0,8,1,1,115,11,65,2,14,16,0,0,0,0,0,0,0,140,44,2,121,0,0,0,5,0,0,0,0,0,0,0,0,9,0,0,3,0,0,0,0,0,0,0,0,13,0,0,0,36,4,2,36,0,0,10,6,0,0,0,4,0,0,0,64,24,1,0,19,0,0,0,109,0,0,0,1,0,0,0,2,35,8,0,10,1,0,0,0,0,1,0,0,0,0,0,0,0,0,0,17,0,0,0,0,0,0,0,0,0,0,0,0,0,0,0,0,0,0,0,2,0,0,0,0,0,0,2,0,39,39,16,156,0,0,0,0,0,0,0,6,0,0,0,0,32,987,27,56,0,13,0,4,0,0,0,0,0,0,0,0,131,0,1,36,113,0,0,0,0,0,0,0,0,0,0,0,0,0,10,304,0,0,0,128,0,0,0,0,0,0,0,0,143,70,0,95,0,0,0,0,0,0,0,0,0,0,0,0,297,33,0,37,19,0,0,0,0,0,0,0,0,0,0,0,25,3,0,16,0,0,1,0,8,0,0,12,0,0,0,0,634,22,22,69,11,14,0,3,200,0,0,39,0,0,0,0,57,7,0,197,36,0,0,2,0,4,0,0,0,0,0,109,1,0,21,18,1,0,0,4,0,0,0,0,0,0,0,0,11,0,0,4,0,0,0,3,0,0,0,0,0,0,0,0,1997,980,454,1290,36,14,13,418,220,0,0,53,2,35,0,168,291,12,125,93,0,0,4,2,1,0,0,6,0,0,0,2,2737,584,696,1671,500,112,464,192,41,504,66,270,0,0,0,4,198,11,6,204,183,10,17,25,0,0,2,11,0,0,0,0,4521,881,1855,2447,410,134,212,76,424,5,163,0,342,3,0,260,4360,2192,2323,6469,367,5,575,1028,33,20,379,271,376,0,0,5,0,16,3,4,0,0,0,6,2,0,0,0,0,0,0,0,753,34,12,115,19,1,0,22,1,0,0,2,0,0,0,0,371,6,8,30,184,3,3,4,5,1,13,13,4,2,0,10,1350,1292,535,417,501,183,6,5,13,2,12,5,5,0,2,0,755,14,19,574,173,282,2,121,11,158,2,8,57,37,0,5,119,74,2,251,29,0,0,17,0,2,0,41,16,1,0,8,545,23,4,223,0,17,0,0,0,0,0,0,0,3,0,0,0,0,0,0,14,0,0,0,0,0,0,0,0,0,0,0,0,111,12,16,0,0,0,0,0,0,0,0,0,0,0,0,5924,2800,1757,6757,186,47,8,817,62,3,54,123,496,171,0,830,1359,433,123,1430,2,20,11,262,21,0,0,195,101,7,1,56,1943,876,1149,2968,287,5,14,1214,133,17,3,360,124,63,6,237,462,16,0,134,0,0,0,0,0,0,0,0,0,6,0,11,5722,2689,1731,7113,292,0,3,340,620,216,475,720,213,64,37,158,0,0,3,26,0,162,0,5,0,0,0,0,0,0,0,0,231,0,3,15,0,0,0,0,3,0,0,1,0,0,0,0,3338,890,261,874,466,26,30,270,35,0,16,183,6,305,0,59,1176,434,440,706,124,22,0,30,97,2,4,88,25,3,0
0,22,0,242,133,0,0,0,0,0,0,0,0,0,0,0,0,436,0,0,128,5,153,0,22,0,0,0,0,0,0,0,0,12,75,25,57,0,0,0,0,0,2,0,0,0,0,4,19,294,240,228,307,32,285,8,20,0,0,0,0,0,0,0,0,22,22,14,38,0,12,0,0,0,0,8,0,0,0,0,0,15,114,0,7,0,0,0,13,0,0,0,0,0,0,0,0,545,24,81,55,173,53,13,13,0,0,0,0,0,0,0,0,62,53,0,83,0,0,0,9,0,0,0,0,0,0,0,9,265,7,1,36,2,0,0,0,0,3,0,0,0,0,0,0,0,4,0,0,0,0,0,0,0,0,0,0,0,0,0,0,712,155,0,3,0,0,0,2,0,0,0,0,0,0,0,0,256,477,2,151,0,0,0,49,0,0,0,8,0,8,0,0,0,0,0,0,0,0,0,0,0,0,0,0,0,0,0,1,15,1,26,34,0,0,0,26,6,10,0,90,0,0,0,0,159,12,6,54,0,1,0,0,2,2,0,6,14,0,0,5,0,13,0,0,0,0,0,0,7,0,0,0,0,0,0,0,441,20,0,31,0,5,0,0,6,0,0,1,0,0,0,0,19,18,0,35,0,0,0,1,23,1,0,0,0,1,0,9,55,22,10,89,8,0,0,1,0,0,0,0,17,0,0,0,3,1,3,0,1,1,0,0,0,0,0,0,0,0,0,0,4,168,101,57,0,0,0,0,0,6,0,0,0,0,0,0,8,1,1,115,11,65,2,14,16,0,0,0,0,0,0,0,140,44,2,121,0,0,0,5,0,0,0,0,0,0,0,0,9,0,0,3,0,0,0,0,0,0,0,0,13,0,0,0,36,4,2,36,0,0,10,6,0,0,0,4,0,0,0,64,24,1,0,19,0,0,0,109,0,0,0,1,0,0,0,2,35,8,0,10,1,0,0,0,0,1,0,0,0,0,0,0,0,0,0,17,0,0,0,0,0,0,0,0,0,0,0,0,0,0,0,0,0,0,0,2,0,0,0,0,0,0,2,0,39,39,16,156,0,0,0,0,0,0,0,6,0,0,0,0,32,987,27,56,0,13,0,4,0,0,0,0,0,0,0,0,131,0,1,36,113,0,0,0,0,0,0,0,0,0,0,0,0,0,10,304,0,0,0,128,0,0,0,0,0,0,0,0,143,70,0,95,0,0,0,0,0,0,0,0,0,0,0,0,297,33,0,37,19,0,0,0,0,0,0,0,0,0,0,0,25,3,0,16,0,0,1,0,8,0,0,12,0,0,0,0,634,22,22,69,11,14,0,3,200,0,0,39,0,0,0,0,57,7,0,197,36,0,0,2,0,4,0,0,0,0,0,109,1,0,21,18,1,0,0,4,0,0,0,0,0,0,0,0,11,0,0,4,0,0,0,3,0,0,0,0,0,0,0,0,1997,980,454,1290,36,14,13,418,220,0,0,53,2,35,0,168,291,12,125,93,0,0,4,2,1,0,0,6,0,0,0,2,2737,584,696,1671,500,112,464,192,41,504,66,270,0,0,0,4,198,11,6,204,183,10,17,25,0,0,2,11,0,0,0,0,4521,881,1855,2447,410,134,212,76,424,5,163,0,342,3,0,260,4360,2192,2323,6469,367,5,575,1028,33,20,379,271,376,0,0,5,0,16,3,4,0,0,0,6,2,0,0,0,0,0,0,0,753,34,12,115,19,1,0,22,1,0,0,2,0,0,0,0,371,6,8,30,184,3,3,4,5,1,13,13,4,2,0,10,1350,1292,535,417,501,183,6,5,13,2,12,5,5,0,2,0,755,14,19,574,173,282,2,121,11,158,2,8,57,37,0,5,119,74,2,251,29,0,0,17,0,2,0,41,16,1,0,8,545,23,4,223,0,17,0,0,0,0,0,0,0,3,0,0,0,0,0,0,14,0,0,0,0,0,0,0,0,0,0,0,0,111,12,16,0,0,0,0,0,0,0,0,0,0,0,0,5924,2800,1757,6757,186,47,8,817,62,3,54,123,496,171,0,830,1359,433,123,1430,2,20,11,262,21,0,0,195,101,7,1,56,1943,876,1149,2968,287,5,14,1214,133,17,3,360,124,63,6,237,462,16,0,134,0,0,0,0,0,0,0,0,0,6,0,11,5722,2689,1731,7113,292,0,3,340,620,216,475,720,213,64,37,158,0,0,3,26,0,162,0,5,0,0,0,0,0,0,0,0,231,0,3,15,0,0,0,0,3,0,0,1,0,0,0,0,3338,890,261,874,466,26,30,270,35,0,16,183,6,305,0,59,1176,434,440,706,124,22,0,30,97,2,4,88,25,3,0
0,22,0,242,133,0,0,0,0,0,0,0,0,0,0,0,0,436,0,0,128,5,153,0,22,0,0,0,0,0,0,0,0,12,76,25,57,0,0,0,0,0,2,0,0,0,0,4,19,294,240,228,307,32,285,8,20,0,0,0,0,0,0,0,0,22,22,14,38,0,12,0,0,0,0,8,0,0,0,0,0,15,114,0,7,0,0,0,13,0,0,0,0,0,0,0,0,545,24,81,55,173,53,13,13,0,0,0,0,0,0,0,0,62,53,0,83,0,0,0,9,0,0,0,0,0,0,0,9,265,7,1,36,2,0,0,0,0,3,0,0,0,0,0,0,0,4,0,0,0,0,0,0,0,0,0,0,0,0,0,0,712,155,0,3,0,0,0,2,0,0,0,0,0,0,0,0,256,477,2,151,0,0,0,49,0,0,0,8,0,8,0,0,0,0,0,0,0,0,0,0,0,0,0,0,0,0,0,1,15,1,26,34,0,0,0,26,6,10,0,90,0,0,0,0,159,12,6,54,0,1,0,0,2,2,0,6,14,0,0,5,0,13,0,0,0,0,0,0,7,0,0,0,0,0,0,0,441,20,0,31,0,5,0,0,6,0,0,1,0,0,0,0,19,18,0,35,0,0,0,1,23,1,0,0,0,1,0,9,55,22,10,89,8,0,0,1,0,0,0,0,17,0,0,0,3,1,3,0,1,1,0,0,0,0,0,0,0,0,0,0,4,168,101,57,0,0,0,0,0,6,0,0,0,0,0,0,8,1,1,115,11,65,2,14,16,0,0,0,0,0,0,0,140,44,2,121,0,0,0,5,0,0,0,0,0,0,0,0,9,0,0,3,0,0,0,0,0,0,0,0,13,0,0,0,36,4,2,36,0,0,10,6,0,0,0,4,0,0,0,65,24,1,0,19,0,0,0,109,0,0,0,1,0,0,0,2,35,8,0,10,1,0,0,0,0,1,0,0,0,0,0,0,0,0,0,17,0,0,0,0,0,0,0,0,0,0,0,0,0,0,0,0,0,0,0,2,0,0,0,0,0,0,2,0,39,39,16,156,0,0,0,0,0,0,0,6,0,0,0,0,32,987,27,56,0,13,0,4,0,0,0,0,0,0,0,0,131,0,1,36,113,0,0,0,0,0,0,0,0,0,0,0,0,0,10,304,0,0,0,128,0,0,0,0,0,0,0,0,143,70,0,95,0,0,0,0,0,0,0,0,0,0,0,0,297,33,0,37,19,0,0,0,0,0,0,0,0,0,0,0,25,3,0,16,0,0,1,0,8,0,0,12,0,0,0,0,634,22,22,69,11,14,0,3,200,0,0,39,0,0,0,0,57,7,0,197,36,0,0,2,0,4,0,0,0,0,0,109,1,0,21,18,1,0,0,4,0,0,0,0,0,0,0,0,11,0,0,4,0,0,0,3,0,0,0,0,0,0,0,0,1997,980,454,1290,36,14,13,418,220,0,0,53,2,35,0,168,291,12,125,93,0,0,4,2,1,0,0,6,0,0,0,2,2737,584,696,1671,500,112,464,192,41,504,66,270,0,0,0,4,199,11,6,204,183,10,17,25,0,0,2,11,0,0,0,0,4521,881,1855,2447,410,134,212,76,424,5,163,0,342,3,0,260,4360,2192,2323,6469,367,5,575,1028,33,20,379,271,376,0,0,5,0,16,3,4,0,0,0,6,2,0,0,0,0,0,0,0,753,34,12,115,19,1,0,22,1,0,0,2,0,0,0,0,371,6,8,30,184,3,3,4,5,1,13,13,4,2,0,10,1350,1292,535,417,501,183,6,5,13,2,12,5,5,0,2,0,755,14,19,574,173,282,2,121,11,158,2,8,57,37,0,5,119,74,2,251,29,0,0,17,0,2,0,41,16,1,0,8,545,23,4,223,0,17,0,0,0,0,0,0,0,3,0,0,0,0,0,0,14,0,0,0,0,0,0,0,0,0,0,0,0,111,12,16,0,0,0,0,0,0,0,0,0,0,0,0,5924,2800,1757,6757,186,47,8,817,62,3,54,123,496,171,0,830,1360,434,123,1432,2,20,11,263,21,0,0,195,101,7,1,56,1943,876,1149,2968,287,5,14,1214,133,17,3,360,124,63,6,237,462,16,0,134,0,0,0,0,0,0,0,0,0,6,0,11,5722,2689,1731,7113,292,0,3,340,620,216,475,720,213,64,37,158,0,0,3,26,0,162,0,5,0,0,0,0,0,0,0,0,231,0,3,15,0,0,0,0,3,0,0,1,0,0,0,0,3338,890,261,874,466,26,30,270,35,0,16,183,6,305,0,59,1177,434,440,706,124,22,0,30,97,2,4,88,25,3,0
0,22,0,242,133,0,0,0,0,0,0,0,0,0,0,0,0,436,0,0,128,5,153,0,22,0,0,0,0,0,0,0,0,12,75,25,57,0,0,0,0,0,2,0,0,0,0,4,19,294,240,228,307,32,285,8,20,0,0,0,0,0,0,0,0,22,22,14,38,0,12,0,0,0,0,8,0,0,0,0,0,15,114,0,7,0,0,0,13,0,0,0,0,0,0,0,0,545,24,81,55,173,53,13,13,0,0,0,0,0,0,0,0,62,53,0,83,0,0,0,9,0,0,0,0,0,0,0,9,265,7,1,36,2,0,0,0,0,3,0,0,0,0,0,0,0,4,0,0,0,0,0,0,0,0,0,0,0,0,0,0,712,155,0,3,0,0,0,2,0,0,0,0,0,0,0,0,256,477,2,151,0,0,0,49,0,0,0,8,0,8,0,0,0,0,0,0,0,0,0,0,0,0,0,0,0,0,0,1,15,1,26,34,0,0,0,26,6,10,0,90,0,0,0,0,159,12,6,54,0,1,0,0,2,2,0,6,14,0,0,5,0,13,0,0,0,0,0,0,7,0,0,0,0,0,0,0,441,20,0,31,0,5,0,0,6,0,0,1,0,0,0,0,19,18,0,35,0,0,0,1,23,1,0,0,0,1,0,9,55,22,10,89,8,0,0,1,0,0,0,0,17,0,0,0,3,1,3,0,1,1,0,0,0,0,0,0,0,0,0,0,4,168,101,57,0,0,0,0,0,6,0,0,0,0,0,0,8,1,1,115,11,65,2,14,16,0,0,0,0,0,0,0,140,44,2,121,0,0,0,5,0,0,0,0,0,0,0,0,9,0,0,3,0,0,0,0,0,0,0,0,13,0,0,0,36,4,2,36,0,0,10,6,0,0,0,4,0,0,0,64,24,1,0,19,0,0,0,109,0,0,0,1,0,0,0,2,35,8,0,10,1,0,0,0,0,1,0,0,0,0,0,0,0,0,0,17,0,0,0,0,0,0,0,0,0,0,0,0,0,0,0,0,0,0,0,2,0,0,0,0,0,0,2,0,39,39,16,156,0,0,0,0,0,0,0,6,0,0,0,0,32,987,27,56,0,13,0,4,0,0,0,0,0,0,0,0,131,0,1,36,113,0,0,0,0,0,0,0,0,0,0,0,0,0,10,304,0,0,0,128,0,0,0,0,0,0,0,0,143,70,0,95,0,0,0,0,0,0,0,0,0,0,0,0,297,33,0,37,19,0,0,0,0,0,0,0,0,0,0,0,25,3,0,16,0,0,1,0,8,0,0,12,0,0,0,0,634,22,22,70,11,14,0,3,200,0,0,39,0,0,0,0,57,7,0,197,36,0,0,2,0,4,0,0,0,0,0,109,1,0,21,18,1,0,0,4,0,0,0,0,0,0,0,0,11,0,0,4,0,0,0,3,0,0,0,0,0,0,0,0,1997,980,454,1290,36,14,13,418,220,0,0,53,2,35,0,168,291,12,125,93,0,0,4,2,1,0,0,6,0,0,0,2,2737,584,696,1671,500,112,464,192,41,504,66,270,0,0,0,4,198,11,6,204,183,10,17,25,0,0,2,11,0,0,0,0,4521,881,1855,2447,410,134,212,76,424,5,163,0,342,3,0,260,4360,2192,2323,6469,367,5,575,1028,33,20,379,271,376,0,0,5,0,16,3,4,0,0,0,6,2,0,0,0,0,0,0,0,753,34,12,115,19,1,0,22,1,0,0,2,0,0,0,0,371,6,8,30,184,3,3,4,5,1,13,13,4,2,0,10,1350,1292,535,417,501,183,6,5,13,2,12,5,5,0,2,0,755,14,19,574,173,282,2,121,12,158,2,8,57,37,0,5,119,74,2,251,29,0,0,17,0,2,0,41,16,1,0,8,545,23,4,223,0,17,0,0,0,0,0,0,0,3,0,0,0,0,0,0,14,0,0,0,0,0,0,0,0,0,0,0,0,111,12,16,0,0,0,0,0,0,0,0,0,0,0,0,5924,2800,1757,6757,186,47,8,817,62,3,54,123,496,171,0,830,1361,434,123,1431,2,20,12,262,21,0,0,195,101,7,1,56,1943,876,1149,2968,287,5,14,1214,133,17,3,360,124,63,6,237,463,16,0,134,0,0,0,0,0,0,0,0,0,6,0,11,5722,2689,1731,7113,292,0,3,340,620,216,475,720,213,64,37,158,0,0,3,26,0,162,0,5,0,0,0,0,0,0,0,0,231,0,3,15,0,0,0,0,3,0,0,1,0,0,0,0,3338,890,261,874,466,26,30,270,35,0,16,183,6,305,0,59,1176,434,440,706,124,22,0,30,97,2,4,88,25,3,0
0,22,0,242,133,0,0,0,0,0,0,0,0,0,0,0,0,436,0,0,128,5,153,0,22,0,0,0,0,0,0,0,0,12,75,25,57,0,0,0,0,0,2,0,0,0,0,4,19,294,240,228,307,32,285,8,20,0,0,0,0,0,0,0,0,22,22,14,38,0,12,0,0,0,0,8,0,0,0,0,0,15,114,0,7,0,0,0,13,0,0,0,0,0,0,0,0,545,24,81,55,173,53,13,13,0,0,0,0,0,0,0,0,62,53,0,83,0,0,0,9,0,0,0,0,0,0,0,9,265,7,1,36,2,0,0,0,0,3,0,0,0,0,0,0,0,4,0,0,0,0,0,0,0,0,0,0,0,0,0,0,712,155,0,3,0,0,0,2,0,0,0,0,0,0,0,0,256,478,2,151,0,0,0,49,0,0,0,8,0,8,0,0,0,0,0,0,0,0,0,0,0,0,0,0,0,0,0,1,15,1,26,34,0,0,0,26,6,10,0,90,0,0,0,0,159,12,6,54,0,1,0,0,2,2,0,6,14,0,0,5,0,13,0,0,0,0,0,0,7,0,0,0,0,0,0,0,441,20,0,31,0,5,0,0,6,0,0,1,0,0,0,0,19,18,0,35,0,0,0,1,23,1,0,0,0,1,0,9,55,22,10,89,8,0,0,1,0,0,0,0,17,0,0,0,3,1,3,0,1,1,0,0,0,0,0,0,0,0,0,0,4,168,101,57,0,0,0,0,0,6,0,0,0,0,0,0,8,1,1,115,11,65,2,14,16,0,0,0,0,0,0,0,140,44,2,121,0,0,0,5,0,0,0,0,0,0,0,0,9,0,0,3,0,0,0,0,0,0,0,0,13,0,0,0,36,4,2,36,0,0,10,6,0,0,0,4,0,0,0,64,24,1,0,19,0,0,0,109,0,0,0,1,0,0,0,2,35,8,0,10,1,0,0,0,0,1,0,0,0,0,0,0,0,0,0,17,0,0,0,0,0,0,0,0,0,0,0,0,0,0,0,0,0,0,0,2,0,0,0,0,0,0,2,0,39,39,16,156,0,0,0,0,0,0,0,6,0,0,0,0,32,987,27,56,0,13,0,4,0,0,0,0,0,0,0,0,131,0,1,36,113,0,0,0,0,0,0,0,0,0,0,0,0,0,10,304,0,0,0,128,0,0,0,0,0,0,0,0,143,70,0,95,0,0,0,0,0,0,0,0,0,0,0,0,297,33,0,37,19,0,0,0,0,0,0,0,0,0,0,0,25,3,0,16,0,0,1,0,8,0,0,12,0,0,0,0,634,22,22,69,11,14,0,3,200,0,0,39,0,0,0,0,57,7,0,197,36,0,0,2,0,4,0,0,0,0,0,109,1,0,21,18,1,0,0,4,0,0,0,0,0,0,0,0,11,0,0,4,0,0,0,3,0,0,0,0,0,0,0,0,1999,980,454,1290,36,14,13,418,220,0,0,53,2,35,0,168,291,12,125,93,0,0,4,2,1,0,0,6,0,0,0,2,2737,584,696,1671,500,112,464,192,41,504,66,270,0,0,0,4,198,11,6,204,183,10,17,25,0,0,2,11,0,0,0,0,4521,881,1855,2447,410,134,212,76,424,5,163,0,342,3,0,260,4360,2192,2323,6469,367,5,575,1028,33,20,379,271,376,0,0,5,0,16,3,4,0,0,0,6,2,0,0,0,0,0,0,0,753,34,12,115,19,1,0,22,1,0,0,2,0,0,0,0,371,6,8,30,184,3,3,4,5,1,13,13,4,2,0,10,1350,1293,535,417,501,183,6,5,13,2,12,5,5,0,2,0,755,14,19,574,173,282,2,121,11,158,2,8,57,37,0,5,119,74,2,251,29,0,0,17,0,2,0,41,16,1,0,8,545,23,4,223,0,17,0,0,0,0,0,0,0,3,0,0,0,0,0,0,14,0,0,0,0,0,0,0,0,0,0,0,0,111,12,16,0,0,0,0,0,0,0,0,0,0,0,0,5925,2800,1757,6757,186,47,8,817,62,3,54,123,496,171,0,830,1359,433,123,1430,2,20,11,262,21,0,0,195,101,7,1,56,1943,876,1149,2968,287,5,14,1214,133,17,3,360,124,63,6,237,462,16,0,134,0,0,0,0,0,0,0,0,0,6,0,11,5722,2689,1731,7113,292,0,3,340,620,216,475,720,213,64,37,158,0,0,3,26,0,162,0,5,0,0,0,0,0,0,0,0,231,0,3,15,0,0,0,0,3,0,0,1,0,0,0,0,3338,890,261,874,466,26,30,270,35,0,16,183,6,305,0,59,1176,434,440,706,124,22,0,30,97,2,4,88,25,3,0
0,22,0,242,133,0,0,0,0,0,0,0,0,0,0,0,0,436,0,0,128,5,153,0,22,0,0,0,0,0,0,0,0,12,75,25,57,0,0,0,0,0,2,0,0,0,0,4,19,294,240,228,307,32,285,8,20,0,0,0,0,0,0,0,0,22,22,14,38,0,12,0,0,0,0,8,0,0,0,0,0,15,114,0,7,0,0,0,13,0,0,0,0,0,0,0,0,545,24,81,55,173,53,13,13,0,0,0,0,0,0,0,0,62,53,0,83,0,0,0,9,0,0,0,0,0,0,0,9,265,7,1,36,2,0,0,0,0,3,0,0,0,0,0,0,0,4,0,0,0,0,0,0,0,0,0,0,0,0,0,0,712,155,0,3,0,0,0,2,0,0,0,0,0,0,0,0,256,477,2,151,0,0,0,49,0,0,0,8,0,8,0,0,0,0,0,0,0,0,0,0,0,0,0,0,0,0,0,1,15,1,26,34,0,0,0,26,6,10,0,90,0,0,0,0,159,12,6,54,0,1,0,0,2,2,0,6,14,0,0,5,0,13,0,0,0,0,0,0,7,0,0,0,0,0,0,0,441,20,0,31,0,5,0,0,6,0,0,1,0,0,0,0,19,18,0,35,0,0,0,1,23,1,0,0,0,1,0,9,55,22,10,89,8,0,0,1,0,0,0,0,17,0,0,0,3,1,3,0,1,1,0,0,0,0,0,0,0,0,0,0,4,168,101,57,0,0,0,0,0,6,0,0,0,0,0,0,8,1,1,115,11,65,2,14,16,0,0,0,0,0,0,0,140,44,2,121,0,0,0,5,0,0,0,0,0,0,0,0,9,0,0,3,0,0,0,0,0,0,0,0,13,0,0,0,36,4,2,36,0,0,10,6,0,0,0,4,0,0,0,64,24,1,0,19,0,0,0,109,0,0,0,1,0,0,0,2,35,8,0,10,1,0,0,0,0,1,0,0,0,0,0,0,0,0,0,17,0,0,0,0,0,0,0,0,0,0,0,0,0,0,0,0,0,0,0,2,0,0,0,0,0,0,2,0,39,39,16,156,0,0,0,0,0,0,0,6,0,0,0,0,32,987,27,56,0,13,0,4,0,0,0,0,0,0,0,0,131,0,1,36,113,0,0,0,0,0,0,0,0,0,0,0,0,0,10,304,0,0,0,128,0,0,0,0,0,0,0,0,143,70,0,95,0,0,0,0,0,0,0,0,0,0,0,0,297,33,0,37,19,0,0,0,0,0,0,0,0,0,0,0,25,3,0,16,0,0,1,0,8,0,0,12,0,0,0,0,634,22,22,69,11,14,0,3,200,0,0,39,0,0,0,0,57,7,0,197,36,0,0,2,0,4,0,0,0,0,0,109,1,0,21,18,1,0,0,4,0,0,0,0,0,0,0,0,11,0,0,4,0,0,0,3,0,0,0,0,0,0,0,0,1997,980,454,1290,36,14,13,418,220,0,0,53,2,35,0,168,291,12,125,93,0,0,4,2,1,0,0,6,0,0,0,2,2737,584,696,1671,500,112,464,192,41,504,66,270,0,0,0,4,198,11,6,204,183,10,17,25,0,0,2,11,0,0,0,0,4521,881,1855,2447,410,134,212,76,424,5,163,0,342,3,0,260,4360,2192,2323,6469,367,5,575,1028,33,20,379,271,376,0,0,5,0,16,3,4,0,0,0,6,2,0,0,0,0,0,0,0,753,34,12,115,19,1,0,22,1,0,0,2,0,0,0,0,371,6,8,30,184,3,3,4,5,1,13,13,4,2,0,10,1350,1292,535,417,501,183,6,5,13,2,12,5,5,0,2,0,755,14,19,574,173,282,2,121,11,158,2,8,57,37,0,5,119,74,2,251,29,0,0,17,0,2,0,41,16,1,0,8,545,23,4,223,0,17,0,0,0,0,0,0,0,3,0,0,0,0,0,0,14,0,0,0,0,0,0,0,0,0,0,0,0,111,12,16,0,0,0,0,0,0,0,0,0,0,0,0,5924,2800,1757,6757,186,47,8,817,62,3,54,123,496,171,0,830,1359,433,123,1430,2,20,11,262,21,0,0,195,101,7,1,56,1943,876,1149,2968,287,5,14,1214,133,17,3,360,124,63,6,237,462,16,0,134,0,0,0,0,0,0,0,0,0,6,0,11,5722,2689,1731,7113,292,0,3,340,620,216,475,720,213,64,37,158,0,0,3,26,0,162,0,5,0,0,0,0,0,0,0,0,231,0,3,15,0,0,0,0,3,0,0,1,0,0,0,0,3338,890,261,874,466,26,30,270,35,0,16,183,6,305,0,59,1176,434,440,706,124,22,0,30,97,2,4,88,25,3,0
0,22,0,242,133,0,0,0,0,0,0,0,0,0,0,0,0,436,0,0,128,5,153,0,22,0,0,0,0,0,0,0,0,12,75,25,57,0,0,0,0,0,2,0,0,0,0,4,19,294,240,228,307,32,285,8,20,0,0,0,0,0,0,0,0,22,22,14,38,0,12,0,0,0,0,8,0,0,0,0,0,15,114,0,7,0,0,0,13,0,0,0,0,0,0,0,0,545,24,81,55,173,53,13,13,0,0,0,0,0,0,0,0,62,53,0,83,0,0,0,9,0,0,0,0,0,0,0,9,265,7,1,36,2,0,0,0,0,3,0,0,0,0,0,0,0,4,0,0,0,0,0,0,0,0,0,0,0,0,0,0,712,155,0,3,0,0,0,2,0,0,0,0,0,0,0,0,256,478,2,151,0,0,0,49,0,0,0,8,0,8,0,0,0,0,0,0,0,0,0,0,0,0,0,0,0,0,0,1,15,1,26,34,0,0,0,26,6,10,0,90,0,0,0,0,159,12,6,54,0,1,0,0,2,2,0,6,14,0,0,5,0,13,0,0,0,0,0,0,7,0,0,0,0,0,0,0,441,20,0,31,0,5,0,0,6,0,0,1,0,0,0,0,19,18,0,35,0,0,0,1,23,1,0,0,0,1,0,9,55,22,10,89,8,0,0,1,0,0,0,0,17,0,0,0,3,1,3,0,1,1,0,0,0,0,0,0,0,0,0,0,4,168,101,57,0,0,0,0,0,6,0,0,0,0,0,0,8,1,1,115,11,65,2,14,16,0,0,0,0,0,0,0,140,44,2,121,0,0,0,5,0,0,0,0,0,0,0,0,9,0,0,3,0,0,0,0,0,0,0,0,13,0,0,0,36,4,2,36,0,0,10,6,0,0,0,4,0,0,0,64,24,1,0,19,0,0,0,109,0,0,0,1,0,0,0,2,35,8,0,10,1,0,0,0,0,1,0,0,0,0,0,0,0,0,0,17,0,0,0,0,0,0,0,0,0,0,0,0,0,0,0,0,0,0,0,2,0,0,0,0,0,0,2,0,39,39,16,156,0,0,0,0,0,0,0,6,0,0,0,0,32,987,27,56,0,13,0,4,0,0,0,0,0,0,0,0,131,0,1,36,113,0,0,0,0,0,0,0,0,0,0,0,0,0,10,304,0,0,0,128,0,0,0,0,0,0,0,0,143,70,0,95,0,0,0,0,0,0,0,0,0,0,0,0,297,33,0,37,19,0,0,0,0,0,0,0,0,0,0,0,25,3,0,16,0,0,1,0,8,0,0,12,0,0,0,0,634,22,22,69,11,14,0,3,200,0,0,39,0,0,0,0,57,7,0,197,36,0,0,2,0,4,0,0,0,0,0,109,1,0,21,18,1,0,0,4,0,0,0,0,0,0,0,0,11,0,0,4,0,0,0,3,0,0,0,0,0,0,0,0,1999,980,454,1290,36,14,13,418,220,0,0,53,2,35,0,168,291,12,125,93,0,0,4,2,1,0,0,6,0,0,0,2,2737,584,696,1671,500,112,464,192,41,504,66,270,0,0,0,4,198,11,6,204,183,10,17,25,0,0,2,11,0,0,0,0,4521,881,1855,2447,410,134,212,76,424,5,163,0,342,3,0,260,4360,2192,2323,6469,367,5,575,1028,33,20,379,271,376,0,0,5,0,16,3,4,0,0,0,6,2,0,0,0,0,0,0,0,753,34,12,115,19,1,0,22,1,0,0,2,0,0,0,0,371,6,8,30,184,3,3,4,5,1,13,13,4,2,0,10,1350,1293,535,417,501,183,6,5,13,2,12,5,5,0,2,0,755,14,19,574,173,282,2,121,11,158,2,8,57,37,0,5,119,74,2,251,29,0,0,17,0,2,0,41,16,1,0,8,545,23,4,223,0,17,0,0,0,0,0,0,0,3,0,0,0,0,0,0,14,0,0,0,0,0,0,0,0,0,0,0,0,111,12,16,0,0,0,0,0,0,0,0,0,0,0,0,5925,2800,1757,6757,186,47,8,817,62,3,54,123,496,171,0,830,1359,433,123,1430,2,20,11,262,21,0,0,195,101,7,1,56,1943,876,1149,2968,287,5,14,1214,133,17,3,360,124,63,6,237,462,16,0,134,0,0,0,0,0,0,0,0,0,6,0,11,5722,2689,1731,7113,292,0,3,340,620,216,475,720,213,64,37,158,0,0,3,26,0,162,0,5,0,0,0,0,0,0,0,0,231,0,3,15,0,0,0,0,3,0,0,1,0,0,0,0,3338,890,261,874,466,26,30,270,35,0,16,183,6,305,0,59,1176,434,440,706,124,22,0,30,97,2,4,88,25,3,0
0,22,0,243,133,0,0,0,0,0,0,0,0,0,0,0,0,436,0,0,128,5,153,0,22,0,0,0,0,0,0,0,0,12,75,25,57,0,0,0,0,0,2,0,0,0,0,4,19,294,240,228,307,32,285,8,20,0,0,0,0,0,0,0,0,22,22,14,38,0,12,0,0,0,0,8,0,0,0,0,0,15,114,0,7,0,0,0,13,0,0,0,0,0,0,0,0,545,24,81,55,173,53,13,13,0,0,0,0,0,0,0,0,62,53,0,83,0,0,0,9,0,0,0,0,0,0,0,9,265,7,1,36,2,0,0,0,0,3,0,0,0,0,0,0,0,4,0,0,0,0,0,0,0,0,0,0,0,0,0,0,712,155,0,3,0,0,0,2,0,0,0,0,0,0,0,0,257,477,2,151,0,0,0,49,0,0,0,8,0,8,0,0,0,0,0,0,0,0,0,0,0,0,0,0,0,0,0,1,15,1,26,34,0,0,0,26,6,10,0,90,0,0,0,0,159,12,6,54,0,1,0,0,2,2,0,6,14,0,0,5,0,13,0,0,0,0,0,0,7,0,0,0,0,0,0,0,441,20,0,31,0,5,0,0,6,0,0,1,0,0,0,0,19,18,0,35,0,0,0,1,23,1,0,0,0,1,0,9,55,22,10,89,8,0,0,1,0,0,0,0,17,0,0,0,3,1,3,0,1,1,0,0,0,0,0,0,0,0,0,0,4,168,101,57,0,0,0,0,0,6,0,0,0,0,0,0,8,1,1,115,11,65,2,14,16,0,0,0,0,0,0,0,140,44,2,121,0,0,0,5,0,0,0,0,0,0,0,0,9,0,0,3,0,0,0,0,0,0,0,0,13,0,0,0,36,4,2,36,0,0,10,6,0,0,0,4,0,0,0,64,24,1,0,19,0,0,0,109,0,0,0,1,0,0,0,2,35,8,0,10,1,0,0,0,0,1,0,0,0,0,0,0,0,0,0,17,0,0,0,0,0,0,0,0,0,0,0,0,0,0,0,0,0,0,0,2,0,0,0,0,0,0,2,0,39,39,16,156,0,0,0,0,0,0,0,6,0,0,0,0,32,987,27,56,0,13,0,4,0,0,0,0,0,0,0,0,131,0,1,36,113,0,0,0,0,0,0,0,0,0,0,0,0,0,10,304,0,0,0,128,0,0,0,0,0,0,0,0,143,70,0,95,0,0,0,0,0,0,0,0,0,0,0,0,297,33,0,37,19,0,0,0,0,0,0,0,0,0,0,0,25,3,0,16,0,0,1,0,8,0,0,12,0,0,0,0,635,22,22,69,11,14,0,3,200,0,0,39,0,0,0,0,57,7,0,197,36,0,0,2,0,4,0,0,0,0,0,109,1,0,21,18,1,0,0,4,0,0,0,0,0,0,0,0,11,0,0,4,0,0,0,3,0,0,0,0,0,0,0,0,1997,983,454,1291,36,14,13,419,221,0,0,53,2,35,0,168,291,12,125,93,0,0,4,2,1,0,0,6,0,0,0,2,2737,584,696,1671,500,112,464,192,41,504,66,270,0,0,0,4,198,11,6,204,183,10,17,25,0,0,2,11,0,0,0,0,4521,881,1855,2447,410,134,212,76,424,5,163,0,342,3,0,260,4360,2192,2323,6469,367,5,575,1028,33,20,379,271,376,0,0,5,0,16,3,4,0,0,0,6,2,0,0,0,0,0,0,0,754,34,12,115,19,1,0,22,1,0,0,2,0,0,0,0,371,6,8,30,184,3,3,4,5,1,13,13,4,2,0,10,1351,1292,535,417,501,183,6,5,13,2,12,5,5,0,2,0,755,14,19,574,173,282,2,121,11,158,2,8,57,37,0,5,119,74,2,251,29,0,0,17,0,2,0,41,16,1,0,8,545,23,4,223,0,17,0,0,0,0,0,0,0,3,0,0,0,0,0,0,14,0,0,0,0,0,0,0,0,0,0,0,0,111,12,16,0,0,0,0,0,0,0,0,0,0,0,0,5924,2800,1758,6757,186,47,8,817,62,3,54,123,496,171,0,830,1359,433,123,1430,2,20,11,262,21,0,0,195,101,7,1,56,1943,876,1149,2968,287,5,14,1214,133,17,3,360,124,63,6,237,462,16,0,134,0,0,0,0,0,0,0,0,0,6,0,11,5722,2689,1731,7113,292,0,3,340,620,216,475,720,213,64,37,158,0,0,3,26,0,162,0,5,0,0,0,0,0,0,0,0,231,0,3,15,0,0,0,0,3,0,0,1,0,0,0,0,3339,890,261,874,466,26,30,271,35,0,16,183,6,305,0,59,1176,434,440,706,124,22,0,30,97,2,4,88,25,3,0
0,22,0,242,133,0,0,0,0,0,0,0,0,0,0,0,0,436,0,0,128,5,153,0,22,0,0,0,0,0,0,0,0,12,75,25,57,0,0,0,0,0,2,0,0,0,0,4,19,294,240,228,307,32,285,8,20,0,0,0,0,0,0,0,0,22,22,14,38,0,12,0,0,0,0,8,0,0,0,0,0,15,114,0,7,0,0,0,13,0,0,0,0,0,0,0,0,545,24,81,55,173,53,13,13,0,0,0,0,0,0,0,0,62,53,0,83,0,0,0,9,0,0,0,0,0,0,0,9,265,7,1,36,2,0,0,0,0,3,0,0,0,0,0,0,0,4,0,0,0,0,0,0,0,0,0,0,0,0,0,0,712,155,0,3,0,0,0,2,0,0,0,0,0,0,0,0,256,477,2,151,0,0,0,49,0,0,0,8,0,8,0,0,0,0,0,0,0,0,0,0,0,0,0,0,0,0,0,1,15,1,26,34,0,0,0,26,6,10,0,90,0,0,0,0,159,12,6,54,0,1,0,0,2,2,0,6,14,0,0,5,0,13,0,0,0,0,0,0,7,0,0,0,0,0,0,0,441,20,0,31,0,5,0,0,6,0,0,1,0,0,0,0,19,18,0,35,0,0,0,1,23,1,0,0,0,1,0,9,55,22,10,89,8,0,0,1,0,0,0,0,17,0,0,0,3,1,3,0,1,1,0,0,0,0,0,0,0,0,0,0,4,168,101,57,0,0,0,0,0,6,0,0,0,0,0,0,8,1,1,115,11,65,2,14,16,0,0,0,0,0,0,0,140,44,2,121,0,0,0,5,0,0,0,0,0,0,0,0,9,0,0,3,0,0,0,0,0,0,0,0,13,0,0,0,36,4,2,36,0,0,10,6,0,0,0,4,0,0,0,64,24,1,0,19,0,0,0,109,0,0,0,1,0,0,0,2,35,8,0,10,1,0,0,0,0,1,0,0,0,0,0,0,0,0,0,17,0,0,0,0,0,0,0,0,0,0,0,0,0,0,0,0,0,0,0,2,0,0,0,0,0,0,2,0,39,39,16,156,0,0,0,0,0,0,0,6,0,0,0,0,32,987,27,56,0,13,0,4,0,0,0,0,0,0,0,0,131,0,1,36,113,0,0,0,0,0,0,0,0,0,0,0,0,0,10,304,0,0,0,128,0,0,0,0,0,0,0,0,143,70,0,95,0,0,0,0,0,0,0,0,0,0,0,0,297,33,0,37,19,0,0,0,0,0,0,0,0,0,0,0,25,3,0,16,0,0,1,0,8,0,0,12,0,0,0,0,634,22,22,69,11,14,0,3,200,0,0,39,0,0,0,0,57,7,0,197,36,0,0,2,0,4,0,0,0,0,0,109,1,0,21,18,1,0,0,4,0,0,0,0,0,0,0,0,11,0,0,4,0,0,0,3,0,0,0,0,0,0,0,0,1997,980,454,1290,36,14,13,418,220,0,0,53,2,35,0,168,291,12,125,93,0,0,4,2,1,0,0,6,0,0,0,2,2737,584,696,1671,500,112,464,192,41,504,66,270,0,0,0,4,198,11,6,205,184,10,17,25,0,0,2,11,0,0,0,0,4521,881,1855,2447,410,134,212,76,424,5,163,0,342,3,0,260,4360,2192,2323,6469,367,5,575,1028,33,20,379,271,376,0,0,5,0,16,3,4,0,0,0,6,2,0,0,0,0,0,0,0,753,34,12,115,19,1,0,22,1,0,0,2,0,0,0,0,371,6,8,30,184,3,3,4,5,1,13,13,4,2,0,10,1350,1292,535,417,501,183,6,5,13,2,12,5,5,0,2,0,755,14,19,574,173,282,2,121,11,158,2,8,57,37,0,5,119,74,2,252,29,0,0,17,0,2,0,41,16,1,0,8,545,23,4,224,0,17,0,0,0,0,0,0,0,3,0,0,0,0,0,0,14,0,0,0,0,0,0,0,0,0,0,0,0,111,12,16,0,0,0,0,0,0,0,0,0,0,0,0,5924,2800,1757,6757,186,47,8,817,62,3,54,123,496,171,0,830,1359,433,123,1430,2,20,11,262,21,0,0,195,101,7,1,56,1943,876,1149,2968,287,5,14,1214,133,17,3,360,124,63,6,237,462,16,0,134,0,0,0,0,0,0,0,0,0,6,0,11,5722,2689,1731,7114,292,0,3,340,620,216,475,720,213,64,37,158,0,0,3,26,0,162,0,5,0,0,0,0,0,0,0,0,231,0,3,15,0,0,0,0,3,0,0,1,0,0,0,0,3338,890,261,874,466,26,30,270,35,0,16,183,6,305,0,59,1176,434,440,706,124,22,0,30,97,2,4,88,25,3,0
0,22,0,242,133,0,0,0,0,0,0,0,0,0,0,0,0,436,0,0,128,5,153,0,22,0,0,0,0,0,0,0,0,12,75,25,57,0,0,0,0,0,2,0,0,0,0,4,19,294,240,229,307,32,285,8,20,0,0,0,0,0,0,0,0,22,22,14,38,0,12,0,0,0,0,8,0,0,0,0,0,15,114,0,7,0,0,0,13,0,0,0,0,0,0,0,0,545,24,81,55,173,53,13,13,0,0,0,0,0,0,0,0,62,53,0,83,0,0,0,9,0,0,0,0,0,0,0,9,265,7,1,36,2,0,0,0,0,3,0,0,0,0,0,0,0,4,0,0,0,0,0,0,0,0,0,0,0,0,0,0,712,155,0,3,0,0,0,2,0,0,0,0,0,0,0,0,256,477,2,151,0,0,0,49,0,0,0,8,0,8,0,0,0,0,0,0,0,0,0,0,0,0,0,0,0,0,0,1,15,1,26,34,0,0,0,26,6,10,0,90,0,0,0,0,159,12,6,54,0,1,0,0,2,2,0,6,14,0,0,5,0,13,0,0,0,0,0,0,7,0,0,0,0,0,0,0,441,20,0,31,0,5,0,0,6,0,0,1,0,0,0,0,19,18,0,35,0,0,0,1,23,1,0,0,0,1,0,9,55,22,10,89,8,0,0,1,0,0,0,0,17,0,0,0,3,1,3,0,1,1,0,0,0,0,0,0,0,0,0,0,4,168,101,57,0,0,0,0,0,6,0,0,0,0,0,0,8,1,1,115,11,65,2,14,16,0,0,0,0,0,0,0,140,44,2,121,0,0,0,5,0,0,0,0,0,0,0,0,9,0,0,3,0,0,0,0,0,0,0,0,13,0,0,0,36,4,2,36,0,0,10,6,0,0,0,4,0,0,0,64,24,1,0,19,0,0,0,109,0,0,0,1,0,0,0,2,35,8,0,10,1,0,0,0,0,1,0,0,0,0,0,0,0,0,0,17,0,0,0,0,0,0,0,0,0,0,0,0,0,0,0,0,0,0,0,2,0,0,0,0,0,0,2,0,39,39,16,156,0,0,0,0,0,0,0,6,0,0,0,0,32,987,27,57,0,13,0,4,0,0,0,0,0,0,0,0,131,0,1,36,113,0,0,0,0,0,0,0,0,0,0,0,0,0,10,304,0,0,0,128,0,0,0,0,0,0,0,0,143,70,0,95,0,0,0,0,0,0,0,0,0,0,0,0,297,33,0,37,19,0,0,0,0,0,0,0,0,0,0,0,25,3,0,16,0,0,1,0,8,0,0,12,0,0,0,0,634,22,22,69,11,14,0,3,200,0,0,39,0,0,0,0,57,7,0,197,36,0,0,2,0,4,0,0,0,0,0,109,1,0,21,18,1,0,0,4,0,0,0,0,0,0,0,0,11,0,0,4,0,0,0,3,0,0,0,0,0,0,0,0,1997,980,454,1290,36,14,13,418,220,0,0,53,2,35,0,169,291,12,125,93,0,0,4,2,1,0,0,6,0,0,0,2,2738,585,697,1673,500,112,464,192,42,504,66,270,0,0,0,4,198,11,6,204,183,10,17,25,0,0,2,11,0,0,0,0,4521,881,1855,2447,410,134,212,76,424,5,163,0,342,3,0,260,4360,2192,2323,6469,367,5,575,1028,33,20,379,271,376,0,0,5,0,16,3,4,0,0,0,6,2,0,0,0,0,0,0,0,753,34,12,115,19,1,0,22,1,0,0,2,0,0,0,0,371,6,8,30,184,3,3,4,5,1,13,13,4,2,0,10,1352,1292,535,417,501,183,6,5,13,2,12,5,5,0,2,0,755,14,19,574,173,282,2,121,11,158,2,8,57,37,0,5,119,74,2,251,29,0,0,17,0,2,0,41,16,1,0,8,545,23,4,223,0,17,0,0,0,0,0,0,0,3,0,0,0,0,0,0,14,0,0,0,0,0,0,0,0,0,0,0,0,111,12,16,0,0,0,0,0,0,0,0,0,0,0,0,5924,2800,1759,6760,186,48,8,819,62,3,54,123,496,171,0,830,1359,433,123,1430,2,20,11,262,21,0,0,195,101,7,1,56,1943,876,1149,2970,287,5,14,1215,133,17,3,360,124,63,6,237,462,16,0,135,0,0,0,0,0,0,0,0,0,6,0,11,5722,2689,1731,7113,292,0,3,340,620,216,475,720,213,64,37,158,0,0,3,26,0,162,0,5,0,0,0,0,0,0,0,0,231,0,3,15,0,0,0,0,3,0,0,1,0,0,0,0,3338,891,261,874,466,26,30,270,35,0,16,183,6,305,0,59,1177,434,440,706,124,22,0,30,97,2,4,88,25,3,0
0,22,0,242,133,0,0,0,0,0,0,0,0,0,0,0,0,436,0,0,128,5,153,0,22,0,0,0,0,0,0,0,0,12,75,25,57,0,0,0,0,0,2,0,0,0,0,4,19,294,240,228,307,32,285,8,20,0,0,0,0,0,0,0,0,22,22,14,38,0,12,0,0,0,0,8,0,0,0,0,0,15,114,0,7,0,0,0,13,0,0,0,0,0,0,0,0,545,24,81,55,173,53,13,13,0,0,0,0,0,0,0,0,62,53,0,83,0,0,0,9,0,0,0,0,0,0,0,9,265,7,1,36,2,0,0,0,0,3,0,0,0,0,0,0,0,4,0,0,0,0,0,0,0,0,0,0,0,0,0,0,712,155,0,3,0,0,0,2,0,0,0,0,0,0,0,0,256,477,2,151,0,0,0,49,0,0,0,8,0,8,0,0,0,0,0,0,0,0,0,0,0,0,0,0,0,0,0,1,15,1,26,34,0,0,0,26,6,10,0,90,0,0,0,0,159,12,6,54,0,1,0,0,2,2,0,6,14,0,0,5,0,13,0,0,0,0,0,0,7,0,0,0,0,0,0,0,441,20,0,31,0,5,0,0,6,0,0,1,0,0,0,0,19,18,0,35,0,0,0,1,23,1,0,0,0,1,0,9,55,22,10,89,8,0,0,1,0,0,0,0,17,0,0,0,3,1,3,0,1,1,0,0,0,0,0,0,0,0,0,0,4,168,101,57,0,0,0,0,0,6,0,0,0,0,0,0,8,1,1,115,11,65,2,14,16,0,0,0,0,0,0,0,140,44,2,121,0,0,0,5,0,0,0,0,0,0,0,0,9,0,0,3,0,0,0,0,0,0,0,0,13,0,0,0,36,4,2,36,0,0,10,6,0,0,0,4,0,0,0,64,24,1,0,19,0,0,0,109,0,0,0,1,0,0,0,2,35,8,0,10,1,0,0,0,0,1,0,0,0,0,0,0,0,0,0,17,0,0,0,0,0,0,0,0,0,0,0,0,0,0,0,0,0,0,0,2,0,0,0,0,0,0,2,0,39,39,16,156,0,0,0,0,0,0,0,6,0,0,0,0,32,987,27,56,0,13,0,4,0,0,0,0,0,0,0,0,131,0,1,36,113,0,0,0,0,0,0,0,0,0,0,0,0,0,10,304,0,0,0,128,0,0,0,0,0,0,0,0,143,70,0,95,0,0,0,0,0,0,0,0,0,0,0,0,297,33,0,37,19,0,0,0,0,0,0,0,0,0,0,0,25,3,0,16,0,0,1,0,8,0,0,12,0,0,0,0,634,22,22,69,11,14,0,3,200,0,0,39,0,0,0,0,57,7,0,197,36,0,0,2,0,4,0,0,0,0,0,109,1,0,21,18,1,0,0,4,0,0,0,0,0,0,0,0,11,0,0,4,0,0,0,3,0,0,0,0,0,0,0,0,1997,980,454,1290,36,14,13,418,220,0,0,53,2,35,0,168,291,12,125,93,0,0,4,2,1,0,0,6,0,0,0,2,2737,584,696,1671,500,112,464,192,41,504,66,270,0,0,0,4,198,11,6,205,184,10,17,25,0,0,2,11,0,0,0,0,4521,881,1855,2447,410,134,212,76,424,5,163,0,342,3,0,260,4360,2192,2323,6469,367,5,575,1028,33,20,379,271,376,0,0,5,0,16,3,4,0,0,0,6,2,0,0,0,0,0,0,0,753,34,12,115,19,1,0,22,1,0,0,2,0,0,0,0,371,6,8,30,184,3,3,4,5,1,13,13,4,2,0,10,1350,1292,535,417,501,183,6,5,13,2,12,5,5,0,2,0,755,14,19,574,173,282,2,121,11,158,2,8,57,37,0,5,119,74,2,252,29,0,0,17,0,2,0,41,16,1,0,8,545,23,4,224,0,17,0,0,0,0,0,0,0,3,0,0,0,0,0,0,14,0,0,0,0,0,0,0,0,0,0,0,0,111,12,16,0,0,0,0,0,0,0,0,0,0,0,0,5924,2800,1757,6757,186,47,8,817,62,3,54,123,496,171,0,830,1359,433,123,1430,2,20,11,262,21,0,0,195,101,7,1,56,1943,876,1149,2968,287,5,14,1214,133,17,3,360,124,63,6,237,462,16,0,134,0,0,0,0,0,0,0,0,0,6,0,11,5722,2689,1731,7114,292,0,3,340,620,216,475,720,213,64,37,158,0,0,3,26,0,162,0,5,0,0,0,0,0,0,0,0,231,0,3,15,0,0,0,0,3,0,0,1,0,0,0,0,3338,890,261,874,466,26,30,270,35,0,16,183,6,305,0,59,1176,434,440,706,124,22,0,30,97,2,4,88,25,3,0
0,22,0,242,133,0,0,0,0,0,0,0,0,0,0,0,0,436,0,0,128,5,153,0,22,0,0,0,0,0,0,0,0,12,75,25,57,0,0,0,0,0,2,0,0,0,0,4,19,294,240,228,307,32,285,8,20,0,0,0,0,0,0,0,0,22,22,14,38,0,12,0,0,0,0,8,0,0,0,0,0,15,114,0,7,0,0,0,13,0,0,0,0,0,0,0,0,545,24,81,55,173,53,13,13,0,0,0,0,0,0,0,0,62,53,0,83,0,0,0,9,0,0,0,0,0,0,0,9,265,7,1,36,2,0,0,0,0,3,0,0,0,0,0,0,0,4,0,0,0,0,0,0,0,0,0,0,0,0,0,0,712,155,0,3,0,0,0,2,0,0,0,0,0,0,0,0,256,477,2,151,0,0,0,49,0,0,0,8,0,8,0,0,0,0,0,0,0,0,0,0,0,0,0,0,0,0,0,1,15,1,26,34,0,0,0,26,6,10,0,90,0,0,0,0,159,12,6,54,0,1,0,0,2,2,0,6,14,0,0,5,0,13,0,0,0,0,0,0,7,0,0,0,0,0,0,0,441,20,0,31,0,5,0,0,6,0,0,1,0,0,0,0,19,18,0,35,0,0,0,1,23,1,0,0,0,1,0,9,55,22,10,89,8,0,0,1,0,0,0,0,17,0,0,0,3,1,3,0,1,1,0,0,0,0,0,0,0,0,0,0,4,168,101,57,0,0,0,0,0,6,0,0,0,0,0,0,8,1,1,115,11,65,2,14,16,0,0,0,0,0,0,0,140,44,2,121,0,0,0,5,0,0,0,0,0,0,0,0,9,0,0,3,0,0,0,0,0,0,0,0,13,0,0,0,36,4,2,36,0,0,10,6,0,0,0,4,0,0,0,64,24,1,0,19,0,0,0,109,0,0,0,1,0,0,0,2,35,8,0,10,1,0,0,0,0,1,0,0,0,0,0,0,0,0,0,17,0,0,0,0,0,0,0,0,0,0,0,0,0,0,0,0,0,0,0,2,0,0,0,0,0,0,2,0,39,39,16,156,0,0,0,0,0,0,0,6,0,0,0,0,32,987,27,56,0,13,0,4,0,0,0,0,0,0,0,0,131,0,1,36,113,0,0,0,0,0,0,0,0,0,0,0,0,0,10,304,0,0,0,128,0,0,0,0,0,0,0,0,143,70,0,95,0,0,0,0,0,0,0,0,0,0,0,0,297,33,0,37,19,0,0,0,0,0,0,0,0,0,0,0,25,3,0,16,0,0,1,0,8,0,0,12,0,0,0,0,634,22,22,69,11,14,0,3,200,0,0,39,0,0,0,0,57,7,0,197,36,0,0,2,0,4,0,0,0,0,0,109,1,0,21,18,1,0,0,4,0,0,0,0,0,0,0,0,11,0,0,4,0,0,0,3,0,0,0,0,0,0,0,0,1997,980,454,1290,36,14,13,418,220,0,0,53,2,35,0,168,291,12,125,93,0,0,4,2,1,0,0,6,0,0,0,2,2737,584,696,1671,500,112,464,192,41,504,66,270,0,0,0,4,198,11,6,204,183,10,17,25,0,0,2,11,0,0,0,0,4523,881,1855,2447,410,134,212,76,424,5,163,0,342,3,0,260,4361,2193,2323,6469,367,5,575,1028,33,20,379,271,376,0,0,5,0,16,3,4,0,0,0,6,2,0,0,0,0,0,0,0,753,34,12,115,19,1,0,22,1,0,0,2,0,0,0,0,371,6,8,30,184,3,3,4,5,1,13,13,4,2,0,10,1350,1292,535,417,501,183,6,5,13,2,12,5,5,0,2,0,755,14,19,574,173,282,2,121,11,158,2,8,57,37,0,5,119,74,2,251,29,0,0,17,0,2,0,41,16,1,0,8,545,23,4,223,0,17,0,0,0,0,0,0,0,3,0,0,0,0,0,0,14,0,0,0,0,0,0,0,0,0,0,0,0,111,12,16,0,0,0,0,0,0,0,0,0,0,0,0,5924,2800,1757,6757,186,47,8,817,62,3,54,123,496,171,0,830,1359,433,123,1430,2,20,11,262,21,0,0,195,101,7,1,56,1943,876,1149,2968,287,5,14,1214,133,17,3,360,124,63,6,237,462,16,0,134,0,0,0,0,0,0,0,0,0,6,0,11,5724,2689,1731,7113,292,0,3,340,620,216,475,720,213,64,37,158,0,0,3,26,0,162,0,5,0,0,0,0,0,0,0,0,231,0,3,15,0,0,0,0,3,0,0,1,0,0,0,0,3338,890,261,874,466,26,30,270,35,0,16,183,6,305,0,59,1176,434,440,706,124,22,0,30,97,2,4,88,25,3,0
0,22,0,242,133,0,0,0,0,0,0,0,0,0,0,0,0,436,0,0,128,5,153,0,22,0,0,0,0,0,0,0,0,12,75,25,57,0,0,0,0,0,2,0,0,0,0,4,19,294,240,228,307,32,285,8,20,0,0,0,0,0,0,0,0,22,22,14,38,0,12,0,0,0,0,8,0,0,0,0,0,15,114,0,7,0,0,0,13,0,0,0,0,0,0,0,0,545,24,81,55,173,53,13,13,0,0,0,0,0,0,0,0,62,53,0,83,0,0,0,9,0,0,0,0,0,0,0,9,265,7,1,36,2,0,0,0,0,3,0,0,0,0,0,0,0,4,0,0,0,0,0,0,0,0,0,0,0,0,0,0,712,155,0,3,0,0,0,2,0,0,0,0,0,0,0,0,256,477,2,151,0,0,0,49,0,0,0,8,0,8,0,0,0,0,0,0,0,0,0,0,0,0,0,0,0,0,0,1,15,1,26,34,0,0,0,26,6,10,0,90,0,0,0,0,159,12,6,54,0,1,0,0,2,2,0,6,14,0,0,5,0,13,0,0,0,0,0,0,7,0,0,0,0,0,0,0,441,20,0,31,0,5,0,0,6,0,0,1,0,0,0,0,19,18,0,35,0,0,0,1,23,1,0,0,0,1,0,9,55,22,10,89,8,0,0,1,0,0,0,0,17,0,0,0,3,1,3,0,1,1,0,0,0,0,0,0,0,0,0,0,4,168,101,57,0,0,0,0,0,6,0,0,0,0,0,0,8,1,1,115,11,65,2,14,16,0,0,0,0,0,0,0,140,44,2,121,0,0,0,5,0,0,0,0,0,0,0,0,9,0,0,3,0,0,0,0,0,0,0,0,13,0,0,0,36,4,2,36,0,0,10,6,0,0,0,4,0,0,0,64,24,1,0,19,0,0,0,109,0,0,0,1,0,0,0,2,35,8,0,10,1,0,0,0,0,1,0,0,0,0,0,0,0,0,0,17,0,0,0,0,0,0,0,0,0,0,0,0,0,0,0,0,0,0,0,2,0,0,0,0,0,0,2,0,39,39,16,156,0,0,0,0,0,0,0,6,0,0,0,0,32,987,27,56,0,13,0,4,0,0,0,0,0,0,0,0,131,0,1,36,113,0,0,0,0,0,0,0,0,0,0,0,0,0,10,304,0,0,0,128,0,0,0,0,0,0,0,0,143,70,0,95,0,0,0,0,0,0,0,0,0,0,0,0,297,33,0,37,19,0,0,0,0,0,0,0,0,0,0,0,25,3,0,16,0,0,1,0,8,0,0,12,0,0,0,0,634,22,22,69,11,14,0,3,200,0,0,39,0,0,0,0,57,7,0,197,36,0,0,2,0,4,0,0,0,0,0,109,1,0,21,18,1,0,0,4,0,0,0,0,0,0,0,0,11,0,0,4,0,0,0,3,0,0,0,0,0,0,0,0,1997,980,454,1291,36,14,13,418,220,0,0,53,2,35,0,168,292,12,126,93,0,0,4,2,1,0,0,6,0,0,0,2,2737,584,696,1671,500,112,464,192,41,504,66,270,0,0,0,4,198,11,6,204,183,10,17,25,0,0,2,11,0,0,0,0,4521,881,1855,2447,410,134,212,76,424,5,163,0,342,3,0,260,4360,2192,2323,6469,367,5,575,1028,33,20,379,271,376,0,0,5,0,16,3,4,0,0,0,6,2,0,0,0,0,0,0,0,753,34,12,115,19,1,0,22,1,0,0,2,0,0,0,0,374,6,8,30,184,3,3,4,5,1,13,13,4,2,0,10,1350,1292,535,417,501,183,6,5,13,2,12,5,5,0,2,0,755,14,19,574,173,282,2,121,11,158,2,8,57,37,0,5,119,74,2,251,29,0,0,17,0,2,0,41,16,1,0,8,545,23,4,223,0,17,0,0,0,0,0,0,0,3,0,0,0,0,0,0,14,0,0,0,0,0,0,0,0,0,0,0,0,112,12,16,0,0,0,0,0,0,0,0,0,0,0,0,5924,2800,1757,6757,186,47,8,817,62,3,54,123,496,171,0,830,1360,433,123,1432,2,20,11,262,21,0,0,195,101,7,1,56,1943,876,1149,2968,287,5,14,1214,133,17,3,360,124,63,6,237,462,16,0,134,0,0,0,0,0,0,0,0,0,6,0,11,5722,2689,1731,7113,292,0,3,340,620,216,475,720,213,64,37,158,0,0,3,26,0,162,0,5,0,0,0,0,0,0,0,0,233,0,3,15,0,0,0,0,3,0,0,1,0,0,0,0,3338,890,261,875,466,26,30,270,35,0,16,183,6,305,0,59,1176,436,440,707,124,22,0,30,97,2,4,88,25,3,0
0,22,0,242,133,0,0,0,0,0,0,0,0,0,0,0,0,436,0,0,128,5,153,0,22,0,0,0,0,0,0,0,0,12,75,25,57,0,0,0,0,0,2,0,0,0,0,4,19,294,240,228,307,32,285,8,20,0,0,0,0,0,0,0,0,22,22,14,38,0,12,0,0,0,0,8,0,0,0,0,0,15,114,0,7,0,0,0,13,0,0,0,0,0,0,0,0,545,24,81,55,173,53,13,13,0,0,0,0,0,0,0,0,62,53,0,83,0,0,0,9,0,0,0,0,0,0,0,9,265,7,1,36,2,0,0,0,0,3,0,0,0,0,0,0,0,4,0,0,0,0,0,0,0,0,0,0,0,0,0,0,712,155,0,3,0,0,0,2,0,0,0,0,0,0,0,0,256,477,2,151,0,0,0,49,0,0,0,8,0,8,0,0,0,0,0,0,0,0,0,0,0,0,0,0,0,0,0,1,15,1,26,34,0,0,0,26,6,10,0,90,0,0,0,0,159,12,6,54,0,1,0,0,2,2,0,6,14,0,0,5,0,13,0,0,0,0,0,0,7,0,0,0,0,0,0,0,441,20,0,31,0,5,0,0,6,0,0,1,0,0,0,0,19,18,0,35,0,0,0,1,23,1,0,0,0,1,0,9,55,22,10,89,8,0,0,1,0,0,0,0,17,0,0,0,3,1,3,0,1,1,0,0,0,0,0,0,0,0,0,0,4,168,101,57,0,0,0,0,0,6,0,0,0,0,0,0,8,1,1,115,11,65,2,14,16,0,0,0,0,0,0,0,140,44,2,121,0,0,0,5,0,0,0,0,0,0,0,0,9,0,0,3,0,0,0,0,0,0,0,0,13,0,0,0,36,4,2,36,0,0,10,6,0,0,0,4,0,0,0,64,24,1,0,19,0,0,0,109,0,0,0,1,0,0,0,2,35,8,0,10,1,0,0,0,0,1,0,0,0,0,0,0,0,0,0,17,0,0,0,0,0,0,0,0,0,0,0,0,0,0,0,0,0,0,0,2,0,0,0,0,0,0,2,0,39,39,16,156,0,0,0,0,0,0,0,6,0,0,0,0,32,987,27,56,0,13,0,4,0,0,0,0,0,0,0,0,131,0,1,36,113,0,0,0,0,0,0,0,0,0,0,0,0,0,10,304,0,0,0,128,0,0,0,0,0,0,0,0,143,70,0,95,0,0,0,0,0,0,0,0,0,0,0,0,297,33,0,37,19,0,0,0,0,0,0,0,0,0,0,0,25,3,0,16,0,0,1,0,8,0,0,12,0,0,0,0,634,22,22,69,11,14,0,3,200,0,0,39,0,0,0,0,57,7,0,197,36,0,0,2,0,4,0,0,0,0,0,109,1,0,21,18,1,0,0,4,0,0,0,0,0,0,0,0,11,0,0,4,0,0,0,3,0,0,0,0,0,0,0,0,1997,980,454,1290,36,14,13,418,220,0,0,53,2,35,0,168,291,12,125,93,0,0,4,2,1,0,0,6,0,0,0,2,2737,584,696,1671,500,112,464,192,41,504,66,270,0,0,0,4,198,11,6,204,183,10,17,25,0,0,2,11,0,0,0,0,4521,881,1855,2447,410,134,212,76,424,5,163,0,342,3,0,260,4360,2192,2323,6469,367,5,575,1028,33,20,379,271,376,0,0,5,0,16,3,4,0,0,0,6,2,0,0,0,0,0,0,0,753,34,12,115,19,1,0,22,1,0,0,2,0,0,0,0,371,6,8,30,184,3,3,4,5,1,13,13,4,2,0,10,1350,1292,535,417,501,183,6,5,13,2,12,5,5,0,2,0,755,14,19,574,173,282,2,121,11,158,2,8,57,37,0,5,119,74,2,251,29,0,0,17,0,2,0,41,16,1,0,8,545,23,4,223,0,17,0,0,0,0,0,0,0,3,0,0,0,0,0,0,14,0,0,0,0,0,0,0,0,0,0,0,0,111,12,16,0,0,0,0,0,0,0,0,0,0,0,0,5925,2800,1757,6757,186,47,8,817,62,3,54,123,496,171,0,830,1360,433,123,1430,2,20,11,262,21,0,0,195,101,7,1,56,1943,876,1149,2968,287,5,14,1214,133,17,3,360,124,63,6,237,463,16,0,134,0,0,0,0,0,0,0,0,0,6,0,11,5722,2689,1731,7113,292,0,3,340,620,216,475,721,213,64,37,158,0,0,3,26,0,162,0,5,0,0,0,0,0,0,0,0,231,0,3,15,0,0,0,0,3,0,0,1,0,0,0,0,3338,890,261,874,466,26,30,270,35,0,16,183,6,305,0,59,1176,434,440,706,124,22,0,30,97,2,4,88,25,3,0
0,22,0,242,133,0,0,0,0,0,0,0,0,0,0,0,0,436,0,0,129,5,153,0,22,0,0,0,0,0,0,0,0,12,75,25,57,0,0,0,0,0,2,0,0,0,0,4,19,294,241,228,309,32,285,8,20,0,0,0,0,0,0,0,0,22,22,14,38,0,12,0,0,0,0,8,0,0,0,0,0,15,114,0,7,0,0,0,13,0,0,0,0,0,0,0,0,546,24,81,55,173,53,13,13,0,0,0,0,0,0,0,0,62,53,0,83,0,0,0,9,0,0,0,0,0,0,0,9,266,7,1,36,2,0,0,0,0,3,0,0,0,0,0,0,0,4,0,0,0,0,0,0,0,0,0,0,0,0,0,0,712,155,0,3,0,0,0,2,0,0,0,0,0,0,0,0,256,477,2,151,0,0,0,49,0,0,0,8,0,8,0,0,0,0,0,0,0,0,0,0,0,0,0,0,0,0,0,1,15,1,26,34,0,0,0,26,6,10,0,90,0,0,0,0,159,12,6,54,0,1,0,0,2,2,0,6,14,0,0,5,0,13,0,0,0,0,0,0,7,0,0,0,0,0,0,0,441,20,0,31,0,5,0,0,6,0,0,1,0,0,0,0,19,18,0,35,0,0,0,1,23,1,0,0,0,1,0,9,55,22,10,89,8,0,0,1,0,0,0,0,17,0,0,0,3,1,3,0,1,1,0,0,0,0,0,0,0,0,0,0,4,168,101,57,0,0,0,0,0,6,0,0,0,0,0,0,8,1,1,115,11,65,2,14,16,0,0,0,0,0,0,0,140,44,2,121,0,0,0,5,0,0,0,0,0,0,0,0,9,0,0,3,0,0,0,0,0,0,0,0,13,0,0,0,36,4,2,36,0,0,10,6,0,0,0,4,0,0,0,64,24,1,0,19,0,0,0,109,0,0,0,1,0,0,0,2,35,8,0,10,1,0,0,0,0,1,0,0,0,0,0,0,0,0,0,17,0,0,0,0,0,0,0,0,0,0,0,0,0,0,0,0,0,0,0,2,0,0,0,0,0,0,2,0,39,39,16,156,0,0,0,0,0,0,0,6,0,0,0,0,32,987,27,56,0,13,0,4,0,0,0,0,0,0,0,0,131,0,1,36,113,0,0,0,0,0,0,0,0,0,0,0,0,0,10,304,0,0,0,128,0,0,0,0,0,0,0,0,143,70,0,95,0,0,0,0,0,0,0,0,0,0,0,0,297,33,0,37,19,0,0,0,0,0,0,0,0,0,0,0,25,3,0,16,0,0,1,0,8,0,0,12,0,0,0,0,634,22,22,69,11,14,0,3,200,0,0,39,0,0,0,0,57,7,0,197,36,0,0,2,0,4,0,0,0,0,0,109,1,0,21,18,1,0,0,4,0,0,0,0,0,0,0,0,11,0,0,4,0,0,0,3,0,0,0,0,0,0,0,0,1997,980,454,1290,36,14,13,418,220,0,0,53,2,35,0,168,291,12,125,93,0,0,4,2,1,0,0,6,0,0,0,2,2737,584,696,1671,500,112,464,192,41,504,66,270,0,0,0,4,198,11,6,204,183,10,17,25,0,0,2,11,0,0,0,0,4521,881,1855,2447,410,134,212,76,424,5,163,0,342,3,0,260,4365,2192,2324,6471,368,5,575,1028,33,20,379,271,376,0,0,5,0,16,3,4,0,0,0,6,2,0,0,0,0,0,0,0,753,34,12,115,19,1,0,22,1,0,0,2,0,0,0,0,371,6,8,30,184,3,3,4,5,1,13,13,4,2,0,10,1352,1292,535,417,501,183,6,5,13,2,12,5,5,0,2,0,755,14,19,574,173,282,2,121,11,158,2,8,57,37,0,5,119,75,2,251,29,0,0,17,0,2,0,41,16,1,0,8,545,23,4,223,0,17,0,0,0,0,0,0,0,3,0,0,0,0,0,0,14,0,0,0,0,0,0,0,0,0,0,0,0,111,12,16,0,0,0,0,0,0,0,0,0,0,0,0,5924,2800,1757,6757,186,47,8,817,62,3,54,123,496,171,0,830,1359,433,123,1430,2,20,11,262,21,0,0,195,101,7,1,56,1943,876,1149,2969,287,5,14,1215,133,17,3,360,124,63,6,237,462,16,0,134,0,0,0,0,0,0,0,0,0,6,0,11,5722,2689,1731,7115,292,0,3,340,620,216,475,720,213,64,37,158,0,0,3,26,0,162,0,5,0,0,0,0,0,0,0,0,231,0,3,15,0,0,0,0,3,0,0,1,0,0,0,0,3338,890,261,874,466,26,30,270,35,0,16,183,6,305,0,59,1176,434,440,706,124,22,0,30,97,2,4,88,25,3,0
0,22,0,242,133,0,0,0,0,0,0,0,0,0,0,0,0,436,0,0,128,5,153,0,22,0,0,0,0,0,0,0,0,12,75,25,57,0,0,0,0,0,2,0,0,0,0,4,19,294,240,228,307,32,285,8,20,0,0,0,0,0,0,0,0,22,22,14,38,0,12,0,0,0,0,8,0,0,0,0,0,15,114,0,7,0,0,0,13,0,0,0,0,0,0,0,0,545,24,81,55,173,53,13,13,0,0,0,0,0,0,0,0,62,53,0,83,0,0,0,9,0,0,0,0,0,0,0,9,265,7,1,36,2,0,0,0,0,3,0,0,0,0,0,0,0,4,0,0,0,0,0,0,0,0,0,0,0,0,0,0,712,155,0,3,0,0,0,2,0,0,0,0,0,0,0,0,256,477,2,151,0,0,0,49,0,0,0,8,0,8,0,0,0,0,0,0,0,0,0,0,0,0,0,0,0,0,0,1,15,1,26,34,0,0,0,26,6,10,0,90,0,0,0,0,159,12,6,54,0,1,0,0,2,2,0,6,14,0,0,5,0,13,0,0,0,0,0,0,7,0,0,0,0,0,0,0,441,20,0,31,0,5,0,0,6,0,0,1,0,0,0,0,19,18,0,35,0,0,0,1,23,1,0,0,0,1,0,9,55,22,10,89,8,0,0,1,0,0,0,0,17,0,0,0,3,1,3,0,1,1,0,0,0,0,0,0,0,0,0,0,4,168,101,57,0,0,0,0,0,6,0,0,0,0,0,0,8,1,1,115,11,65,2,14,16,0,0,0,0,0,0,0,140,44,2,121,0,0,0,5,0,0,0,0,0,0,0,0,9,0,0,3,0,0,0,0,0,0,0,0,13,0,0,0,36,4,2,36,0,0,10,6,0,0,0,4,0,0,0,64,24,1,0,19,0,0,0,109,0,0,0,1,0,0,0,2,35,8,0,10,1,0,0,0,0,1,0,0,0,0,0,0,0,0,0,17,0,0,0,0,0,0,0,0,0,0,0,0,0,0,0,0,0,0,0,2,0,0,0,0,0,0,2,0,39,39,16,156,0,0,0,0,0,0,0,6,0,0,0,0,32,987,27,56,0,13,0,4,0,0,0,0,0,0,0,0,131,0,1,36,113,0,0,0,0,0,0,0,0,0,0,0,0,0,10,304,0,0,0,128,0,0,0,0,0,0,0,0,143,70,0,95,0,0,0,0,0,0,0,0,0,0,0,0,297,33,0,37,19,0,0,0,0,0,0,0,0,0,0,0,25,3,0,16,0,0,1,0,8,0,0,12,0,0,0,0,634,22,22,69,11,14,0,3,200,0,0,39,0,0,0,0,57,7,0,197,36,0,0,2,0,4,0,0,0,0,0,109,1,0,21,18,1,0,0,4,0,0,0,0,0,0,0,0,11,0,0,4,0,0,0,3,0,0,0,0,0,0,0,0,1997,980,454,1290,36,14,13,418,220,0,0,53,2,35,0,168,291,12,125,93,0,0,4,2,1,0,0,6,0,0,0,2,2737,584,696,1671,500,112,464,192,41,504,66,270,0,0,0,4,198,11,6,204,183,10,17,25,0,0,2,11,0,0,0,0,4521,881,1855,2447,410,134,212,76,424,5,163,0,342,3,0,260,4360,2192,2324,6471,367,5,575,1028,33,20,380,271,377,0,0,5,0,16,3,4,0,0,0,6,2,0,0,0,0,0,0,0,753,34,12,115,19,1,0,22,1,0,0,2,0,0,0,0,371,6,8,30,184,3,3,4,5,1,13,13,4,2,0,10,1350,1292,535,417,501,183,6,5,13,2,12,5,5,0,2,0,755,14,19,574,173,282,2,121,11,158,2,8,57,37,0,5,119,74,2,251,29,0,0,17,0,2,0,41,16,1,0,8,545,23,4,223,0,17,0,0,0,0,0,0,0,3,0,0,0,0,0,0,14,0,0,0,0,0,0,0,0,0,0,0,0,111,12,16,0,0,0,0,0,0,0,0,0,0,0,0,5924,2800,1757,6757,186,47,8,817,62,3,54,123,496,171,0,830,1359,433,123,1430,2,20,11,262,21,0,0,195,101,7,1,56,1943,876,1150,2968,287,5,14,1214,133,17,3,360,124,63,6,237,462,16,0,134,0,0,0,0,0,0,0,0,0,6,0,11,5722,2689,1732,7114,292,0,3,340,620,216,475,720,213,64,37,158,0,0,3,26,0,162,0,5,0,0,0,0,0,0,0,0,231,0,3,15,0,0,0,0,3,0,0,1,0,0,0,0,3338,890,261,874,466,26,30,270,35,0,16,183,6,305,0,59,1176,434,440,706,124,22,0,30,97,2,4,88,25,3,0
0,22,0,242,133,0,0,0,0,0,0,0,0,0,0,0,0,436,0,0,128,5,153,0,22,0,0,0,0,0,0,0,0,12,75,25,57,0,0,0,0,0,2,0,0,0,0,4,19,294,240,228,307,32,285,8,20,0,0,0,0,0,0,0,0,22,22,14,38,0,12,0,0,0,0,8,0,0,0,0,0,15,114,0,7,0,0,0,13,0,0,0,0,0,0,0,0,545,24,81,55,173,53,13,13,0,0,0,0,0,0,0,0,62,53,0,83,0,0,0,9,0,0,0,0,0,0,0,9,265,7,1,36,2,0,0,0,0,3,0,0,0,0,0,0,0,4,0,0,0,0,0,0,0,0,0,0,0,0,0,0,712,155,0,3,0,0,0,2,0,0,0,0,0,0,0,0,256,477,2,151,0,0,0,49,0,0,0,8,0,8,0,0,0,0,0,0,0,0,0,0,0,0,0,0,0,0,0,1,15,1,26,34,0,0,0,26,6,10,0,90,0,0,0,0,159,12,6,54,0,1,0,0,2,2,0,6,14,0,0,5,0,13,0,0,0,0,0,0,7,0,0,0,0,0,0,0,441,20,0,31,0,5,0,0,6,0,0,1,0,0,0,0,19,18,0,35,0,0,0,1,23,1,0,0,0,1,0,9,55,22,10,89,8,0,0,1,0,0,0,0,17,0,0,0,3,1,3,0,1,1,0,0,0,0,0,0,0,0,0,0,4,168,101,57,0,0,0,0,0,6,0,0,0,0,0,0,8,1,1,115,11,65,2,14,16,0,0,0,0,0,0,0,140,44,2,121,0,0,0,5,0,0,0,0,0,0,0,0,9,0,0,3,0,0,0,0,0,0,0,0,13,0,0,0,36,4,2,36,0,0,10,6,0,0,0,4,0,0,0,64,24,1,0,19,0,0,0,109,0,0,0,1,0,0,0,2,35,8,0,10,1,0,0,0,0,1,0,0,0,0,0,0,0,0,0,17,0,0,0,0,0,0,0,0,0,0,0,0,0,0,0,0,0,0,0,2,0,0,0,0,0,0,2,0,39,39,16,156,0,0,0,0,0,0,0,6,0,0,0,0,32,987,27,56,0,13,0,4,0,0,0,0,0,0,0,0,131,0,1,36,113,0,0,0,0,0,0,0,0,0,0,0,0,0,10,304,0,0,0,128,0,0,0,0,0,0,0,0,143,70,0,95,0,0,0,0,0,0,0,0,0,0,0,0,297,33,0,37,19,0,0,0,0,0,0,0,0,0,0,0,25,3,0,16,0,0,1,0,8,0,0,12,0,0,0,0,634,22,22,69,11,14,0,3,200,0,0,39,0,0,0,0,57,7,0,197,36,0,0,2,0,4,0,0,0,0,0,109,1,0,21,18,1,0,0,4,0,0,0,0,0,0,0,0,11,0,0,4,0,0,0,3,0,0,0,0,0,0,0,0,1997,980,454,1290,36,14,13,418,220,0,0,53,2,35,0,168,291,12,125,93,0,0,4,2,1,0,0,6,0,0,0,2,2737,584,696,1671,500,112,464,192,41,504,66,270,0,0,0,4,198,11,6,204,183,10,17,25,0,0,2,11,0,0,0,0,4521,881,1855,2447,410,134,212,76,424,5,163,0,342,3,0,260,4360,2192,2323,6469,367,5,575,1028,33,20,379,271,376,0,0,5,0,16,3,4,0,0,0,6,2,0,0,0,0,0,0,0,753,34,12,115,19,1,0,22,1,0,0,2,0,0,0,0,371,6,8,30,184,3,3,4,5,1,13,13,4,2,0,10,1350,1292,535,417,501,183,6,5,13,2,12,5,5,0,2,0,755,14,19,574,173,282,2,121,11,158,2,8,57,37,0,5,119,74,2,251,29,0,0,17,0,2,0,41,16,1,0,8,545,23,4,223,0,17,0,0,0,0,0,0,0,3,0,0,0,0,0,0,14,0,0,0,0,0,0,0,0,0,0,0,0,111,12,16,0,0,0,0,0,0,0,0,0,0,0,0,5924,2800,1757,6757,186,47,8,817,62,3,54,123,496,171,0,830,1359,433,123,1430,2,20,11,262,21,0,0,195,101,7,1,56,1943,876,1149,2968,287,5,14,1214,133,17,3,360,124,63,6,237,462,16,0,134,0,0,0,0,0,0,0,0,0,6,0,11,5722,2689,1731,7113,292,0,3,340,620,216,475,720,213,64,37,158,0,0,3,26,0,162,0,5,0,0,0,0,0,0,0,0,231,0,3,15,0,0,0,0,3,0,0,1,0,0,0,0,3338,890,261,874,466,26,30,270,35,0,16,183,6,305,0,59,1176,434,440,706,124,22,0,30,97,2,4,88,25,3,0
0,22,0,242,133,0,0,0,0,0,0,0,0,0,0,0,0,436,0,0,128,5,153,0,22,0,0,0,0,0,0,0,0,12,75,25,57,0,0,0,0,0,2,0,0,0,0,4,19,294,240,228,307,32,285,8,20,0,0,0,0,0,0,0,0,22,22,14,38,0,12,0,0,0,0,8,0,0,0,0,0,15,114,0,7,0,0,0,13,0,0,0,0,0,0,0,0,545,24,81,55,173,53,13,13,0,0,0,0,0,0,0,0,62,53,0,83,0,0,0,9,0,0,0,0,0,0,0,9,265,7,1,36,2,0,0,0,0,3,0,0,0,0,0,0,0,4,0,0,0,0,0,0,0,0,0,0,0,0,0,0,712,155,0,3,0,0,0,2,0,0,0,0,0,0,0,0,256,477,2,151,0,0,0,49,0,0,0,8,0,8,0,0,0,0,0,0,0,0,0,0,0,0,0,0,0,0,0,1,15,1,26,34,0,0,0,26,6,10,0,90,0,0,0,0,159,12,6,54,0,1,0,0,2,2,0,6,14,0,0,5,0,13,0,0,0,0,0,0,7,0,0,0,0,0,0,0,441,20,0,31,0,5,0,0,6,0,0,1,0,0,0,0,19,18,0,35,0,0,0,1,23,1,0,0,0,1,0,9,55,22,10,89,8,0,0,1,0,0,0,0,17,0,0,0,3,1,3,0,1,1,0,0,0,0,0,0,0,0,0,0,4,168,101,57,0,0,0,0,0,6,0,0,0,0,0,0,8,1,1,115,11,65,2,14,16,0,0,0,0,0,0,0,140,44,2,121,0,0,0,5,0,0,0,0,0,0,0,0,9,0,0,3,0,0,0,0,0,0,0,0,13,0,0,0,36,4,2,36,0,0,10,6,0,0,0,4,0,0,0,64,24,1,0,19,0,0,0,109,0,0,0,1,0,0,0,2,35,8,0,10,1,0,0,0,0,1,0,0,0,0,0,0,0,0,0,17,0,0,0,0,0,0,0,0,0,0,0,0,0,0,0,0,0,0,0,2,0,0,0,0,0,0,2,0,39,39,16,156,0,0,0,0,0,0,0,6,0,0,0,0,32,987,27,56,0,13,0,4,0,0,0,0,0,0,0,0,131,0,1,36,113,0,0,0,0,0,0,0,0,0,0,0,0,0,10,304,0,0,0,128,0,0,0,0,0,0,0,0,143,70,0,95,0,0,0,0,0,0,0,0,0,0,0,0,297,33,0,37,19,0,0,0,0,0,0,0,0,0,0,0,25,3,0,16,0,0,1,0,8,0,0,12,0,0,0,0,634,22,22,69,11,14,0,3,201,0,0,39,0,0,0,0,57,7,0,197,36,0,0,2,0,4,0,0,0,0,0,109,1,0,21,18,1,0,0,4,0,0,0,0,0,0,0,0,11,0,0,4,0,0,0,3,0,0,0,0,0,0,0,0,1997,980,454,1290,36,14,13,418,220,0,0,53,2,35,0,168,291,12,125,93,0,0,4,2,1,0,0,6,0,0,0,2,2737,584,696,1671,500,112,464,192,41,504,66,270,0,0,0,4,198,11,6,204,183,10,17,25,0,0,2,11,0,0,0,0,4521,881,1855,2447,410,134,212,76,424,5,163,0,342,3,0,260,4362,2192,2323,6469,367,5,575,1028,33,20,379,271,376,0,0,5,0,16,3,4,0,0,0,6,2,0,0,0,0,0,0,0,753,34,12,115,19,1,0,22,1,0,0,2,0,0,0,0,371,6,8,30,184,3,3,4,5,1,13,13,4,2,0,10,1350,1293,535,417,501,183,6,5,13,2,12,5,5,0,2,0,755,14,19,574,173,282,2,121,11,158,2,8,57,37,0,5,119,74,2,251,29,0,0,17,0,2,0,41,16,1,0,8,545,23,4,223,0,17,0,0,0,0,0,0,0,3,0,0,0,0,0,0,14,0,0,0,0,0,0,0,0,0,0,0,0,111,12,16,0,0,0,0,0,0,0,0,0,0,0,0,5924,2800,1757,6758,186,47,8,817,62,3,54,123,496,171,0,830,1359,433,123,1430,2,20,11,262,21,0,0,195,101,7,1,56,1944,876,1149,2968,287,5,14,1214,133,17,3,360,124,63,6,237,462,16,0,134,0,0,0,0,0,0,0,0,0,6,0,11,5722,2690,1731,7113,292,0,3,340,620,216,475,720,214,64,37,158,0,0,3,26,0,162,0,5,0,0,0,0,0,0,0,0,231,0,3,15,0,0,0,0,3,0,0,1,0,0,0,0,3338,890,261,874,466,26,30,270,35,0,16,183,6,305,0,59,1176,434,440,706,124,22,0,30,97,2,4,88,25,3,0
0,22,0,242,133,0,0,0,0,0,0,0,0,0,0,0,0,436,0,0,128,5,153,0,22,0,0,0,0,0,0,0,0,12,75,25,57,0,0,0,0,0,2,0,0,0,0,4,19,294,240,228,307,32,285,8,20,0,0,0,0,0,0,0,0,22,22,14,38,0,12,0,0,0,0,8,0,0,0,0,0,15,114,0,7,0,0,0,13,0,0,0,0,0,0,0,0,545,24,81,55,173,53,13,13,0,0,0,0,0,0,0,0,62,53,0,83,0,0,0,9,0,0,0,0,0,0,0,9,265,7,1,36,2,0,0,0,0,3,0,0,0,0,0,0,0,4,0,0,0,0,0,0,0,0,0,0,0,0,0,0,712,155,0,3,0,0,0,2,0,0,0,0,0,0,0,0,256,477,2,151,0,0,0,49,0,0,0,8,0,8,0,0,0,0,0,0,0,0,0,0,0,0,0,0,0,0,0,1,15,1,26,34,0,0,0,26,6,10,0,90,0,0,0,0,159,12,6,54,0,1,0,0,2,2,0,6,14,0,0,5,0,13,0,0,0,0,0,0,7,0,0,0,0,0,0,0,441,20,0,31,0,5,0,0,6,0,0,1,0,0,0,0,19,18,0,35,0,0,0,1,23,1,0,0,0,1,0,9,55,22,10,89,8,0,0,1,0,0,0,0,17,0,0,0,3,1,3,0,1,1,0,0,0,0,0,0,0,0,0,0,4,168,101,57,0,0,0,0,0,6,0,0,0,0,0,0,8,1,1,115,11,65,2,14,16,0,0,0,0,0,0,0,140,44,2,121,0,0,0,5,0,0,0,0,0,0,0,0,9,0,0,3,0,0,0,0,0,0,0,0,13,0,0,0,36,4,2,36,0,0,10,6,0,0,0,4,0,0,0,64,24,1,0,19,0,0,0,109,0,0,0,1,0,0,0,2,35,8,0,10,1,0,0,0,0,1,0,0,0,0,0,0,0,0,0,17,0,0,0,0,0,0,0,0,0,0,0,0,0,0,0,0,0,0,0,2,0,0,0,0,0,0,2,0,39,39,16,156,0,0,0,0,0,0,0,6,0,0,0,0,32,987,27,56,0,13,0,4,0,0,0,0,0,0,0,0,131,0,1,36,113,0,0,0,0,0,0,0,0,0,0,0,0,0,10,304,0,0,0,128,0,0,0,0,0,0,0,0,143,70,0,95,0,0,0,0,0,0,0,0,0,0,0,0,297,33,0,37,19,0,0,0,0,0,0,0,0,0,0,0,25,3,0,16,0,0,1,0,8,0,0,12,0,0,0,0,634,22,22,69,11,14,0,3,200,0,0,39,0,0,0,0,57,7,0,197,36,0,0,2,0,4,0,0,0,0,0,109,1,0,21,18,1,0,0,4,0,0,0,0,0,0,0,0,11,0,0,4,0,0,0,3,0,0,0,0,0,0,0,0,1997,980,454,1290,36,14,13,418,220,0,0,53,2,35,0,168,291,12,125,93,0,0,4,2,1,0,0,6,0,0,0,2,2737,584,696,1671,500,112,464,192,41,504,66,270,0,0,0,4,198,11,6,204,183,10,17,25,0,0,2,11,0,0,0,0,4523,881,1855,2447,410,134,212,76,424,5,163,0,342,3,0,260,4361,2193,2323,6469,367,5,575,1028,33,20,379,271,376,0,0,5,0,16,3,4,0,0,0,6,2,0,0,0,0,0,0,0,753,34,12,115,19,1,0,22,1,0,0,2,0,0,0,0,371,6,8,30,184,3,3,4,5,1,13,13,4,2,0,10,1350,1292,535,417,501,183,6,5,13,2,12,5,5,0,2,0,755,14,19,574,173,282,2,121,11,158,2,8,57,37,0,5,119,74,2,251,29,0,0,17,0,2,0,41,16,1,0,8,545,23,4,223,0,17,0,0,0,0,0,0,0,3,0,0,0,0,0,0,14,0,0,0,0,0,0,0,0,0,0,0,0,111,12,16,0,0,0,0,0,0,0,0,0,0,0,0,5924,2800,1757,6757,186,47,8,817,62,3,54,123,496,171,0,830,1359,433,123,1430,2,20,11,262,21,0,0,195,101,7,1,56,1943,876,1149,2968,287,5,14,1214,133,17,3,360,124,63,6,237,462,16,0,134,0,0,0,0,0,0,0,0,0,6,0,11,5724,2689,1731,7113,292,0,3,340,620,216,475,720,213,64,37,158,0,0,3,26,0,162,0,5,0,0,0,0,0,0,0,0,231,0,3,15,0,0,0,0,3,0,0,1,0,0,0,0,3338,890,261,874,466,26,30,270,35,0,16,183,6,305,0,59,1176,434,440,706,124,22,0,30,97,2,4,88,25,3,0
0,22,0,242,133,0,0,0,0,0,0,0,0,0,0,0,0,436,0,0,128,5,153,0,22,0,0,0,0,0,0,0,0,12,75,25,57,0,0,0,0,0,2,0,0,0,0,4,19,294,240,228,307,32,285,8,20,0,0,0,0,0,0,0,0,22,22,14,38,0,12,0,0,0,0,8,0,0,0,0,0,15,114,0,7,0,0,0,13,0,0,0,0,0,0,0,0,545,24,81,55,173,53,13,13,0,0,0,0,0,0,0,0,62,53,0,83,0,0,0,9,0,0,0,0,0,0,0,9,265,7,1,36,2,0,0,0,0,3,0,0,0,0,0,0,0,4,0,0,0,0,0,0,0,0,0,0,0,0,0,0,712,155,0,3,0,0,0,2,0,0,0,0,0,0,0,0,256,477,2,151,0,0,0,49,0,0,0,8,0,8,0,0,0,0,0,0,0,0,0,0,0,0,0,0,0,0,0,1,15,1,26,34,0,0,0,26,6,10,0,90,0,0,0,0,159,12,6,54,0,1,0,0,2,2,0,6,14,0,0,5,0,13,0,0,0,0,0,0,7,0,0,0,0,0,0,0,441,20,0,31,0,5,0,0,6,0,0,1,0,0,0,0,19,18,0,35,0,0,0,1,23,1,0,0,0,1,0,9,55,22,10,89,8,0,0,1,0,0,0,0,17,0,0,0,3,1,3,0,1,1,0,0,0,0,0,0,0,0,0,0,4,168,101,57,0,0,0,0,0,6,0,0,0,0,0,0,8,1,1,115,11,65,2,14,16,0,0,0,0,0,0,0,140,44,2,121,0,0,0,5,0,0,0,0,0,0,0,0,9,0,0,3,0,0,0,0,0,0,0,0,13,0,0,0,36,4,2,36,0,0,10,6,0,0,0,4,0,0,0,64,24,1,0,19,0,0,0,109,0,0,0,1,0,0,0,2,35,8,0,10,1,0,0,0,0,1,0,0,0,0,0,0,0,0,0,17,0,0,0,0,0,0,0,0,0,0,0,0,0,0,0,0,0,0,0,2,0,0,0,0,0,0,2,0,39,39,16,156,0,0,0,0,0,0,0,6,0,0,0,0,32,987,27,56,0,13,0,4,0,0,0,0,0,0,0,0,131,0,1,36,113,0,0,0,0,0,0,0,0,0,0,0,0,0,10,304,0,0,0,128,0,0,0,0,0,0,0,0,143,70,0,95,0,0,0,0,0,0,0,0,0,0,0,0,297,33,0,37,19,0,0,0,0,0,0,0,0,0,0,0,25,3,0,16,0,0,1,0,8,0,0,12,0,0,0,0,634,22,22,69,11,14,0,3,200,0,0,39,0,0,0,0,57,7,0,197,36,0,0,2,0,4,0,0,0,0,0,109,1,0,21,18,1,0,0,4,0,0,0,0,0,0,0,0,11,0,0,4,0,0,0,3,0,0,0,0,0,0,0,0,1997,980,454,1290,36,14,13,418,220,0,0,53,2,35,0,168,291,12,125,93,0,0,4,2,1,0,0,6,0,0,0,2,2737,584,696,1671,500,112,464,192,41,504,66,270,0,0,0,4,198,11,6,204,183,10,17,25,0,0,2,11,0,0,0,0,4521,881,1855,2447,410,134,212,76,424,5,163,0,342,3,0,260,4360,2192,2324,6471,367,5,575,1028,33,20,380,271,377,0,0,5,0,16,3,4,0,0,0,6,2,0,0,0,0,0,0,0,753,34,12,115,19,1,0,22,1,0,0,2,0,0,0,0,371,6,8,30,184,3,3,4,5,1,13,13,4,2,0,10,1350,1292,535,417,501,183,6,5,13,2,12,5,5,0,2,0,755,14,19,574,173,282,2,121,11,158,2,8,57,37,0,5,119,74,2,251,29,0,0,17,0,2,0,41,16,1,0,8,545,23,4,223,0,17,0,0,0,0,0,0,0,3,0,0,0,0,0,0,14,0,0,0,0,0,0,0,0,0,0,0,0,111,12,16,0,0,0,0,0,0,0,0,0,0,0,0,5924,2800,1757,6757,186,47,8,817,62,3,54,123,496,171,0,830,1359,433,123,1430,2,20,11,262,21,0,0,195,101,7,1,56,1943,876,1150,2968,287,5,14,1214,133,17,3,360,124,63,6,237,462,16,0,134,0,0,0,0,0,0,0,0,0,6,0,11,5722,2689,1732,7114,292,0,3,340,620,216,475,720,213,64,37,158,0,0,3,26,0,162,0,5,0,0,0,0,0,0,0,0,231,0,3,15,0,0,0,0,3,0,0,1,0,0,0,0,3338,890,261,874,466,26,30,270,35,0,16,183,6,305,0,59,1176,434,440,706,124,22,0,30,97,2,4,88,25,3,0
0,22,0,242,133,0,0,0,0,0,0,0,0,0,0,0,0,436,0,0,128,5,153,0,22,0,0,0,0,0,0,0,0,12,75,25,57,0,0,0,0,0,2,0,0,0,0,4,19,294,240,228,307,32,285,8,20,0,0,0,0,0,0,0,0,22,22,14,38,0,12,0,0,0,0,8,0,0,0,0,0,15,114,0,7,0,0,0,13,0,0,0,0,0,0,0,0,545,24,81,55,173,53,13,13,0,0,0,0,0,0,0,0,62,53,0,83,0,0,0,9,0,0,0,0,0,0,0,9,265,7,1,36,2,0,0,0,0,3,0,0,0,0,0,0,0,4,0,0,0,0,0,0,0,0,0,0,0,0,0,0,712,155,0,3,0,0,0,2,0,0,0,0,0,0,0,0,256,477,2,151,0,0,0,49,0,0,0,8,0,8,0,0,0,0,0,0,0,0,0,0,0,0,0,0,0,0,0,1,15,1,26,34,0,0,0,26,6,10,0,90,0,0,0,0,159,12,6,54,0,1,0,0,2,2,0,6,14,0,0,5,0,13,0,0,0,0,0,0,7,0,0,0,0,0,0,0,441,20,0,31,0,5,0,0,6,0,0,1,0,0,0,0,19,18,0,35,0,0,0,1,23,1,0,0,0,1,0,9,55,22,10,89,8,0,0,1,0,0,0,0,17,0,0,0,3,1,3,0,1,1,0,0,0,0,0,0,0,0,0,0,4,168,101,57,0,0,0,0,0,6,0,0,0,0,0,0,8,1,1,115,11,65,2,14,16,0,0,0,0,0,0,0,140,44,2,121,0,0,0,5,0,0,0,0,0,0,0,0,9,0,0,3,0,0,0,0,0,0,0,0,13,0,0,0,36,4,2,36,0,0,10,6,0,0,0,4,0,0,0,64,24,1,0,19,0,0,0,109,0,0,0,1,0,0,0,2,35,8,0,10,1,0,0,0,0,1,0,0,0,0,0,0,0,0,0,17,0,0,0,0,0,0,0,0,0,0,0,0,0,0,0,0,0,0,0,2,0,0,0,0,0,0,2,0,39,39,16,156,0,0,0,0,0,0,0,6,0,0,0,0,32,987,27,56,0,13,0,4,0,0,0,0,0,0,0,0,131,0,1,36,113,0,0,0,0,0,0,0,0,0,0,0,0,0,10,304,0,0,0,128,0,0,0,0,0,0,0,0,143,70,0,95,0,0,0,0,0,0,0,0,0,0,0,0,297,33,0,37,19,0,0,0,0,0,0,0,0,0,0,0,25,3,0,16,0,0,1,0,8,0,0,12,0,0,0,0,634,22,22,69,11,14,0,3,200,0,0,39,0,0,0,0,57,7,0,197,36,0,0,2,0,4,0,0,0,0,0,109,1,0,21,18,1,0,0,4,0,0,0,0,0,0,0,0,11,0,0,4,0,0,0,3,0,0,0,0,0,0,0,0,1997,980,454,1290,36,14,13,418,220,0,0,53,2,35,0,168,291,12,125,93,0,0,4,2,1,0,0,6,0,0,0,2,2737,584,696,1671,500,112,464,192,41,504,66,270,0,0,0,4,198,11,6,204,183,10,17,25,0,0,2,11,0,0,0,0,4521,881,1855,2447,410,134,212,76,424,5,163,0,342,3,0,260,4360,2192,2323,6469,367,5,575,1028,33,20,379,271,376,0,0,5,0,16,3,4,0,0,0,6,2,0,0,0,0,0,0,0,753,34,12,115,19,1,0,22,1,0,0,2,0,0,0,0,371,6,8,30,184,3,3,4,5,1,13,13,4,2,0,10,1350,1292,535,417,501,183,6,5,13,2,12,5,5,0,2,0,755,14,19,574,173,282,2,121,11,158,2,8,58,37,0,5,119,74,2,251,29,0,0,17,0,2,0,41,16,1,0,8,545,23,4,223,0,17,0,0,0,0,0,0,0,3,0,0,0,0,0,0,14,0,0,0,0,0,0,0,0,0,0,0,0,111,12,16,0,0,0,0,0,0,0,0,0,0,0,0,5924,2800,1757,6757,186,47,8,817,62,3,54,123,496,171,0,830,1359,433,123,1430,2,21,11,262,21,0,0,195,101,7,1,56,1943,876,1149,2968,287,5,14,1214,133,17,3,360,124,63,6,237,462,16,0,134,0,0,0,0,0,0,0,0,0,6,0,11,5722,2689,1731,7113,292,0,3,340,620,216,475,720,213,64,37,158,0,0,3,26,0,162,0,5,0,0,0,0,0,0,0,0,231,0,3,15,0,0,0,0,3,0,0,1,0,0,0,0,3338,890,261,874,466,26,30,270,35,0,16,183,6,305,0,59,1176,434,441,706,124,22,0,30,97,2,4,88,25,3,0
0,22,0,242,133,0,0,0,0,0,0,0,0,0,0,0,0,436,0,0,128,5,153,0,22,0,0,0,0,0,0,0,0,12,75,25,57,0,0,0,0,0,2,0,0,0,0,4,19,294,240,228,307,32,285,8,20,0,0,0,0,0,0,0,0,22,22,14,38,0,12,0,0,0,0,8,0,0,0,0,0,15,114,0,7,0,0,0,13,0,0,0,0,0,0,0,0,545,24,81,55,173,53,13,13,0,0,0,0,0,0,0,0,62,53,0,83,0,0,0,9,0,0,0,0,0,0,0,9,265,7,1,36,2,0,0,0,0,3,0,0,0,0,0,0,0,4,0,0,0,0,0,0,0,0,0,0,0,0,0,0,712,155,0,3,0,0,0,2,0,0,0,0,0,0,0,0,256,477,2,151,0,0,0,49,0,0,0,8,0,8,0,0,0,0,0,0,0,0,0,0,0,0,0,0,0,0,0,1,15,1,26,34,0,0,0,26,6,10,0,90,0,0,0,0,159,12,6,54,0,1,0,0,2,2,0,6,14,0,0,5,0,13,0,0,0,0,0,0,7,0,0,0,0,0,0,0,441,20,0,31,0,5,0,0,6,0,0,1,0,0,0,0,19,18,0,35,0,0,0,1,23,1,0,0,0,1,0,9,55,22,10,89,8,0,0,1,0,0,0,0,17,0,0,0,3,1,3,0,1,1,0,0,0,0,0,0,0,0,0,0,4,168,101,57,0,0,0,0,0,6,0,0,0,0,0,0,8,1,1,115,11,65,2,14,16,0,0,0,0,0,0,0,140,44,2,121,0,0,0,5,0,0,0,0,0,0,0,0,9,0,0,3,0,0,0,0,0,0,0,0,13,0,0,0,36,4,2,36,0,0,10,6,0,0,0,4,0,0,0,64,24,1,0,19,0,0,0,109,0,0,0,1,0,0,0,2,35,8,0,10,1,0,0,0,0,1,0,0,0,0,0,0,0,0,0,17,0,0,0,0,0,0,0,0,0,0,0,0,0,0,0,0,0,0,0,2,0,0,0,0,0,0,2,0,39,39,16,156,0,0,0,0,0,0,0,6,0,0,0,0,32,987,27,56,0,13,0,4,0,0,0,0,0,0,0,0,131,0,1,36,113,0,0,0,0,0,0,0,0,0,0,0,0,0,10,304,0,0,0,128,0,0,0,0,0,0,0,0,143,70,0,95,0,0,0,0,0,0,0,0,0,0,0,0,297,33,0,37,19,0,0,0,0,0,0,0,0,0,0,0,25,3,0,16,0,0,1,0,8,0,0,12,0,0,0,0,634,22,22,69,11,14,0,3,200,0,0,39,0,0,0,0,57,7,0,197,36,0,0,2,0,4,0,0,0,0,0,109,1,0,21,18,1,0,0,4,0,0,0,0,0,0,0,0,11,0,0,4,0,0,0,3,0,0,0,0,0,0,0,0,1997,980,454,1290,36,14,13,418,220,0,0,53,2,35,0,168,291,12,125,93,0,0,4,2,1,0,0,6,0,0,0,2,2737,584,696,1671,500,112,464,192,41,504,66,270,0,0,0,4,198,11,6,204,183,10,17,25,0,0,2,11,0,0,0,0,4521,881,1855,2447,410,134,212,76,424,5,163,0,342,3,0,260,4360,2192,2323,6469,367,5,575,1028,33,20,379,271,376,0,0,5,0,16,3,4,0,0,0,6,2,0,0,0,0,0,0,0,753,34,12,115,19,1,0,22,1,0,0,2,0,0,0,0,371,6,8,30,184,3,3,4,5,1,13,13,4,2,0,10,1350,1292,535,417,501,183,6,5,13,2,12,5,5,0,2,0,755,14,19,574,173,282,2,121,11,158,2,8,57,37,0,5,119,74,2,251,29,0,0,17,0,2,0,41,16,1,0,8,545,23,4,223,0,17,0,0,0,0,0,0,0,3,0,0,0,0,0,0,14,0,0,0,0,0,0,0,0,0,0,0,0,111,12,16,0,0,0,0,0,0,0,0,0,0,0,0,5925,2800,1757,6757,186,47,8,817,62,3,54,123,496,171,0,830,1360,433,123,1430,2,20,11,262,21,0,0,195,101,7,1,56,1943,876,1149,2968,287,5,14,1214,133,17,3,360,124,63,6,237,463,16,0,134,0,0,0,0,0,0,0,0,0,6,0,11,5722,2689,1731,7113,292,0,3,340,620,216,475,721,213,64,37,158,0,0,3,26,0,162,0,5,0,0,0,0,0,0,0,0,231,0,3,15,0,0,0,0,3,0,0,1,0,0,0,0,3338,890,261,874,466,26,30,270,35,0,16,183,6,305,0,59,1176,434,440,706,124,22,0,30,97,2,4,88,25,3,0
0,22,0,242,133,0,0,0,0,0,0,0,0,0,0,0,0,436,0,0,128,5,153,0,22,0,0,0,0,0,0,0,0,12,75,25,57,0,0,0,0,0,2,0,0,0,0,4,19,294,240,228,307,32,285,8,20,0,0,0,0,0,0,0,0,22,22,14,38,0,12,0,0,0,0,8,0,0,0,0,0,15,114,0,7,0,0,0,13,0,0,0,0,0,0,0,0,545,24,81,55,173,53,13,13,0,0,0,0,0,0,0,0,62,53,0,83,0,0,0,9,0,0,0,0,0,0,0,9,265,7,1,36,2,0,0,0,0,3,0,0,0,0,0,0,0,4,0,0,0,0,0,0,0,0,0,0,0,0,0,0,712,155,0,3,0,0,0,2,0,0,0,0,0,0,0,0,256,477,2,151,0,0,0,49,0,0,0,8,0,8,0,0,0,0,0,0,0,0,0,0,0,0,0,0,0,0,0,1,15,1,26,34,0,0,0,26,6,10,0,90,0,0,0,0,159,12,6,54,0,1,0,0,2,2,0,6,14,0,0,5,0,13,0,0,0,0,0,0,7,0,0,0,0,0,0,0,441,20,0,31,0,5,0,0,6,0,0,1,0,0,0,0,19,18,0,35,0,0,0,1,23,1,0,0,0,1,0,9,55,22,10,89,8,0,0,1,0,0,0,0,17,0,0,0,3,1,3,0,1,1,0,0,0,0,0,0,0,0,0,0,4,168,101,57,0,0,0,0,0,6,0,0,0,0,0,0,8,1,1,115,11,65,2,14,16,0,0,0,0,0,0,0,140,44,2,121,0,0,0,5,0,0,0,0,0,0,0,0,9,0,0,3,0,0,0,0,0,0,0,0,13,0,0,0,36,4,2,36,0,0,10,6,0,0,0,4,0,0,0,64,24,1,0,19,0,0,0,109,0,0,0,1,0,0,0,2,35,8,0,10,1,0,0,0,0,1,0,0,0,0,0,0,0,0,0,17,0,0,0,0,0,0,0,0,0,0,0,0,0,0,0,0,0,0,0,2,0,0,0,0,0,0,2,0,39,39,16,156,0,0,0,0,0,0,0,6,0,0,0,0,32,987,27,56,0,13,0,4,0,0,0,0,0,0,0,0,131,0,1,36,113,0,0,0,0,0,0,0,0,0,0,0,0,0,10,304,0,0,0,128,0,0,0,0,0,0,0,0,143,70,0,95,0,0,0,0,0,0,0,0,0,0,0,0,297,33,0,37,19,0,0,0,0,0,0,0,0,0,0,0,25,3,0,16,0,0,1,0,8,0,0,12,0,0,0,0,634,22,22,69,11,14,0,3,200,0,0,39,0,0,0,0,57,7,0,197,36,0,0,2,0,4,0,0,0,0,0,109,1,0,21,18,1,0,0,4,0,0,0,0,0,0,0,0,11,0,0,4,0,0,0,3,0,0,0,0,0,0,0,0,1997,980,454,1290,36,14,13,418,220,0,0,53,2,35,0,168,291,12,125,93,0,0,4,2,1,0,0,6,0,0,0,2,2737,584,696,1672,500,112,464,192,41,504,66,270,0,0,0,4,198,11,6,204,183,10,17,25,0,0,2,11,0,0,0,0,4521,881,1855,2448,410,134,212,76,424,5,163,0,342,3,0,260,4360,2192,2323,6469,367,5,575,1028,33,20,379,271,376,0,0,5,0,16,3,4,0,0,0,6,2,0,0,0,0,0,0,0,753,34,12,115,19,1,0,22,1,0,0,2,0,0,0,0,371,6,8,30,184,3,3,4,5,1,13,13,4,2,0,10,1350,1292,535,417,501,183,6,5,13,2,12,5,5,0,2,0,755,14,19,574,173,282,2,121,11,158,2,8,57,37,0,5,119,74,2,251,29,0,0,17,0,2,0,41,16,1,0,8,545,23,4,223,0,17,0,0,0,0,0,0,0,3,0,0,0,0,0,0,14,0,0,0,0,0,0,0,0,0,0,0,0,111,12,16,0,0,0,0,0,0,0,0,0,0,0,0,5924,2800,1757,6757,186,47,8,817,62,3,54,123,496,171,0,830,1360,433,123,1431,2,20,11,263,21,0,0,195,101,7,1,56,1943,876,1149,2968,287,5,14,1214,133,17,3,360,124,63,6,237,463,16,0,135,0,0,0,0,0,0,0,0,0,6,0,11,5722,2689,1731,7113,292,0,3,340,620,216,475,720,213,64,37,158,0,0,3,26,0,162,0,5,0,0,0,0,0,0,0,0,231,0,3,15,0,0,0,0,3,0,0,1,0,0,0,0,3338,890,261,874,466,26,30,270,35,0,16,183,6,305,0,59,1176,434,440,706,124,22,0,30,97,2,4,88,25,3,0
0,22,0,242,133,0,0,0,0,0,0,0,0,0,0,0,0,436,0,0,128,5,153,0,22,0,0,0,0,0,0,0,0,12,75,25,57,0,0,0,0,0,2,0,0,0,0,4,19,294,240,228,307,32,285,8,20,0,0,0,0,0,0,0,0,22,22,14,38,0,12,0,0,0,0,8,0,0,0,0,0,15,114,0,7,0,0,0,13,0,0,0,0,0,0,0,0,545,24,81,55,173,53,13,13,0,0,0,0,0,0,0,0,62,53,0,83,0,0,0,9,0,0,0,0,0,0,0,9,265,7,1,36,2,0,0,0,0,3,0,0,0,0,0,0,0,4,0,0,0,0,0,0,0,0,0,0,0,0,0,0,712,155,0,3,0,0,0,2,0,0,0,0,0,0,0,0,256,477,2,151,0,0,0,49,0,0,0,8,0,8,0,0,0,0,0,0,0,0,0,0,0,0,0,0,0,0,0,1,15,1,26,34,0,0,0,26,6,10,0,90,0,0,0,0,159,12,6,54,0,1,0,0,2,2,0,6,14,0,0,5,0,13,0,0,0,0,0,0,7,0,0,0,0,0,0,0,441,20,0,31,0,5,0,0,6,0,0,1,0,0,0,0,19,18,0,35,0,0,0,1,23,1,0,0,0,1,0,9,55,22,10,89,8,0,0,1,0,0,0,0,17,0,0,0,3,1,3,0,1,1,0,0,0,0,0,0,0,0,0,0,4,168,101,57,0,0,0,0,0,6,0,0,0,0,0,0,8,1,1,115,11,65,2,14,16,0,0,0,0,0,0,0,140,44,2,121,0,0,0,5,0,0,0,0,0,0,0,0,9,0,0,3,0,0,0,0,0,0,0,0,13,0,0,0,36,4,2,36,0,0,10,6,0,0,0,4,0,0,0,64,24,1,0,19,0,0,0,109,0,0,0,1,0,0,0,2,35,8,0,10,1,0,0,0,0,1,0,0,0,0,0,0,0,0,0,17,0,0,0,0,0,0,0,0,0,0,0,0,0,0,0,0,0,0,0,2,0,0,0,0,0,0,2,0,39,39,16,156,0,0,0,0,0,0,0,6,0,0,0,0,32,987,27,56,0,13,0,4,0,0,0,0,0,0,0,0,131,0,1,36,113,0,0,0,0,0,0,0,0,0,0,0,0,0,10,304,0,0,0,128,0,0,0,0,0,0,0,0,143,70,0,95,0,0,0,0,0,0,0,0,0,0,0,0,297,33,0,37,19,0,0,0,0,0,0,0,0,0,0,0,25,3,0,16,0,0,1,0,8,0,0,12,0,0,0,0,634,22,22,69,11,14,0,3,200,0,0,39,0,0,0,0,57,7,0,197,36,0,0,2,0,4,0,0,0,0,0,109,1,0,21,18,1,0,0,4,0,0,0,0,0,0,0,0,11,0,0,4,0,0,0,3,0,0,0,0,0,0,0,0,1997,980,454,1290,36,14,13,418,220,0,0,53,2,35,0,168,291,12,125,93,0,0,4,2,1,0,0,6,0,0,0,2,2737,584,696,1671,500,112,464,192,41,504,66,270,0,0,0,4,198,11,6,204,183,10,17,25,0,0,2,11,0,0,0,0,4522,881,1855,2447,410,134,213,76,424,5,163,0,342,3,0,260,4360,2193,2323,6471,367,5,575,1028,33,20,379,271,376,0,0,5,0,16,3,4,0,0,0,6,2,0,0,0,0,0,0,0,753,34,12,115,19,1,0,22,1,0,0,2,0,0,0,0,371,6,8,30,184,3,3,4,5,1,13,13,4,2,0,10,1350,1292,535,417,501,183,6,5,13,2,12,5,5,0,2,0,755,14,19,574,173,282,2,121,11,158,2,8,57,37,0,5,119,74,2,251,29,0,0,17,0,2,0,41,16,1,0,8,545,23,4,223,0,17,0,0,0,0,0,0,0,3,0,0,0,0,0,0,14,0,0,0,0,0,0,0,0,0,0,0,0,111,12,16,0,0,0,0,0,0,0,0,0,0,0,0,5925,2800,1757,6758,186,47,8,817,62,3,54,123,496,171,0,830,1359,433,123,1430,2,20,11,262,21,0,0,195,101,7,1,56,1944,876,1150,2969,287,5,14,1214,133,17,3,360,124,63,6,237,462,16,0,134,0,0,0,0,0,0,0,0,0,6,0,11,5723,2689,1731,7117,292,0,3,340,620,216,475,720,213,64,37,158,0,0,3,26,0,162,0,5,0,0,0,0,0,0,0,0,231,0,3,15,0,0,0,0,3,0,0,1,0,0,0,0,3338,890,261,874,466,26,30,270,35,0,16,183,6,305,0,59,1176,434,440,706,124,22,0,30,97,2,4,88,25,3,0
0,22,0,242,133,0,0,0,0,0,0,0,0,0,0,0,0,436,0,0,128,5,153,0,22,0,0,0,0,0,0,0,0,12,75,25,57,0,0,0,0,0,2,0,0,0,0,4,19,294,240,228,307,32,285,8,20,0,0,0,0,0,0,0,0,22,22,14,38,0,12,0,0,0,0,8,0,0,0,0,0,15,114,0,7,0,0,0,13,0,0,0,0,0,0,0,0,545,24,81,55,173,53,13,13,0,0,0,0,0,0,0,0,62,53,0,83,0,0,0,9,0,0,0,0,0,0,0,9,265,7,1,36,2,0,0,0,0,3,0,0,0,0,0,0,0,4,0,0,0,0,0,0,0,0,0,0,0,0,0,0,713,156,0,3,0,0,0,2,0,0,0,0,0,0,0,0,256,477,2,151,0,0,0,49,0,0,0,8,0,8,0,0,0,0,0,0,0,0,0,0,0,0,0,0,0,0,0,1,15,1,26,34,0,0,0,26,6,10,0,90,0,0,0,0,159,12,6,54,0,1,0,0,2,2,0,6,14,0,0,5,0,13,0,0,0,0,0,0,7,0,0,0,0,0,0,0,441,20,0,31,0,5,0,0,6,0,0,1,0,0,0,0,19,18,0,35,0,0,0,1,23,1,0,0,0,1,0,9,55,22,10,89,8,0,0,1,0,0,0,0,17,0,0,0,3,1,3,0,1,1,0,0,0,0,0,0,0,0,0,0,4,169,101,57,0,0,0,0,0,6,0,0,0,0,0,0,8,1,1,115,11,65,2,14,16,0,0,0,0,0,0,0,140,44,2,121,0,0,0,5,0,0,0,0,0,0,0,0,9,0,0,3,0,0,0,0,0,0,0,0,13,0,0,0,36,4,2,36,0,0,10,6,0,0,0,4,0,0,0,64,24,1,0,19,0,0,0,109,0,0,0,1,0,0,0,2,35,8,0,10,1,0,0,0,0,1,0,0,0,0,0,0,0,0,0,17,0,0,0,0,0,0,0,0,0,0,0,0,0,0,0,0,0,0,0,2,0,0,0,0,0,0,2,0,39,39,16,156,0,0,0,0,0,0,0,6,0,0,0,0,32,987,27,56,0,13,0,4,0,0,0,0,0,0,0,0,131,0,1,36,113,0,0,0,0,0,0,0,0,0,0,0,0,0,10,305,0,0,0,128,0,0,0,0,0,0,0,0,143,70,0,95,0,0,0,0,0,0,0,0,0,0,0,0,297,33,0,37,19,0,0,0,0,0,0,0,0,0,0,0,25,3,0,16,0,0,1,0,8,0,0,12,0,0,0,0,634,22,22,69,11,14,0,3,200,0,0,39,0,0,0,0,57,7,0,197,36,0,0,2,0,4,0,0,0,0,0,109,1,0,21,18,1,0,0,4,0,0,0,0,0,0,0,0,11,0,0,4,0,0,0,3,0,0,0,0,0,0,0,0,1997,980,454,1290,36,14,13,418,220,0,0,53,2,35,0,168,291,12,125,93,0,0,4,2,1,0,0,6,0,0,0,2,2737,584,696,1672,500,112,464,192,41,504,66,270,0,0,0,4,198,11,6,204,183,10,17,25,0,0,2,11,0,0,0,0,4521,881,1855,2447,410,134,212,76,424,5,163,0,342,3,0,260,4360,2192,2324,6470,367,5,575,1028,33,20,379,271,376,0,0,5,0,16,3,4,0,0,0,6,2,0,0,0,0,0,0,0,753,34,12,115,19,1,0,22,1,0,0,2,0,0,0,0,371,6,8,30,184,3,3,4,5,1,13,13,4,2,0,10,1350,1292,535,417,501,183,6,5,13,2,12,5,5,0,2,0,756,14,19,574,174,283,2,121,11,159,2,8,57,37,0,5,119,74,2,251,29,0,0,17,0,2,0,41,16,1,0,8,545,23,4,223,0,17,0,0,0,0,0,0,0,3,0,0,0,0,0,0,14,0,0,0,0,0,0,0,0,0,0,0,0,111,12,16,0,0,0,0,0,0,0,0,0,0,0,0,5924,2800,1757,6757,186,47,8,817,62,3,54,123,496,171,0,830,1359,433,123,1430,2,20,11,262,21,0,0,195,101,7,1,56,1943,877,1149,2968,287,5,14,1214,133,17,3,360,124,63,6,237,462,16,0,134,0,0,0,0,0,0,0,0,0,6,0,11,5724,2689,1731,7114,292,0,3,340,620,216,475,720,213,64,37,158,0,0,3,26,0,162,0,5,0,0,0,0,0,0,0,0,231,0,3,15,0,0,0,0,3,0,0,1,0,0,0,0,3338,890,261,875,466,26,30,270,35,0,16,183,6,305,0,59,1176,434,441,707,124,22,0,30,97,2,4,88,25,3,0
0,22,0,242,133,0,0,0,0,0,0,0,0,0,0,0,0,436,0,0,128,5,153,0,22,0,0,0,0,0,0,0,0,12,75,25,57,0,0,0,0,0,2,0,0,0,0,4,19,294,240,228,307,32,285,8,20,0,0,0,0,0,0,0,0,22,22,14,38,0,12,0,0,0,0,8,0,0,0,0,0,15,114,0,7,0,0,0,13,0,0,0,0,0,0,0,0,545,24,81,55,173,53,13,13,0,0,0,0,0,0,0,0,62,53,0,83,0,0,0,9,0,0,0,0,0,0,0,9,265,7,1,36,2,0,0,0,0,3,0,0,0,0,0,0,0,4,0,0,0,0,0,0,0,0,0,0,0,0,0,0,712,155,0,3,0,0,0,2,0,0,0,0,0,0,0,0,256,477,2,151,0,0,0,49,0,0,0,8,0,8,0,0,0,0,0,0,0,0,0,0,0,0,0,0,0,0,0,1,15,1,26,34,0,0,0,26,6,10,0,90,0,0,0,0,159,12,6,54,0,1,0,0,2,2,0,6,14,0,0,5,0,13,0,0,0,0,0,0,7,0,0,0,0,0,0,0,441,20,0,31,0,5,0,0,6,0,0,1,0,0,0,0,19,18,0,35,0,0,0,1,23,1,0,0,0,1,0,9,55,22,10,89,8,0,0,1,0,0,0,0,17,0,0,0,3,1,3,0,1,1,0,0,0,0,0,0,0,0,0,0,4,168,101,57,0,0,0,0,0,6,0,0,0,0,0,0,8,1,1,115,11,65,2,14,16,0,0,0,0,0,0,0,140,44,2,121,0,0,0,5,0,0,0,0,0,0,0,0,9,0,0,3,0,0,0,0,0,0,0,0,13,0,0,0,36,4,2,36,0,0,10,6,0,0,0,4,0,0,0,64,24,1,0,19,0,0,0,109,0,0,0,1,0,0,0,2,35,8,0,10,1,0,0,0,0,1,0,0,0,0,0,0,0,0,0,17,0,0,0,0,0,0,0,0,0,0,0,0,0,0,0,0,0,0,0,2,0,0,0,0,0,0,2,0,39,39,16,156,0,0,0,0,0,0,0,6,0,0,0,0,32,987,27,56,0,13,0,4,0,0,0,0,0,0,0,0,131,0,1,36,113,0,0,0,0,0,0,0,0,0,0,0,0,0,10,304,0,0,0,128,0,0,0,0,0,0,0,0,143,70,0,95,0,0,0,0,0,0,0,0,0,0,0,0,297,33,0,37,19,0,0,0,0,0,0,0,0,0,0,0,25,3,0,16,0,0,1,0,8,0,0,12,0,0,0,0,634,22,22,69,11,14,0,3,200,0,0,39,0,0,0,0,57,7,0,198,36,0,0,2,0,4,0,0,0,0,0,109,1,0,21,18,1,0,0,4,0,0,0,0,0,0,0,0,11,0,0,4,0,0,0,3,0,0,0,0,0,0,0,0,1997,980,454,1290,36,14,13,418,220,0,0,53,2,35,0,168,291,12,125,93,0,0,4,2,1,0,0,6,0,0,0,2,2737,584,696,1672,501,112,464,192,41,504,66,270,0,0,0,4,198,11,6,204,183,10,17,25,0,0,2,11,0,0,0,0,4521,881,1855,2449,410,134,212,76,424,5,164,0,342,3,0,260,4360,2192,2323,6471,367,5,575,1028,33,20,379,271,376,0,0,5,0,16,3,4,0,0,0,6,2,0,0,0,0,0,0,0,753,34,12,115,19,1,0,22,1,0,0,2,0,0,0,0,371,6,8,30,184,3,3,4,5,1,13,13,4,2,0,10,1350,1292,536,418,501,183,6,5,13,2,12,5,5,0,2,0,755,14,19,574,173,282,2,121,11,158,2,8,57,37,0,5,119,74,2,251,29,0,0,17,0,2,0,41,16,1,0,8,545,23,4,223,0,17,0,0,0,0,0,0,0,3,0,0,0,0,0,0,14,0,0,0,0,0,0,0,0,0,0,0,0,111,12,16,0,0,0,0,0,0,0,0,0,0,0,0,5924,2800,1757,6757,186,47,8,817,62,3,54,123,496,171,0,830,1359,433,123,1430,2,20,11,262,21,0,0,195,101,7,1,56,1943,876,1149,2968,287,5,14,1214,133,17,3,360,124,63,6,237,462,16,0,134,0,0,0,0,0,0,0,0,0,6,0,11,5722,2689,1731,7114,292,0,3,340,620,216,475,720,213,64,37,158,0,0,3,26,0,162,0,5,0,0,0,0,0,0,0,0,231,0,3,15,0,0,0,0,3,0,0,1,0,0,0,0,3338,890,261,874,466,26,30,270,35,0,16,183,6,305,0,59,1176,434,440,706,124,22,0,30,97,2,4,88,25,3,0
0,22,0,242,133,0,0,0,0,0,0,0,0,0,0,0,0,436,0,0,128,5,153,0,22,0,0,0,0,0,0,0,0,12,75,25,57,0,0,0,0,0,2,0,0,0,0,4,19,294,240,228,307,32,285,8,20,0,0,0,0,0,0,0,0,22,22,14,38,0,12,0,0,0,0,8,0,0,0,0,0,15,114,0,7,0,0,0,13,0,0,0,0,0,0,0,0,545,24,81,55,173,53,13,13,0,0,0,0,0,0,0,0,62,53,0,83,0,0,0,9,0,0,0,0,0,0,0,9,265,7,1,36,2,0,0,0,0,3,0,0,0,0,0,0,0,4,0,0,0,0,0,0,0,0,0,0,0,0,0,0,712,155,0,3,0,0,0,2,0,0,0,0,0,0,0,0,256,477,2,151,0,0,0,49,0,0,0,8,0,8,0,0,0,0,0,0,0,0,0,0,0,0,0,0,0,0,0,1,15,1,26,34,0,0,0,26,6,10,0,90,0,0,0,0,159,12,6,54,0,1,0,0,2,2,0,6,14,0,0,5,0,13,0,0,0,0,0,0,7,0,0,0,0,0,0,0,441,20,0,31,0,5,0,0,6,0,0,1,0,0,0,0,19,18,0,35,0,0,0,1,23,1,0,0,0,1,0,9,55,22,10,89,8,0,0,1,0,0,0,0,17,0,0,0,3,1,3,0,1,1,0,0,0,0,0,0,0,0,0,0,4,168,101,57,0,0,0,0,0,6,0,0,0,0,0,0,8,1,1,115,11,65,2,14,16,0,0,0,0,0,0,0,140,44,2,121,0,0,0,5,0,0,0,0,0,0,0,0,9,0,0,3,0,0,0,0,0,0,0,0,13,0,0,0,36,4,2,36,0,0,10,6,0,0,0,4,0,0,0,64,24,1,0,19,0,0,0,109,0,0,0,1,0,0,0,2,35,8,0,10,1,0,0,0,0,1,0,0,0,0,0,0,0,0,0,17,0,0,0,0,0,0,0,0,0,0,0,0,0,0,0,0,0,0,0,2,0,0,0,0,0,0,2,0,39,39,16,156,0,0,0,0,0,0,0,6,0,0,0,0,32,987,27,56,0,13,0,4,0,0,0,0,0,0,0,0,131,0,1,36,113,0,0,0,0,0,0,0,0,0,0,0,0,0,10,304,0,0,0,128,0,0,0,0,0,0,0,0,143,70,0,95,0,0,0,0,0,0,0,0,0,0,0,0,297,33,0,37,19,0,0,0,0,0,0,0,0,0,0,0,25,3,0,16,0,0,1,0,8,0,0,12,0,0,0,0,634,22,22,69,11,14,0,3,200,0,0,39,0,0,0,0,57,7,0,197,36,0,0,2,0,4,0,0,0,0,0,109,1,0,21,18,1,0,0,4,0,0,0,0,0,0,0,0,11,0,0,4,0,0,0,3,0,0,0,0,0,0,0,0,1997,980,454,1290,36,14,13,418,220,0,0,53,2,35,0,168,291,12,125,93,0,0,4,2,1,0,0,6,0,0,0,2,2737,584,696,1671,500,112,464,192,41,504,66,270,0,0,0,4,198,11,6,204,183,10,17,25,0,0,2,11,0,0,0,0,4521,881,1855,2447,410,134,212,76,424,5,163,0,342,3,0,260,4360,2192,2323,6469,367,5,575,1028,33,20,379,271,376,0,0,5,0,16,3,4,0,0,0,6,2,0,0,0,0,0,0,0,753,34,12,115,19,1,0,22,1,0,0,2,0,0,0,0,371,6,8,30,184,3,3,4,5,1,13,13,4,2,0,10,1350,1292,535,417,501,183,6,5,13,2,12,5,5,0,2,0,755,14,19,574,173,282,2,121,11,158,2,8,57,37,0,5,119,74,2,251,29,0,0,17,0,2,0,41,16,1,0,8,545,23,4,223,0,17,0,0,0,0,0,0,0,3,0,0,0,0,0,0,14,0,0,0,0,0,0,0,0,0,0,0,0,111,12,16,0,0,0,0,0,0,0,0,0,0,0,0,5924,2800,1757,6757,186,47,8,817,62,3,54,123,496,171,0,830,1359,433,123,1430,2,20,11,262,21,0,0,195,101,7,1,56,1943,876,1149,2968,287,5,14,1214,133,17,3,360,124,63,6,237,462,16,0,134,0,0,0,0,0,0,0,0,0,6,0,11,5722,2689,1731,7113,292,0,3,340,620,216,475,720,213,64,37,158,0,0,3,26,0,162,0,5,0,0,0,0,0,0,0,0,231,0,3,15,0,0,0,0,3,0,0,1,0,0,0,0,3338,890,261,874,466,26,30,270,35,0,16,183,6,305,0,59,1176,434,440,706,124,22,0,30,97,2,4,88,25,3,0
0,22,0,242,133,0,0,0,0,0,0,0,0,0,0,0,0,436,0,0,128,5,153,0,22,0,0,0,0,0,0,0,0,12,75,25,57,0,0,0,0,0,2,0,0,0,0,4,19,294,240,228,307,32,285,8,20,0,0,0,0,0,0,0,0,22,22,14,38,0,12,0,0,0,0,8,0,0,0,0,0,15,114,0,7,0,0,0,13,0,0,0,0,0,0,0,0,545,24,81,55,173,53,13,13,0,0,0,0,0,0,0,0,62,53,0,83,0,0,0,9,0,0,0,0,0,0,0,9,265,7,1,36,2,0,0,0,0,3,0,0,0,0,0,0,0,4,0,0,0,0,0,0,0,0,0,0,0,0,0,0,712,155,0,3,0,0,0,2,0,0,0,0,0,0,0,0,256,477,2,151,0,0,0,49,0,0,0,8,0,8,0,0,0,0,0,0,0,0,0,0,0,0,0,0,0,0,0,1,15,1,26,34,0,0,0,26,6,10,0,90,0,0,0,0,159,12,6,54,0,1,0,0,2,2,0,6,14,0,0,5,0,13,0,0,0,0,0,0,7,0,0,0,0,0,0,0,441,20,0,31,0,5,0,0,6,0,0,1,0,0,0,0,19,18,0,35,0,0,0,1,23,1,0,0,0,1,0,9,55,22,10,89,8,0,0,1,0,0,0,0,17,0,0,0,3,1,3,0,1,1,0,0,0,0,0,0,0,0,0,0,4,168,101,57,0,0,0,0,0,6,0,0,0,0,0,0,8,1,1,115,11,65,2,14,16,0,0,0,0,0,0,0,140,44,2,121,0,0,0,5,0,0,0,0,0,0,0,0,9,0,0,3,0,0,0,0,0,0,0,0,13,0,0,0,36,4,2,36,0,0,10,6,0,0,0,4,0,0,0,64,24,1,0,19,0,0,0,109,0,0,0,1,0,0,0,2,35,8,0,10,1,0,0,0,0,1,0,0,0,0,0,0,0,0,0,17,0,0,0,0,0,0,0,0,0,0,0,0,0,0,0,0,0,0,0,2,0,0,0,0,0,0,2,0,39,39,16,156,0,0,0,0,0,0,0,6,0,0,0,0,32,987,27,56,0,13,0,4,0,0,0,0,0,0,0,0,131,0,1,36,113,0,0,0,0,0,0,0,0,0,0,0,0,0,10,304,0,0,0,128,0,0,0,0,0,0,0,0,143,70,0,95,0,0,0,0,0,0,0,0,0,0,0,0,297,33,0,37,19,0,0,0,0,0,0,0,0,0,0,0,25,3,0,16,0,0,1,0,8,0,0,12,0,0,0,0,634,22,22,69,11,14,0,3,200,0,0,39,0,0,0,0,57,7,0,197,36,0,0,2,0,4,0,0,0,0,0,109,1,0,21,18,1,0,0,4,0,0,0,0,0,0,0,0,11,0,0,4,0,0,0,3,0,0,0,0,0,0,0,0,1997,980,454,1290,36,14,13,418,220,0,0,53,2,35,0,168,291,12,125,93,0,0,4,2,1,0,0,6,0,0,0,2,2737,584,696,1671,500,112,464,192,41,504,66,270,0,0,0,4,198,11,6,204,183,10,17,25,0,0,2,11,0,0,0,0,4521,881,1855,2447,410,134,212,76,424,5,163,0,342,3,0,260,4360,2192,2323,6470,367,5,575,1028,33,20,379,271,376,0,0,5,0,16,3,4,0,0,0,6,2,0,0,0,0,0,0,0,753,34,12,115,19,1,0,22,1,0,0,2,0,0,0,0,371,6,8,30,184,3,3,4,5,1,13,13,4,2,0,10,1350,1292,535,417,501,183,6,5,13,2,12,5,5,0,2,0,755,14,19,574,173,282,2,121,11,158,2,8,57,37,0,5,119,74,2,251,29,0,0,17,0,2,0,41,16,1,0,8,545,23,4,223,0,17,0,0,0,0,0,0,0,3,0,0,0,0,0,0,14,0,0,0,0,0,0,0,0,0,0,0,0,111,12,16,0,0,0,0,0,0,0,0,0,0,0,0,5924,2800,1757,6757,186,47,8,817,62,3,54,123,496,171,0,830,1359,433,123,1430,2,20,11,262,21,0,0,195,101,7,1,56,1943,876,1149,2968,287,5,14,1214,133,17,3,360,124,63,6,237,462,16,0,134,0,0,0,0,0,0,0,0,0,6,0,11,5722,2689,1731,7113,292,0,3,340,620,216,475,720,213,64,37,158,0,0,3,26,0,162,0,5,0,0,0,0,0,0,0,0,231,0,3,15,0,0,0,0,3,0,0,1,0,0,0,0,3338,890,261,874,466,26,30,270,35,0,16,183,6,305,0,59,1176,434,440,706,124,22,0,30,97,2,4,88,25,3,0
0,22,0,242,133,0,0,0,0,0,0,0,0,0,0,0,0,436,0,0,128,5,153,0,22,0,0,0,0,0,0,0,0,12,75,25,57,0,0,0,0,0,2,0,0,0,0,4,19,294,240,228,307,32,285,8,20,0,0,0,0,0,0,0,0,22,22,14,38,0,12,0,0,0,0,8,0,0,0,0,0,15,114,0,7,0,0,0,13,0,0,0,0,0,0,0,0,545,24,81,55,173,53,13,13,0,0,0,0,0,0,0,0,62,53,0,83,0,0,0,9,0,0,0,0,0,0,0,9,266,7,1,36,2,0,0,0,0,3,0,0,0,0,0,0,0,4,0,0,0,0,0,0,0,0,0,0,0,0,0,0,712,155,0,3,0,0,0,2,0,0,0,0,0,0,0,0,256,477,2,151,0,0,0,49,0,0,0,8,0,8,0,0,0,0,0,0,0,0,0,0,0,0,0,0,0,0,0,1,15,1,26,34,0,0,0,26,6,10,0,90,0,0,0,0,159,12,6,54,0,1,0,0,2,2,0,6,14,0,0,5,0,13,0,0,0,0,0,0,7,0,0,0,0,0,0,0,441,20,0,31,0,5,0,0,6,0,0,1,0,0,0,0,19,18,0,35,0,0,0,1,23,1,0,0,0,1,0,9,55,22,10,89,8,0,0,1,0,0,0,0,17,0,0,0,3,1,3,0,1,1,0,0,0,0,0,0,0,0,0,0,4,168,101,57,0,0,0,0,0,6,0,0,0,0,0,0,8,1,1,115,11,65,2,14,16,0,0,0,0,0,0,0,140,44,2,121,0,0,0,5,0,0,0,0,0,0,0,0,9,0,0,3,0,0,0,0,0,0,0,0,13,0,0,0,36,4,2,36,0,0,10,6,0,0,0,4,0,0,0,64,24,1,0,19,0,0,0,109,0,0,0,1,0,0,0,2,35,8,0,10,1,0,0,0,0,1,0,0,0,0,0,0,0,0,0,17,0,0,0,0,0,0,0,0,0,0,0,0,0,0,0,0,0,0,0,2,0,0,0,0,0,0,2,0,39,39,16,156,0,0,0,0,0,0,0,6,0,0,0,0,32,987,27,56,0,13,0,4,0,0,0,0,0,0,0,0,131,0,1,36,113,0,0,0,0,0,0,0,0,0,0,0,0,0,10,304,0,0,0,128,0,0,0,0,0,0,0,0,143,70,0,95,0,0,0,0,0,0,0,0,0,0,0,0,297,33,0,37,19,0,0,0,0,0,0,0,0,0,0,0,25,3,0,16,0,0,1,0,8,0,0,12,0,0,0,0,634,22,22,69,11,14,0,3,200,0,0,39,0,0,0,0,57,7,0,197,36,0,0,2,0,4,0,0,0,0,0,109,1,0,21,18,1,0,0,4,0,0,0,0,0,0,0,0,11,0,0,4,0,0,0,3,0,0,0,0,0,0,0,0,1997,980,454,1290,36,14,13,418,220,0,0,53,2,35,0,168,291,12,125,93,0,0,4,2,1,0,0,6,0,0,0,2,2737,584,696,1671,500,112,464,192,41,504,66,270,0,0,0,4,198,11,6,204,183,10,17,25,0,0,2,11,0,0,0,0,4521,881,1855,2447,410,134,212,76,424,5,163,0,342,3,0,260,4360,2194,2324,6472,367,5,576,1028,33,20,379,272,376,0,0,5,0,16,3,4,0,0,0,6,2,0,0,0,0,0,0,0,753,34,12,115,19,1,0,22,1,0,0,2,0,0,0,0,371,6,8,30,184,3,3,4,5,1,13,13,4,2,0,10,1350,1292,535,417,501,183,6,5,13,2,12,5,5,0,2,0,755,14,19,574,173,282,2,121,11,158,2,8,57,37,0,5,119,74,2,251,29,0,0,17,0,2,0,41,16,1,0,8,545,23,4,223,0,17,0,0,0,0,0,0,0,3,0,0,0,0,0,0,14,0,0,0,0,0,0,0,0,0,0,0,0,111,12,16,0,0,0,0,0,0,0,0,0,0,0,0,5924,2800,1757,6757,186,47,8,817,62,3,54,123,496,171,0,830,1359,433,123,1430,2,20,11,262,21,0,0,195,101,7,1,56,1943,878,1149,2968,287,5,14,1214,133,17,3,362,124,63,6,237,462,16,0,134,0,0,0,0,0,0,0,0,0,6,0,11,5722,2689,1731,7117,292,0,3,340,621,216,476,720,213,64,37,158,0,0,3,26,0,163,0,5,0,0,0,0,0,0,0,0,231,0,3,15,0,0,0,0,3,0,0,1,0,0,0,0,3338,890,261,874,466,26,30,270,35,0,16,183,6,305,0,59,1176,434,440,706,124,22,0,30,97,2,4,88,25,3,0
0,22,0,242,133,0,0,0,0,0,0,0,0,0,0,0,0,436,0,0,128,5,153,0,22,0,0,0,0,0,0,0,0,12,75,25,57,0,0,0,0,0,2,0,0,0,0,4,19,294,240,228,307,32,285,8,20,0,0,0,0,0,0,0,0,22,22,14,38,0,12,0,0,0,0,8,0,0,0,0,0,15,114,0,7,0,0,0,13,0,0,0,0,0,0,0,0,545,24,81,55,173,53,13,13,0,0,0,0,0,0,0,0,62,53,0,83,0,0,0,9,0,0,0,0,0,0,0,9,265,7,1,36,2,0,0,0,0,3,0,0,0,0,0,0,0,4,0,0,0,0,0,0,0,0,0,0,0,0,0,0,712,155,0,3,0,0,0,2,0,0,0,0,0,0,0,0,256,477,2,151,0,0,0,49,0,0,0,8,0,8,0,0,0,0,0,0,0,0,0,0,0,0,0,0,0,0,0,1,15,1,26,34,0,0,0,26,6,10,0,90,0,0,0,0,159,12,6,54,0,1,0,0,2,2,0,6,14,0,0,5,0,13,0,0,0,0,0,0,7,0,0,0,0,0,0,0,441,20,0,31,0,5,0,0,6,0,0,1,0,0,0,0,19,18,0,35,0,0,0,1,23,1,0,0,0,1,0,9,55,22,10,89,8,0,0,1,0,0,0,0,17,0,0,0,3,1,3,0,1,1,0,0,0,0,0,0,0,0,0,0,4,168,101,57,0,0,0,0,0,6,0,0,0,0,0,0,8,1,1,115,11,65,2,14,16,0,0,0,0,0,0,0,140,44,2,121,0,0,0,5,0,0,0,0,0,0,0,0,9,0,0,3,0,0,0,0,0,0,0,0,13,0,0,0,36,4,2,36,0,0,10,6,0,0,0,4,0,0,0,64,24,1,0,19,0,0,0,109,0,0,0,1,0,0,0,2,35,8,0,10,1,0,0,0,0,1,0,0,0,0,0,0,0,0,0,17,0,0,0,0,0,0,0,0,0,0,0,0,0,0,0,0,0,0,0,2,0,0,0,0,0,0,2,0,39,39,16,156,0,0,0,0,0,0,0,6,0,0,0,0,32,987,27,56,0,13,0,4,0,0,0,0,0,0,0,0,131,0,1,36,113,0,0,0,0,0,0,0,0,0,0,0,0,0,10,304,0,0,0,128,0,0,0,0,0,0,0,0,143,70,0,95,0,0,0,0,0,0,0,0,0,0,0,0,297,33,0,37,19,0,0,0,0,0,0,0,0,0,0,0,25,3,0,16,0,0,1,0,8,0,0,12,0,0,0,0,634,22,22,69,11,14,0,3,200,0,0,39,0,0,0,0,57,7,0,197,36,0,0,2,0,4,0,0,0,0,0,109,1,0,21,18,1,0,0,4,0,0,0,0,0,0,0,0,11,0,0,4,0,0,0,3,0,0,0,0,0,0,0,0,1997,980,454,1290,36,14,13,418,220,0,0,53,2,35,0,168,291,12,125,93,0,0,4,2,1,0,0,6,0,0,0,2,2737,584,696,1671,500,112,464,192,41,504,66,270,0,0,0,4,198,11,6,204,183,10,17,25,0,0,2,11,0,0,0,0,4521,881,1855,2447,410,134,212,76,424,5,163,0,342,3,0,260,4360,2192,2323,6469,367,5,575,1028,33,20,379,271,376,0,0,5,0,16,3,4,0,0,0,6,2,0,0,0,0,0,0,0,753,34,12,115,19,1,0,22,1,0,0,2,0,0,0,0,371,6,8,30,184,3,3,4,5,1,13,13,4,2,0,10,1350,1292,535,417,501,183,6,5,13,2,12,5,5,0,2,0,755,14,19,574,173,282,2,121,11,158,2,8,57,37,0,5,119,74,2,251,29,0,0,17,0,2,0,41,16,1,0,8,545,23,4,223,0,17,0,0,0,0,0,0,0,3,0,0,0,0,0,0,14,0,0,0,0,0,0,0,0,0,0,0,0,111,12,16,0,0,0,0,0,0,0,0,0,0,0,0,5924,2800,1757,6757,186,47,8,817,62,3,54,123,496,171,0,830,1359,433,123,1430,2,20,11,262,21,0,0,195,101,7,1,56,1943,876,1149,2968,287,5,14,1214,133,17,3,360,124,63,6,237,462,16,0,134,0,0,0,0,0,0,0,0,0,6,0,11,5722,2689,1731,7113,292,0,3,340,620,216,475,720,213,64,37,158,0,0,3,26,0,162,0,5,0,0,0,0,0,0,0,0,231,0,3,15,0,0,0,0,3,0,0,1,0,0,0,0,3338,890,261,874,466,26,30,270,35,0,16,183,6,305,0,59,1176,434,440,706,124,22,0,30,97,2,4,88,25,3,0
0,22,0,242,133,0,0,0,0,0,0,0,0,0,0,0,0,436,0,0,128,5,153,0,22,0,0,0,0,0,0,0,0,12,75,25,57,0,0,0,0,0,2,0,0,0,0,4,19,294,240,228,307,32,285,8,20,0,0,0,0,0,0,0,0,22,22,14,38,0,12,0,0,0,0,8,0,0,0,0,0,15,114,0,7,0,0,0,13,0,0,0,0,0,0,0,0,545,24,81,55,173,53,13,13,0,0,0,0,0,0,0,0,62,53,0,83,0,0,0,9,0,0,0,0,0,0,0,9,265,7,1,36,2,0,0,0,0,3,0,0,0,0,0,0,0,4,0,0,0,0,0,0,0,0,0,0,0,0,0,0,712,155,0,3,0,0,0,2,0,0,0,0,0,0,0,0,256,477,2,151,0,0,0,49,0,0,0,8,0,8,0,0,0,0,0,0,0,0,0,0,0,0,0,0,0,0,0,1,15,1,26,34,0,0,0,26,6,10,0,90,0,0,0,0,159,12,6,54,0,1,0,0,2,2,0,6,14,0,0,5,0,13,0,0,0,0,0,0,7,0,0,0,0,0,0,0,441,20,0,31,0,5,0,0,6,0,0,1,0,0,0,0,19,18,0,35,0,0,0,1,23,1,0,0,0,1,0,9,55,22,10,89,8,0,0,1,0,0,0,0,17,0,0,0,3,1,3,0,1,1,0,0,0,0,0,0,0,0,0,0,4,168,101,57,0,0,0,0,0,6,0,0,0,0,0,0,8,1,1,115,11,65,2,14,16,0,0,0,0,0,0,0,140,44,2,121,0,0,0,5,0,0,0,0,0,0,0,0,9,0,0,3,0,0,0,0,0,0,0,0,13,0,0,0,36,4,2,36,0,0,10,6,0,0,0,4,0,0,0,64,24,1,0,19,0,0,0,109,0,0,0,1,0,0,0,2,35,8,0,10,1,0,0,0,0,1,0,0,0,0,0,0,0,0,0,17,0,0,0,0,0,0,0,0,0,0,0,0,0,0,0,0,0,0,0,2,0,0,0,0,0,0,2,0,39,39,16,156,0,0,0,0,0,0,0,6,0,0,0,0,32,987,27,56,0,13,0,4,0,0,0,0,0,0,0,0,131,0,1,36,113,0,0,0,0,0,0,0,0,0,0,0,0,0,10,304,0,0,0,128,0,0,0,0,0,0,0,0,143,70,0,95,0,0,0,0,0,0,0,0,0,0,0,0,297,33,0,37,19,0,0,0,0,0,0,0,0,0,0,0,25,3,0,16,0,0,1,0,8,0,0,12,0,0,0,0,634,22,22,69,11,14,0,3,200,0,0,39,0,0,0,0,57,7,0,197,36,0,0,2,0,4,0,0,0,0,0,109,1,0,21,18,1,0,0,4,0,0,0,0,0,0,0,0,11,0,0,4,0,0,0,3,0,0,0,0,0,0,0,0,1997,980,454,1290,36,14,13,418,220,0,0,53,2,35,0,168,291,12,125,93,0,0,4,2,1,0,0,6,0,0,0,2,2737,584,696,1671,500,112,464,192,41,504,66,270,0,0,0,4,198,11,6,204,183,10,17,25,0,0,2,11,0,0,0,0,4521,881,1855,2447,410,134,212,76,424,5,163,0,342,3,0,260,4360,2192,2323,6469,367,5,575,1028,33,20,379,271,376,0,0,5,0,16,3,4,0,0,0,6,2,0,0,0,0,0,0,0,753,34,12,115,19,1,0,22,1,0,0,2,0,0,0,0,371,6,8,30,184,3,3,4,5,1,13,13,4,2,0,10,1350,1292,535,417,501,183,6,5,13,2,12,5,5,0,2,0,755,14,19,574,173,282,2,121,11,158,2,8,57,37,0,5,119,74,2,251,29,0,0,17,0,2,0,41,16,1,0,8,545,23,4,223,0,17,0,0,0,0,0,0,0,3,0,0,0,0,0,0,14,0,0,0,0,0,0,0,0,0,0,0,0,111,12,16,0,0,0,0,0,0,0,0,0,0,0,0,5924,2800,1757,6757,186,47,8,817,62,3,54,123,496,171,0,830,1359,433,123,1430,2,20,11,262,21,0,0,195,101,7,1,56,1943,876,1149,2968,287,5,14,1214,133,17,3,360,124,63,6,237,462,16,0,134,0,0,0,0,0,0,0,0,0,6,0,11,5722,2689,1731,7113,292,0,3,340,620,216,475,720,213,64,37,158,0,0,3,26,0,162,0,5,0,0,0,0,0,0,0,0,231,0,3,15,0,0,0,0,3,0,0,1,0,0,0,0,3338,890,261,874,466,26,30,270,35,0,16,183,6,305,0,59,1176,434,440,706,124,22,0,30,97,2,4,88,25,3,0
0,22,0,242,133,0,0,0,0,0,0,0,0,0,0,0,0,436,0,0,128,5,153,0,22,0,0,0,0,0,0,0,0,12,75,25,57,0,0,0,0,0,2,0,0,0,0,4,19,294,240,228,307,32,285,8,20,0,0,0,0,0,0,0,0,22,22,14,38,0,12,0,0,0,0,8,0,0,0,0,0,15,114,0,7,0,0,0,13,0,0,0,0,0,0,0,0,545,24,81,55,173,53,13,13,0,0,0,0,0,0,0,0,62,53,0,83,0,0,0,9,0,0,0,0,0,0,0,9,265,7,1,36,2,0,0,0,0,3,0,0,0,0,0,0,0,4,0,0,0,0,0,0,0,0,0,0,0,0,0,0,712,155,0,3,0,0,0,2,0,0,0,0,0,0,0,0,256,477,2,151,0,0,0,49,0,0,0,8,0,8,0,0,0,0,0,0,0,0,0,0,0,0,0,0,0,0,0,1,15,1,26,34,0,0,0,26,6,10,0,90,0,0,0,0,159,12,6,54,0,1,0,0,2,2,0,6,14,0,0,5,0,13,0,0,0,0,0,0,7,0,0,0,0,0,0,0,441,20,0,31,0,5,0,0,6,0,0,1,0,0,0,0,19,18,0,35,0,0,0,1,23,1,0,0,0,1,0,9,55,22,10,89,8,0,0,1,0,0,0,0,17,0,0,0,3,1,3,0,1,1,0,0,0,0,0,0,0,0,0,0,4,168,101,57,0,0,0,0,0,6,0,0,0,0,0,0,8,1,1,115,11,65,2,14,16,0,0,0,0,0,0,0,140,44,2,121,0,0,0,5,0,0,0,0,0,0,0,0,9,0,0,3,0,0,0,0,0,0,0,0,13,0,0,0,36,4,2,36,0,0,10,6,0,0,0,4,0,0,0,64,24,1,0,19,0,0,0,109,0,0,0,1,0,0,0,2,35,8,0,10,1,0,0,0,0,1,0,0,0,0,0,0,0,0,0,17,0,0,0,0,0,0,0,0,0,0,0,0,0,0,0,0,0,0,0,2,0,0,0,0,0,0,2,0,39,39,16,156,0,0,0,0,0,0,0,6,0,0,0,0,32,987,27,56,0,13,0,4,0,0,0,0,0,0,0,0,131,0,1,36,113,0,0,0,0,0,0,0,0,0,0,0,0,0,10,304,0,0,0,128,0,0,0,0,0,0,0,0,143,70,0,95,0,0,0,0,0,0,0,0,0,0,0,0,297,33,0,37,19,0,0,0,0,0,0,0,0,0,0,0,25,3,0,16,0,0,1,0,8,0,0,12,0,0,0,0,634,22,22,69,11,14,0,3,200,0,0,39,0,0,0,0,57,7,0,197,36,0,0,2,0,4,0,0,0,0,0,109,1,0,21,18,1,0,0,4,0,0,0,0,0,0,0,0,11,0,0,4,0,0,0,3,0,0,0,0,0,0,0,0,1997,980,454,1290,36,14,13,418,220,0,0,53,2,35,0,168,291,12,125,93,0,0,4,2,1,0,0,6,0,0,0,2,2737,584,696,1671,500,112,464,192,41,504,66,270,0,0,0,4,198,11,6,204,183,10,17,25,0,0,2,11,0,0,0,0,4521,881,1855,2447,410,134,212,76,424,5,163,0,342,3,0,260,4360,2192,2323,6469,367,5,575,1028,33,20,379,271,376,0,0,5,0,16,3,4,0,0,0,6,2,0,0,0,0,0,0,0,753,34,12,115,19,1,0,22,1,0,0,2,0,0,0,0,371,6,8,30,184,3,3,4,5,1,13,13,4,2,0,10,1350,1292,535,417,501,183,6,5,13,2,12,5,5,0,2,0,755,14,19,574,173,282,2,121,11,158,2,8,57,37,0,5,119,74,2,251,29,0,0,17,0,2,0,41,16,1,0,8,545,23,4,223,0,17,0,0,0,0,0,0,0,3,0,0,0,0,0,0,14,0,0,0,0,0,0,0,0,0,0,0,0,111,12,16,0,0,0,0,0,0,0,0,0,0,0,0,5924,2800,1757,6757,186,47,8,817,62,3,54,123,496,171,0,830,1359,433,123,1430,2,20,11,262,21,0,0,195,101,7,1,56,1943,876,1149,2968,287,5,14,1214,133,17,3,360,124,63,6,237,462,16,0,134,0,0,0,0,0,0,0,0,0,6,0,11,5722,2689,1731,7113,292,0,3,340,620,216,475,720,213,64,37,158,0,0,3,26,0,162,0,5,0,0,0,0,0,0,0,0,231,0,3,15,0,0,0,0,3,0,0,1,0,0,0,0,3338,890,261,874,466,26,30,270,35,0,16,183,6,305,0,59,1176,434,440,706,124,22,0,30,97,2,4,88,25,3,0
0,22,0,242,133,0,0,0,0,0,0,0,0,0,0,0,0,436,0,0,128,5,153,0,22,0,0,0,0,0,0,0,0,12,75,25,57,0,0,0,0,0,2,0,0,0,0,4,19,294,240,228,307,32,285,8,20,0,0,0,0,0,0,0,0,22,22,14,38,0,12,0,0,0,0,8,0,0,0,0,0,15,114,0,7,0,0,0,13,0,0,0,0,0,0,0,0,545,24,81,55,173,53,13,13,0,0,0,0,0,0,0,0,62,53,0,83,0,0,0,9,0,0,0,0,0,0,0,9,266,7,1,36,2,0,0,0,0,3,0,0,0,0,0,0,0,4,0,0,0,0,0,0,0,0,0,0,0,0,0,0,712,155,0,3,0,0,0,2,0,0,0,0,0,0,0,0,256,477,2,151,0,0,0,49,0,0,0,8,0,8,0,0,0,0,0,0,0,0,0,0,0,0,0,0,0,0,0,1,15,1,26,34,0,0,0,26,6,10,0,90,0,0,0,0,159,12,6,54,0,1,0,0,2,2,0,6,14,0,0,5,0,13,0,0,0,0,0,0,7,0,0,0,0,0,0,0,441,20,0,31,0,5,0,0,6,0,0,1,0,0,0,0,19,18,0,35,0,0,0,1,23,1,0,0,0,1,0,9,55,22,10,89,8,0,0,1,0,0,0,0,17,0,0,0,3,1,3,0,1,1,0,0,0,0,0,0,0,0,0,0,4,168,101,57,0,0,0,0,0,6,0,0,0,0,0,0,8,1,1,115,11,65,2,14,16,0,0,0,0,0,0,0,140,44,2,121,0,0,0,5,0,0,0,0,0,0,0,0,9,0,0,3,0,0,0,0,0,0,0,0,13,0,0,0,36,4,2,36,0,0,10,6,0,0,0,4,0,0,0,64,24,1,0,19,0,0,0,109,0,0,0,1,0,0,0,2,35,8,0,10,1,0,0,0,0,1,0,0,0,0,0,0,0,0,0,17,0,0,0,0,0,0,0,0,0,0,0,0,0,0,0,0,0,0,0,2,0,0,0,0,0,0,2,0,39,39,16,156,0,0,0,0,0,0,0,6,0,0,0,0,32,987,27,56,0,13,0,4,0,0,0,0,0,0,0,0,131,0,1,36,113,0,0,0,0,0,0,0,0,0,0,0,0,0,10,304,0,0,0,128,0,0,0,0,0,0,0,0,143,70,0,95,0,0,0,0,0,0,0,0,0,0,0,0,297,33,0,37,19,0,0,0,0,0,0,0,0,0,0,0,25,3,0,16,0,0,1,0,8,0,0,12,0,0,0,0,634,22,22,69,11,14,0,3,200,0,0,39,0,0,0,0,57,7,0,197,36,0,0,2,0,4,0,0,0,0,0,109,1,0,21,18,1,0,0,4,0,0,0,0,0,0,0,0,11,0,0,4,0,0,0,3,0,0,0,0,0,0,0,0,1997,980,454,1290,36,14,13,418,220,0,0,53,2,35,0,168,291,12,125,93,0,0,4,2,1,0,0,6,0,0,0,2,2737,584,696,1671,500,112,464,192,41,504,66,270,0,0,0,4,198,11,6,204,183,10,17,25,0,0,2,11,0,0,0,0,4521,881,1855,2447,410,134,212,76,424,5,163,0,342,3,0,260,4360,2194,2324,6472,367,5,576,1028,33,20,379,272,376,0,0,5,0,16,3,4,0,0,0,6,2,0,0,0,0,0,0,0,753,34,12,115,19,1,0,22,1,0,0,2,0,0,0,0,371,6,8,30,184,3,3,4,5,1,13,13,4,2,0,10,1350,1292,535,417,501,183,6,5,13,2,12,5,5,0,2,0,755,14,19,574,173,282,2,121,11,158,2,8,57,37,0,5,119,74,2,251,29,0,0,17,0,2,0,41,16,1,0,8,545,23,4,223,0,17,0,0,0,0,0,0,0,3,0,0,0,0,0,0,14,0,0,0,0,0,0,0,0,0,0,0,0,111,12,16,0,0,0,0,0,0,0,0,0,0,0,0,5924,2800,1757,6757,186,47,8,817,62,3,54,123,496,171,0,830,1359,433,123,1430,2,20,11,262,21,0,0,195,101,7,1,56,1943,878,1149,2968,287,5,14,1214,133,17,3,362,124,63,6,237,462,16,0,134,0,0,0,0,0,0,0,0,0,6,0,11,5722,2689,1731,7117,292,0,3,340,621,216,476,720,213,64,37,158,0,0,3,26,0,163,0,5,0,0,0,0,0,0,0,0,231,0,3,15,0,0,0,0,3,0,0,1,0,0,0,0,3338,890,261,874,466,26,30,270,35,0,16,183,6,305,0,59,1176,434,440,706,124,22,0,30,97,2,4,88,25,3,0
0,22,0,242,133,0,0,0,0,0,0,0,0,0,0,0,0,436,0,0,128,5,153,0,22,0,0,0,0,0,0,0,0,12,75,25,57,0,0,0,0,0,2,0,0,0,0,4,19,294,240,228,307,32,285,8,20,0,0,0,0,0,0,0,0,22,22,14,38,0,12,0,0,0,0,8,0,0,0,0,0,15,114,0,7,0,0,0,13,0,0,0,0,0,0,0,0,545,24,81,55,173,53,13,13,0,0,0,0,0,0,0,0,62,53,0,83,0,0,0,9,0,0,0,0,0,0,0,9,265,7,1,36,2,0,0,0,0,3,0,0,0,0,0,0,0,4,0,0,0,0,0,0,0,0,0,0,0,0,0,0,713,156,0,3,0,0,0,2,0,0,0,0,0,0,0,0,256,477,2,151,0,0,0,49,0,0,0,8,0,8,0,0,0,0,0,0,0,0,0,0,0,0,0,0,0,0,0,1,15,1,26,34,0,0,0,26,6,10,0,90,0,0,0,0,159,12,6,54,0,1,0,0,2,2,0,6,14,0,0,5,0,13,0,0,0,0,0,0,7,0,0,0,0,0,0,0,441,20,0,31,0,5,0,0,6,0,0,1,0,0,0,0,19,18,0,35,0,0,0,1,23,1,0,0,0,1,0,9,55,22,10,89,8,0,0,1,0,0,0,0,17,0,0,0,3,1,3,0,1,1,0,0,0,0,0,0,0,0,0,0,4,169,101,57,0,0,0,0,0,6,0,0,0,0,0,0,8,1,1,115,11,65,2,14,16,0,0,0,0,0,0,0,140,44,2,121,0,0,0,5,0,0,0,0,0,0,0,0,9,0,0,3,0,0,0,0,0,0,0,0,13,0,0,0,36,4,2,36,0,0,10,6,0,0,0,4,0,0,0,64,24,1,0,19,0,0,0,109,0,0,0,1,0,0,0,2,35,8,0,10,1,0,0,0,0,1,0,0,0,0,0,0,0,0,0,17,0,0,0,0,0,0,0,0,0,0,0,0,0,0,0,0,0,0,0,2,0,0,0,0,0,0,2,0,39,39,16,156,0,0,0,0,0,0,0,6,0,0,0,0,32,987,27,56,0,13,0,4,0,0,0,0,0,0,0,0,131,0,1,36,113,0,0,0,0,0,0,0,0,0,0,0,0,0,10,305,0,0,0,128,0,0,0,0,0,0,0,0,143,70,0,95,0,0,0,0,0,0,0,0,0,0,0,0,297,33,0,37,19,0,0,0,0,0,0,0,0,0,0,0,25,3,0,16,0,0,1,0,8,0,0,12,0,0,0,0,634,22,22,69,11,14,0,3,200,0,0,39,0,0,0,0,57,7,0,197,36,0,0,2,0,4,0,0,0,0,0,109,1,0,21,18,1,0,0,4,0,0,0,0,0,0,0,0,11,0,0,4,0,0,0,3,0,0,0,0,0,0,0,0,1997,980,454,1290,36,14,13,418,220,0,0,53,2,35,0,168,291,12,125,93,0,0,4,2,1,0,0,6,0,0,0,2,2737,584,696,1672,500,112,464,192,41,504,66,270,0,0,0,4,198,11,6,204,183,10,17,25,0,0,2,11,0,0,0,0,4521,881,1855,2447,410,134,212,76,424,5,163,0,342,3,0,260,4360,2192,2324,6470,367,5,575,1028,33,20,379,271,376,0,0,5,0,16,3,4,0,0,0,6,2,0,0,0,0,0,0,0,753,34,12,115,19,1,0,22,1,0,0,2,0,0,0,0,371,6,8,30,184,3,3,4,5,1,13,13,4,2,0,10,1350,1292,535,417,501,183,6,5,13,2,12,5,5,0,2,0,756,14,19,574,174,283,2,121,11,159,2,8,57,37,0,5,119,74,2,251,29,0,0,17,0,2,0,41,16,1,0,8,545,23,4,223,0,17,0,0,0,0,0,0,0,3,0,0,0,0,0,0,14,0,0,0,0,0,0,0,0,0,0,0,0,111,12,16,0,0,0,0,0,0,0,0,0,0,0,0,5924,2800,1757,6757,186,47,8,817,62,3,54,123,496,171,0,830,1359,433,123,1430,2,20,11,262,21,0,0,195,101,7,1,56,1943,877,1149,2968,287,5,14,1214,133,17,3,360,124,63,6,237,462,16,0,134,0,0,0,0,0,0,0,0,0,6,0,11,5724,2689,1731,7114,292,0,3,340,620,216,475,720,213,64,37,158,0,0,3,26,0,162,0,5,0,0,0,0,0,0,0,0,231,0,3,15,0,0,0,0,3,0,0,1,0,0,0,0,3338,890,261,875,466,26,30,270,35,0,16,183,6,305,0,59,1176,434,441,707,124,22,0,30,97,2,4,88,25,3,0
0,22,0,242,133,0,0,0,0,0,0,0,0,0,0,0,0,436,0,0,128,5,153,0,22,0,0,0,0,0,0,0,0,12,75,25,57,0,0,0,0,0,2,0,0,0,0,4,19,294,240,228,307,32,285,8,20,0,0,0,0,0,0,0,0,22,22,14,38,0,12,0,0,0,0,8,0,0,0,0,0,15,114,0,7,0,0,0,13,0,0,0,0,0,0,0,0,545,24,81,55,173,53,13,13,0,0,0,0,0,0,0,0,62,53,0,83,0,0,0,9,0,0,0,0,0,0,0,9,265,7,1,36,2,0,0,0,0,3,0,0,0,0,0,0,0,4,0,0,0,0,0,0,0,0,0,0,0,0,0,0,713,156,0,3,0,0,0,2,0,0,0,0,0,0,0,0,256,477,2,151,0,0,0,49,0,0,0,8,0,8,0,0,0,0,0,0,0,0,0,0,0,0,0,0,0,0,0,1,15,1,26,34,0,0,0,26,6,10,0,90,0,0,0,0,159,12,6,54,0,1,0,0,2,2,0,6,14,0,0,5,0,13,0,0,0,0,0,0,7,0,0,0,0,0,0,0,441,20,0,31,0,5,0,0,6,0,0,1,0,0,0,0,19,18,0,35,0,0,0,1,23,1,0,0,0,1,0,9,55,22,10,89,8,0,0,1,0,0,0,0,17,0,0,0,3,1,3,0,1,1,0,0,0,0,0,0,0,0,0,0,4,169,101,57,0,0,0,0,0,6,0,0,0,0,0,0,8,1,1,115,11,65,2,14,16,0,0,0,0,0,0,0,140,44,2,121,0,0,0,5,0,0,0,0,0,0,0,0,9,0,0,3,0,0,0,0,0,0,0,0,13,0,0,0,36,4,2,36,0,0,10,6,0,0,0,4,0,0,0,64,24,1,0,19,0,0,0,109,0,0,0,1,0,0,0,2,35,8,0,10,1,0,0,0,0,1,0,0,0,0,0,0,0,0,0,17,0,0,0,0,0,0,0,0,0,0,0,0,0,0,0,0,0,0,0,2,0,0,0,0,0,0,2,0,39,39,16,156,0,0,0,0,0,0,0,6,0,0,0,0,32,987,27,56,0,13,0,4,0,0,0,0,0,0,0,0,131,0,1,36,113,0,0,0,0,0,0,0,0,0,0,0,0,0,10,305,0,0,0,128,0,0,0,0,0,0,0,0,143,70,0,95,0,0,0,0,0,0,0,0,0,0,0,0,297,33,0,37,19,0,0,0,0,0,0,0,0,0,0,0,25,3,0,16,0,0,1,0,8,0,0,12,0,0,0,0,634,22,22,69,11,14,0,3,200,0,0,39,0,0,0,0,57,7,0,197,36,0,0,2,0,4,0,0,0,0,0,109,1,0,21,18,1,0,0,4,0,0,0,0,0,0,0,0,11,0,0,4,0,0,0,3,0,0,0,0,0,0,0,0,1997,980,454,1290,36,14,13,418,220,0,0,53,2,35,0,168,291,12,125,93,0,0,4,2,1,0,0,6,0,0,0,2,2737,584,696,1672,500,112,464,192,41,504,66,270,0,0,0,4,198,11,6,204,183,10,17,25,0,0,2,11,0,0,0,0,4521,881,1855,2447,410,134,212,76,424,5,163,0,342,3,0,260,4360,2192,2324,6470,367,5,575,1028,33,20,379,271,376,0,0,5,0,16,3,4,0,0,0,6,2,0,0,0,0,0,0,0,753,34,12,115,19,1,0,22,1,0,0,2,0,0,0,0,371,6,8,30,184,3,3,4,5,1,13,13,4,2,0,10,1350,1292,535,417,501,183,6,5,13,2,12,5,5,0,2,0,756,14,19,574,174,283,2,121,11,159,2,8,57,37,0,5,119,74,2,251,29,0,0,17,0,2,0,41,16,1,0,8,545,23,4,223,0,17,0,0,0,0,0,0,0,3,0,0,0,0,0,0,14,0,0,0,0,0,0,0,0,0,0,0,0,111,12,16,0,0,0,0,0,0,0,0,0,0,0,0,5924,2800,1757,6757,186,47,8,817,62,3,54,123,496,171,0,830,1359,433,123,1430,2,20,11,262,21,0,0,195,101,7,1,56,1943,877,1149,2968,287,5,14,1214,133,17,3,360,124,63,6,237,462,16,0,134,0,0,0,0,0,0,0,0,0,6,0,11,5724,2689,1731,7114,292,0,3,340,620,216,475,720,213,64,37,158,0,0,3,26,0,162,0,5,0,0,0,0,0,0,0,0,231,0,3,15,0,0,0,0,3,0,0,1,0,0,0,0,3338,890,261,875,466,26,30,270,35,0,16,183,6,305,0,59,1176,434,441,707,124,22,0,30,97,2,4,88,25,3,0
0,22,0,242,133,0,0,0,0,0,0,0,0,0,0,0,0,436,0,0,128,5,153,0,22,0,0,0,0,0,0,0,0,12,75,25,57,0,0,0,0,0,2,0,0,0,0,4,19,294,240,228,307,32,285,8,20,0,0,0,0,0,0,0,0,22,22,14,38,0,12,0,0,0,0,8,0,0,0,0,0,15,114,0,7,0,0,0,13,0,0,0,0,0,0,0,0,545,24,81,55,173,53,13,13,0,0,0,0,0,0,0,0,62,53,0,83,0,0,0,9,0,0,0,0,0,0,0,9,265,7,1,36,2,0,0,0,0,3,0,0,0,0,0,0,0,4,0,0,0,0,0,0,0,0,0,0,0,0,0,0,712,155,0,3,0,0,0,2,0,0,0,0,0,0,0,0,256,477,2,151,0,0,0,49,0,0,0,8,0,8,0,0,0,0,0,0,0,0,0,0,0,0,0,0,0,0,0,1,15,1,26,34,0,0,0,26,6,10,0,90,0,0,0,0,159,12,6,54,0,1,0,0,2,2,0,6,14,0,0,5,0,13,0,0,0,0,0,0,7,0,0,0,0,0,0,0,441,20,0,31,0,5,0,0,6,0,0,1,0,0,0,0,19,18,0,35,0,0,0,1,23,1,0,0,0,1,0,9,55,22,10,89,8,0,0,1,0,0,0,0,17,0,0,0,3,1,3,0,1,1,0,0,0,0,0,0,0,0,0,0,4,168,101,57,0,0,0,0,0,6,0,0,0,0,0,0,8,1,1,115,11,65,2,14,16,0,0,0,0,0,0,0,140,44,2,121,0,0,0,5,0,0,0,0,0,0,0,0,9,0,0,3,0,0,0,0,0,0,0,0,13,0,0,0,36,4,2,36,0,0,10,6,0,0,0,4,0,0,0,64,24,1,0,19,0,0,0,109,0,0,0,1,0,0,0,2,35,8,0,10,1,0,0,0,0,1,0,0,0,0,0,0,0,0,0,17,0,0,0,0,0,0,0,0,0,0,0,0,0,0,0,0,0,0,0,2,0,0,0,0,0,0,2,0,39,39,16,156,0,0,0,0,0,0,0,6,0,0,0,0,32,987,27,56,0,13,0,4,0,0,0,0,0,0,0,0,131,0,1,36,113,0,0,0,0,0,0,0,0,0,0,0,0,0,10,304,0,0,0,128,0,0,0,0,0,0,0,0,143,70,0,95,0,0,0,0,0,0,0,0,0,0,0,0,297,33,0,37,19,0,0,0,0,0,0,0,0,0,0,0,25,3,0,16,0,0,1,0,8,0,0,12,0,0,0,0,634,22,22,69,11,14,0,3,200,0,0,39,0,0,0,0,57,7,0,197,36,0,0,2,0,4,0,0,0,0,0,109,1,0,21,18,1,0,0,4,0,0,0,0,0,0,0,0,11,0,0,4,0,0,0,3,0,0,0,0,0,0,0,0,1998,980,455,1290,36,14,13,418,220,0,0,53,2,35,0,168,291,12,125,93,0,0,4,2,1,0,0,6,0,0,0,2,2737,584,696,1671,500,112,464,192,41,504,66,270,0,0,0,4,198,11,6,204,183,10,17,25,0,0,2,11,0,0,0,0,4521,881,1855,2447,410,134,212,76,424,5,163,0,342,3,0,260,4360,2192,2323,6469,367,5,575,1028,33,20,379,271,376,0,0,5,0,16,3,4,0,0,0,6,2,0,0,0,0,0,0,0,753,34,12,115,19,1,0,22,1,0,0,2,0,0,0,0,371,6,8,30,184,3,3,4,5,1,13,13,4,2,0,10,1350,1292,535,417,501,183,6,5,13,2,12,5,5,0,2,0,755,14,19,574,173,282,2,121,11,158,2,8,57,37,0,5,119,74,2,251,29,0,0,17,0,2,0,41,16,1,0,8,545,23,4,223,0,17,0,0,0,0,0,0,0,3,0,0,0,0,0,0,14,0,0,0,0,0,0,0,0,0,0,0,0,111,12,16,0,0,0,0,0,0,0,0,0,0,0,0,5925,2800,1757,6757,186,47,8,817,62,3,54,123,497,171,0,830,1360,433,123,1430,2,20,11,262,21,0,0,195,101,7,1,56,1943,876,1149,2968,287,5,14,1214,133,17,3,360,124,63,6,237,462,16,0,134,0,0,0,0,0,0,0,0,0,6,0,11,5722,2689,1731,7113,292,0,3,340,620,216,475,720,213,64,37,158,0,0,3,26,0,162,0,5,0,0,0,0,0,0,0,0,231,0,3,15,0,0,0,0,3,0,0,1,0,0,0,0,3339,890,261,874,466,26,30,270,35,0,16,183,6,305,0,59,1177,434,440,706,124,22,0,30,97,2,4,88,25,3,0
0,22,0,242,133,0,0,0,0,0,0,0,0,0,0,0,0,436,0,0,128,5,153,0,22,0,0,0,0,0,0,0,0,12,75,25,57,0,0,0,0,0,2,0,0,0,0,4,19,294,240,228,307,32,285,8,20,0,0,0,0,0,0,0,0,22,22,14,38,0,12,0,0,0,0,8,0,0,0,0,0,15,114,0,7,0,0,0,13,0,0,0,0,0,0,0,0,545,24,81,55,173,53,13,13,0,0,0,0,0,0,0,0,62,53,0,83,0,0,0,9,0,0,0,0,0,0,0,9,265,7,1,36,2,0,0,0,0,3,0,0,0,0,0,0,0,4,0,0,0,0,0,0,0,0,0,0,0,0,0,0,712,155,0,3,0,0,0,2,0,0,0,0,0,0,0,0,256,477,2,151,0,0,0,49,0,0,0,8,0,8,0,0,0,0,0,0,0,0,0,0,0,0,0,0,0,0,0,1,15,1,26,34,0,0,0,26,6,10,0,90,0,0,0,0,159,12,6,54,0,1,0,0,2,2,0,6,14,0,0,5,0,13,0,0,0,0,0,0,7,0,0,0,0,0,0,0,441,20,0,31,0,5,0,0,6,0,0,1,0,0,0,0,19,18,0,35,0,0,0,1,23,1,0,0,0,1,0,9,55,22,10,89,8,0,0,1,0,0,0,0,17,0,0,0,3,1,3,0,1,1,0,0,0,0,0,0,0,0,0,0,4,168,101,57,0,0,0,0,0,6,0,0,0,0,0,0,8,1,1,115,11,65,2,14,16,0,0,0,0,0,0,0,140,44,2,122,0,0,0,5,0,0,0,0,0,0,0,0,9,0,0,3,0,0,0,0,0,0,0,0,13,0,0,0,36,4,2,36,0,0,10,6,0,0,0,4,0,0,0,64,24,1,0,19,0,0,0,109,0,0,0,1,0,0,0,2,35,8,0,10,1,0,0,0,0,1,0,0,0,0,0,0,0,0,0,17,0,0,0,0,0,0,0,0,0,0,0,0,0,0,0,0,0,0,0,2,0,0,0,0,0,0,2,0,39,39,16,156,0,0,0,0,0,0,0,6,0,0,0,0,32,987,27,56,0,13,0,4,0,0,0,0,0,0,0,0,131,0,1,36,113,0,0,0,0,0,0,0,0,0,0,0,0,0,10,304,0,0,0,128,0,0,0,0,0,0,0,0,143,70,0,95,0,0,0,0,0,0,0,0,0,0,0,0,297,33,0,37,19,0,0,0,0,0,0,0,0,0,0,0,25,3,0,16,0,0,1,0,8,0,0,12,0,0,0,0,634,22,22,69,11,14,0,3,200,0,0,39,0,0,0,0,57,7,0,197,36,0,0,2,0,4,0,0,0,0,0,109,1,0,21,18,1,0,0,4,0,0,0,0,0,0,0,0,11,0,0,4,0,0,0,3,0,0,0,0,0,0,0,0,1997,980,454,1290,36,14,13,418,220,0,0,53,2,35,0,168,291,12,125,93,0,0,4,2,1,0,0,6,0,0,0,2,2737,584,697,1672,500,112,464,192,41,504,66,270,0,0,0,4,198,11,6,204,183,10,17,25,0,0,2,11,0,0,0,0,4521,881,1855,2448,410,134,212,76,424,5,163,0,342,3,0,260,4360,2192,2323,6470,367,5,575,1028,33,20,379,271,376,0,0,5,0,16,3,4,0,0,0,6,2,0,0,0,0,0,0,0,753,34,12,115,19,1,0,22,1,0,0,2,0,0,0,0,371,6,8,30,184,3,3,4,5,1,13,13,4,2,0,10,1350,1292,535,417,501,183,6,5,13,2,12,5,5,0,2,0,755,14,19,574,173,282,2,121,11,158,2,8,57,37,0,5,119,74,2,251,29,0,0,17,0,2,0,41,16,1,0,8,545,23,4,223,0,17,0,0,0,0,0,0,0,3,0,0,0,0,0,0,14,0,0,0,0,0,0,0,0,0,0,0,0,111,12,16,0,0,0,0,0,0,0,0,0,0,0,0,5924,2800,1757,6760,186,47,8,817,62,3,54,123,496,171,0,830,1359,433,123,1431,2,20,11,262,21,0,0,195,101,7,1,56,1943,876,1149,2968,287,5,14,1214,133,17,3,360,124,63,6,237,462,16,0,134,0,0,0,0,0,0,0,0,0,6,0,11,5722,2689,1731,7114,292,0,3,340,620,216,475,720,213,65,37,158,0,0,3,26,0,162,0,5,0,0,0,0,0,0,0,0,231,0,3,15,0,0,0,0,3,0,0,1,0,0,0,0,3338,890,261,874,466,26,30,270,35,0,16,183,6,305,0,59,1176,434,440,706,124,22,0,30,97,2,4,88,25,3,0
0,22,0,242,133,0,0,0,0,0,0,0,0,0,0,0,0,436,0,0,128,5,153,0,22,0,0,0,0,0,0,0,0,12,75,25,57,0,0,0,0,0,2,0,0,0,0,4,19,294,240,228,307,32,285,8,20,0,0,0,0,0,0,0,0,22,22,14,38,0,12,0,0,0,0,8,0,0,0,0,0,15,114,0,7,0,0,0,13,0,0,0,0,0,0,0,0,545,24,81,55,173,53,13,13,0,0,0,0,0,0,0,0,62,53,0,83,0,0,0,9,0,0,0,0,0,0,0,9,265,7,1,36,2,0,0,0,0,3,0,0,0,0,0,0,0,4,0,0,0,0,0,0,0,0,0,0,0,0,0,0,712,155,0,3,0,0,0,2,0,0,0,0,0,0,0,0,256,477,2,151,0,0,0,49,0,0,0,8,0,8,0,0,0,0,0,0,0,0,0,0,0,0,0,0,0,0,0,1,15,1,26,34,0,0,0,26,6,10,0,90,0,0,0,0,159,12,6,54,0,1,0,0,2,2,0,6,14,0,0,5,0,13,0,0,0,0,0,0,7,0,0,0,0,0,0,0,441,20,0,31,0,5,0,0,6,0,0,1,0,0,0,0,19,18,0,35,0,0,0,1,23,1,0,0,0,1,0,9,55,22,10,89,8,0,0,1,0,0,0,0,17,0,0,0,3,1,3,0,1,1,0,0,0,0,0,0,0,0,0,0,4,168,101,57,0,0,0,0,0,6,0,0,0,0,0,0,8,1,1,115,11,65,2,14,16,0,0,0,0,0,0,0,140,44,2,121,0,0,0,5,0,0,0,0,0,0,0,0,9,0,0,3,0,0,0,0,0,0,0,0,13,0,0,0,36,4,2,36,0,0,10,6,0,0,0,4,0,0,0,64,24,1,0,19,0,0,0,109,0,0,0,1,0,0,0,2,35,8,0,10,1,0,0,0,0,1,0,0,0,0,0,0,0,0,0,17,0,0,0,0,0,0,0,0,0,0,0,0,0,0,0,0,0,0,0,2,0,0,0,0,0,0,2,0,39,39,16,156,0,0,0,0,0,0,0,6,0,0,0,0,32,987,27,56,0,13,0,4,0,0,0,0,0,0,0,0,131,0,1,36,113,0,0,0,0,0,0,0,0,0,0,0,0,0,10,304,0,0,0,128,0,0,0,0,0,0,0,0,143,70,0,95,0,0,0,0,0,0,0,0,0,0,0,0,297,33,0,37,19,0,0,0,0,0,0,0,0,0,0,0,25,3,0,16,0,0,1,0,8,0,0,12,0,0,0,0,634,22,22,69,11,14,0,3,200,0,0,39,0,0,0,0,57,7,0,197,36,0,0,2,0,4,0,0,0,0,0,109,1,0,21,18,1,0,0,4,0,0,0,0,0,0,0,0,11,0,0,4,0,0,0,3,0,0,0,0,0,0,0,0,1997,980,454,1290,36,14,13,418,220,0,0,53,2,35,0,168,291,12,125,93,0,0,4,2,1,0,0,6,0,0,0,2,2737,584,696,1671,500,112,464,192,41,504,66,270,0,0,0,4,198,11,6,204,183,10,17,25,0,0,2,11,0,0,0,0,4521,881,1855,2447,410,134,212,76,424,5,163,0,342,3,0,260,4360,2192,2323,6469,367,5,575,1028,33,20,379,271,376,0,0,5,0,16,3,4,0,0,0,6,2,0,0,0,0,0,0,0,753,34,12,115,19,1,0,22,1,0,0,2,0,0,0,0,371,6,8,30,184,3,3,4,5,1,13,13,4,2,0,10,1350,1292,535,417,501,183,6,5,13,2,12,5,5,0,2,0,755,14,19,574,173,282,2,121,11,158,2,8,57,37,0,5,119,74,2,251,29,0,0,17,0,2,0,41,16,1,0,8,545,23,4,223,0,17,0,0,0,0,0,0,0,3,0,0,0,0,0,0,14,0,0,0,0,0,0,0,0,0,0,0,0,111,12,16,0,0,0,0,0,0,0,0,0,0,0,0,5925,2800,1757,6757,186,47,8,817,62,3,54,123,496,171,0,830,1360,433,123,1430,2,20,11,262,21,0,0,195,101,7,1,56,1943,876,1149,2968,287,5,14,1214,133,17,3,360,124,63,6,237,463,16,0,134,0,0,0,0,0,0,0,0,0,6,0,11,5722,2689,1731,7113,292,0,3,340,620,216,475,721,213,64,37,158,0,0,3,26,0,162,0,5,0,0,0,0,0,0,0,0,231,0,3,15,0,0,0,0,3,0,0,1,0,0,0,0,3338,890,261,874,466,26,30,270,35,0,16,183,6,305,0,59,1176,434,440,706,124,22,0,30,97,2,4,88,25,3,0
0,22,0,242,133,0,0,0,0,0,0,0,0,0,0,0,0,436,0,0,128,5,153,0,22,0,0,0,0,0,0,0,0,12,75,25,57,0,0,0,0,0,2,0,0,0,0,4,19,294,240,228,307,32,285,8,20,0,0,0,0,0,0,0,0,22,22,14,38,0,12,0,0,0,0,8,0,0,0,0,0,15,114,0,7,0,0,0,13,0,0,0,0,0,0,0,0,545,24,81,55,173,53,13,13,0,0,0,0,0,0,0,0,62,53,0,83,0,0,0,9,0,0,0,0,0,0,0,9,265,7,1,36,2,0,0,0,0,3,0,0,0,0,0,0,0,4,0,0,0,0,0,0,0,0,0,0,0,0,0,0,712,155,0,3,0,0,0,2,0,0,0,0,0,0,0,0,256,477,2,151,0,0,0,49,0,0,0,8,0,8,0,0,0,0,0,0,0,0,0,0,0,0,0,0,0,0,0,1,15,1,26,34,0,0,0,26,6,10,0,90,0,0,0,0,159,12,6,54,0,1,0,0,2,2,0,6,14,0,0,5,0,13,0,0,0,0,0,0,7,0,0,0,0,0,0,0,441,20,0,31,0,5,0,0,6,0,0,1,0,0,0,0,19,18,0,35,0,0,0,1,23,1,0,0,0,1,0,9,55,22,10,89,8,0,0,1,0,0,0,0,17,0,0,0,3,1,3,0,1,1,0,0,0,0,0,0,0,0,0,0,4,168,101,57,0,0,0,0,0,6,0,0,0,0,0,0,8,1,1,115,11,65,2,14,16,0,0,0,0,0,0,0,140,44,2,121,0,0,0,5,0,0,0,0,0,0,0,0,9,0,0,3,0,0,0,0,0,0,0,0,13,0,0,0,36,4,2,36,0,0,10,6,0,0,0,4,0,0,0,64,24,1,0,19,0,0,0,109,0,0,0,1,0,0,0,2,35,8,0,10,1,0,0,0,0,1,0,0,0,0,0,0,0,0,0,17,0,0,0,0,0,0,0,0,0,0,0,0,0,0,0,0,0,0,0,2,0,0,0,0,0,0,2,0,39,39,16,156,0,0,0,0,0,0,0,6,0,0,0,0,32,987,27,56,0,13,0,4,0,0,0,0,0,0,0,0,131,0,1,36,113,0,0,0,0,0,0,0,0,0,0,0,0,0,10,305,0,0,0,128,0,0,0,0,0,0,0,0,143,70,0,95,0,0,0,0,0,0,0,0,0,0,0,0,297,33,0,37,19,0,0,0,0,0,0,0,0,0,0,0,25,3,0,16,0,0,1,0,8,0,0,12,0,0,0,0,634,22,22,69,11,14,0,3,200,0,0,39,0,0,0,0,57,7,0,197,36,0,0,2,0,4,0,0,0,0,0,109,1,0,21,18,1,0,0,4,0,0,0,0,0,0,0,0,11,0,0,4,0,0,0,3,0,0,0,0,0,0,0,0,1997,980,454,1290,36,14,13,418,220,0,0,53,2,35,0,168,291,12,125,93,0,0,4,2,1,0,0,6,0,0,0,2,2738,584,697,1671,500,112,464,192,41,504,66,270,0,0,0,4,198,11,6,204,183,10,17,25,0,0,2,11,0,0,0,0,4521,881,1855,2447,410,134,212,77,424,5,163,0,342,3,0,260,4360,2192,2323,6471,367,5,575,1028,33,20,379,271,376,0,0,5,0,16,3,4,0,0,0,6,2,0,0,0,0,0,0,0,753,34,12,115,19,1,0,22,1,0,0,2,0,0,0,0,371,6,8,30,184,3,3,4,5,1,13,13,4,2,0,10,1350,1292,535,417,501,183,6,5,13,2,12,5,5,0,2,0,755,14,19,574,173,282,2,121,11,158,2,8,57,37,0,5,119,74,2,251,29,0,0,17,0,2,0,41,16,1,0,8,545,23,4,223,0,17,0,0,0,0,0,0,0,3,0,0,0,0,0,0,14,0,0,0,0,0,0,0,0,0,0,0,0,111,12,16,0,0,0,0,0,0,0,0,0,0,0,0,5925,2800,1757,6758,186,47,8,817,62,3,54,123,496,171,0,830,1359,433,123,1430,2,20,11,262,21,0,0,195,101,7,1,56,1943,876,1149,2969,287,5,14,1214,133,17,3,360,124,63,6,237,462,16,0,134,0,0,0,0,0,0,0,0,0,6,0,11,5723,2690,1731,7115,292,0,3,340,620,216,475,720,213,64,37,158,0,0,3,26,0,162,0,5,0,0,0,0,0,0,0,0,231,0,3,15,0,0,0,0,3,0,0,1,0,0,0,0,3338,890,261,874,466,26,30,270,35,0,16,183,6,305,0,59,1176,434,440,706,124,22,0,30,97,2,4,88,25,3,0
0,22,0,242,133,0,0,0,0,0,0,0,0,0,0,0,0,436,0,0,128,5,153,0,22,0,0,0,0,0,0,0,0,12,75,25,57,0,0,0,0,0,2,0,0,0,0,4,19,295,240,228,307,32,285,8,20,0,0,0,0,0,0,0,0,22,22,14,38,0,12,0,0,0,0,8,0,0,0,0,0,15,114,0,7,0,0,0,13,0,0,0,0,0,0,0,0,545,24,81,55,173,53,13,13,0,0,0,0,0,0,0,0,62,53,0,83,0,0,0,9,0,0,0,0,0,0,0,9,266,7,1,37,2,0,0,0,0,3,0,0,0,0,0,0,0,4,0,0,0,0,0,0,0,0,0,0,0,0,0,0,712,155,0,3,0,0,0,2,0,0,0,0,0,0,0,0,256,477,2,151,0,0,0,49,0,0,0,8,0,8,0,0,0,0,0,0,0,0,0,0,0,0,0,0,0,0,0,1,15,1,26,34,0,0,0,26,6,10,0,90,0,0,0,0,159,12,6,54,0,1,0,0,2,2,0,6,14,0,0,5,0,13,0,0,0,0,0,0,7,0,0,0,0,0,0,0,441,20,0,31,0,5,0,0,6,0,0,1,0,0,0,0,19,18,0,35,0,0,0,1,23,1,0,0,0,1,0,9,55,22,10,89,8,0,0,1,0,0,0,0,17,0,0,0,3,1,3,0,1,1,0,0,0,0,0,0,0,0,0,0,4,168,101,57,0,0,0,0,0,6,0,0,0,0,0,0,8,1,1,115,11,65,2,14,16,0,0,0,0,0,0,0,140,44,2,121,0,0,0,5,0,0,0,0,0,0,0,0,9,0,0,3,0,0,0,0,0,0,0,0,13,0,0,0,36,4,2,36,0,0,10,6,0,0,0,4,0,0,0,64,24,1,0,19,0,0,0,109,0,0,0,1,0,0,0,2,35,8,0,10,1,0,0,0,0,1,0,0,0,0,0,0,0,0,0,17,0,0,0,0,0,0,0,0,0,0,0,0,0,0,0,0,0,0,0,2,0,0,0,0,0,0,2,0,39,39,16,156,0,0,0,0,0,0,0,6,0,0,0,0,32,987,27,56,0,13,0,4,0,0,0,0,0,0,0,0,131,0,1,36,113,0,0,0,0,0,0,0,0,0,0,0,0,0,10,305,0,0,0,128,0,0,0,0,0,0,0,0,143,70,0,95,0,0,0,0,0,0,0,0,0,0,0,0,297,33,0,37,19,0,0,0,0,0,0,0,0,0,0,0,25,3,0,16,0,0,1,0,8,0,0,12,0,0,0,0,634,22,22,69,11,14,0,3,200,0,0,39,0,0,0,0,57,7,0,197,36,0,0,2,0,4,0,0,0,0,0,109,1,0,21,18,1,0,0,4,0,0,0,0,0,0,0,0,11,0,0,4,0,0,0,3,0,0,0,0,0,0,0,0,1997,980,454,1290,36,14,13,418,220,0,0,53,2,35,0,168,291,12,125,93,0,0,4,2,1,0,0,6,0,0,0,2,2737,584,696,1671,500,112,464,192,41,504,66,270,0,0,0,4,198,11,6,204,183,10,17,25,0,0,2,11,0,0,0,0,4521,881,1855,2447,410,134,212,76,424,5,163,0,342,3,0,260,4361,2192,2323,6472,367,5,575,1028,33,20,379,271,376,0,0,5,0,16,3,4,0,0,0,6,2,0,0,0,0,0,0,0,753,34,12,115,19,1,0,22,1,0,0,2,0,0,0,0,371,6,8,30,184,3,3,4,5,1,13,13,4,2,0,10,1350,1292,535,417,501,183,6,5,13,2,12,5,5,0,2,0,755,14,19,574,173,282,2,121,11,158,2,8,57,37,0,5,119,74,2,251,29,0,0,17,0,2,0,41,16,1,0,8,545,23,4,223,0,17,0,0,0,0,0,0,0,3,0,0,0,0,0,0,14,0,0,0,0,0,0,0,0,0,0,0,0,111,12,16,0,0,0,0,0,0,0,0,0,0,0,0,5924,2800,1757,6758,186,47,8,817,62,3,54,123,496,171,0,830,1359,433,123,1430,2,20,11,262,21,0,0,195,101,7,1,56,1943,876,1149,2970,287,5,15,1214,133,17,3,360,124,63,6,237,462,16,0,134,0,0,0,0,0,0,0,0,0,6,0,11,5722,2690,1731,7113,292,0,3,340,620,216,475,720,213,64,37,158,0,0,3,26,0,162,0,5,0,0,0,0,0,0,0,0,231,0,3,15,0,0,0,0,3,0,0,1,0,0,0,0,3338,890,261,874,466,26,30,270,35,0,16,183,6,305,0,59,1176,434,440,706,124,22,0,30,97,2,4,88,25,3,0
0,22,0,242,133,0,0,0,0,0,0,0,0,0,0,0,0,436,0,0,128,5,153,0,22,0,0,0,0,0,0,0,0,12,75,25,57,0,0,0,0,0,2,0,0,0,0,4,19,294,240,228,307,32,285,8,20,0,0,0,0,0,0,0,0,22,22,14,38,0,12,0,0,0,0,8,0,0,0,0,0,15,114,0,7,0,0,0,13,0,0,0,0,0,0,0,0,545,24,81,55,173,53,13,13,0,0,0,0,0,0,0,0,62,53,0,83,0,0,0,9,0,0,0,0,0,0,0,9,265,7,1,36,2,0,0,0,0,3,0,0,0,0,0,0,0,4,0,0,0,0,0,0,0,0,0,0,0,0,0,0,712,155,0,3,0,0,0,2,0,0,0,0,0,0,0,0,256,477,2,151,0,0,0,49,0,0,0,8,0,8,0,0,0,0,0,0,0,0,0,0,0,0,0,0,0,0,0,1,15,1,26,34,0,0,0,26,6,10,0,90,0,0,0,0,159,12,6,54,0,1,0,0,2,2,0,6,14,0,0,5,0,13,0,0,0,0,0,0,7,0,0,0,0,0,0,0,441,20,0,31,0,5,0,0,6,0,0,1,0,0,0,0,19,18,0,35,0,0,0,1,23,1,0,0,0,1,0,9,55,22,10,89,8,0,0,1,0,0,0,0,17,0,0,0,3,1,3,0,1,1,0,0,0,0,0,0,0,0,0,0,4,168,101,57,0,0,0,0,0,6,0,0,0,0,0,0,8,1,1,115,11,65,2,14,16,0,0,0,0,0,0,0,140,44,2,121,0,0,0,5,0,0,0,0,0,0,0,0,9,0,0,3,0,0,0,0,0,0,0,0,13,0,0,0,36,4,2,36,0,0,10,6,0,0,0,4,0,0,0,64,24,1,0,19,0,0,0,109,0,0,0,1,0,0,0,2,35,8,0,10,1,0,0,0,0,1,0,0,0,0,0,0,0,0,0,17,0,0,0,0,0,0,0,0,0,0,0,0,0,0,0,0,0,0,0,2,0,0,0,0,0,0,2,0,39,39,16,156,0,0,0,0,0,0,0,6,0,0,0,0,32,987,27,56,0,13,0,4,0,0,0,0,0,0,0,0,131,0,1,36,113,0,0,0,0,0,0,0,0,0,0,0,0,0,10,304,0,0,0,128,0,0,0,0,0,0,0,0,143,70,0,95,0,0,0,0,0,0,0,0,0,0,0,0,297,33,0,37,19,0,0,0,0,0,0,0,0,0,0,0,25,3,0,16,0,0,1,0,8,0,0,12,0,0,0,0,634,22,22,69,11,14,0,3,200,0,0,39,0,0,0,0,57,7,0,197,36,0,0,2,0,4,0,0,0,0,0,109,1,0,21,18,1,0,0,4,0,0,0,0,0,0,0,0,11,0,0,4,0,0,0,3,0,0,0,0,0,0,0,0,1997,980,454,1290,36,14,13,418,220,0,0,53,2,35,0,168,291,12,125,93,0,0,4,2,1,0,0,6,0,0,0,2,2737,584,696,1671,500,112,464,192,41,504,66,270,0,0,0,4,198,11,6,204,183,10,17,25,0,0,2,11,0,0,0,0,4521,881,1855,2447,410,134,212,76,424,5,163,0,342,3,0,260,4360,2192,2323,6469,367,5,575,1028,33,20,379,271,376,0,0,5,0,16,3,4,0,0,0,6,2,0,0,0,0,0,0,0,753,34,12,115,19,1,0,22,1,0,0,2,0,0,0,0,371,6,8,30,184,3,3,4,5,1,13,13,4,2,0,10,1350,1292,535,417,501,183,6,5,13,2,12,5,5,0,2,0,755,14,19,574,173,282,2,121,11,158,2,8,57,37,0,5,119,74,2,251,29,0,0,17,0,2,0,41,16,1,0,8,545,23,4,223,0,17,0,0,0,0,0,0,0,3,0,0,0,0,0,0,14,0,0,0,0,0,0,0,0,0,0,0,0,111,12,16,0,0,0,0,0,0,0,0,0,0,0,0,5924,2800,1757,6757,186,47,8,817,62,3,54,123,496,171,0,830,1359,433,123,1430,2,20,11,262,21,0,0,195,101,7,1,56,1943,876,1149,2968,287,5,14,1214,133,17,3,360,124,63,6,237,462,16,0,134,0,0,0,0,0,0,0,0,0,6,0,11,5722,2689,1731,7113,292,0,3,340,620,216,475,720,213,64,37,158,0,0,3,26,0,162,0,5,0,0,0,0,0,0,0,0,231,0,3,15,0,0,0,0,3,0,0,1,0,0,0,0,3338,890,261,874,466,26,30,270,35,0,16,183,6,305,0,59,1176,434,440,706,124,22,0,30,97,2,4,88,25,3,0
0,22,0,242,133,0,0,0,0,0,0,0,0,0,0,0,0,436,0,0,128,5,153,0,22,0,0,0,0,0,0,0,0,12,75,25,57,0,0,0,0,0,2,0,0,0,0,4,19,294,240,228,307,32,285,8,20,0,0,0,0,0,0,0,0,22,22,14,38,0,12,0,0,0,0,8,0,0,0,0,0,15,114,0,7,0,0,0,13,0,0,0,0,0,0,0,0,545,24,81,55,173,53,13,13,0,0,0,0,0,0,0,0,62,53,0,83,0,0,0,9,0,0,0,0,0,0,0,9,265,7,1,36,2,0,0,0,0,3,0,0,0,0,0,0,0,4,0,0,0,0,0,0,0,0,0,0,0,0,0,0,712,155,0,3,0,0,0,2,0,0,0,0,0,0,0,0,256,477,2,151,0,0,0,49,0,0,0,8,0,8,0,0,0,0,0,0,0,0,0,0,0,0,0,0,0,0,0,1,15,1,26,34,0,0,0,26,6,10,0,90,0,0,0,0,159,12,6,54,0,1,0,0,2,2,0,6,14,0,0,5,0,13,0,0,0,0,0,0,7,0,0,0,0,0,0,0,441,20,0,31,0,5,0,0,6,0,0,1,0,0,0,0,19,18,0,35,0,0,0,1,23,1,0,0,0,1,0,9,55,22,10,89,8,0,0,1,0,0,0,0,17,0,0,0,3,1,3,0,1,1,0,0,0,0,0,0,0,0,0,0,4,168,102,57,0,0,0,0,0,6,0,0,0,0,0,0,8,1,1,115,11,65,2,14,16,0,0,0,0,0,0,0,140,44,2,121,0,0,0,5,0,0,0,0,0,0,0,0,9,0,0,3,0,0,0,0,0,0,0,0,13,0,0,0,36,4,2,36,0,0,10,6,0,0,0,4,0,0,0,64,24,1,0,19,0,0,0,109,0,0,0,1,0,0,0,2,35,8,0,10,1,0,0,0,0,1,0,0,0,0,0,0,0,0,0,17,0,0,0,0,0,0,0,0,0,0,0,0,0,0,0,0,0,0,0,2,0,0,0,0,0,0,2,0,39,39,16,156,0,0,0,0,0,0,0,6,0,0,0,0,32,987,27,56,0,13,0,4,0,0,0,0,0,0,0,0,131,0,1,36,113,0,0,0,0,0,0,0,0,0,0,0,0,0,10,304,0,0,0,128,0,0,0,0,0,0,0,0,143,70,0,95,0,0,0,0,0,0,0,0,0,0,0,0,297,33,0,37,19,0,0,0,0,0,0,0,0,0,0,0,25,3,0,16,0,0,1,0,8,0,0,12,0,0,0,0,634,22,22,69,11,14,0,3,200,0,0,39,0,0,0,0,57,7,0,197,36,0,0,2,0,4,0,0,0,0,0,109,1,0,21,18,1,0,0,4,0,0,0,0,0,0,0,0,11,0,0,4,0,0,0,3,0,0,0,0,0,0,0,0,1997,980,454,1290,36,14,13,418,220,0,0,53,2,35,0,168,291,12,125,93,0,0,4,2,1,0,0,6,0,0,0,2,2737,584,696,1671,500,112,464,192,41,504,66,270,0,0,0,4,198,11,6,204,183,10,17,25,0,0,2,11,0,0,0,0,4521,881,1855,2447,410,134,212,76,424,5,163,0,342,3,0,260,4360,2192,2323,6469,367,5,575,1028,33,20,379,271,376,0,0,5,0,16,3,4,0,0,0,6,2,0,0,0,0,0,0,0,753,34,12,115,19,1,0,22,1,0,0,2,0,0,0,0,371,6,8,30,184,3,3,4,5,1,13,13,4,2,0,10,1351,1292,535,417,501,184,6,5,13,2,12,5,5,0,2,0,755,14,19,574,173,282,2,121,11,158,2,8,57,37,0,5,119,74,2,251,29,0,0,17,0,2,0,41,16,1,0,8,545,23,4,223,0,17,0,0,0,0,0,0,0,3,0,0,0,0,0,0,14,0,0,0,0,0,0,0,0,0,0,0,0,111,12,16,0,0,0,0,0,0,0,0,0,0,0,0,5926,2801,1757,6760,186,47,8,817,62,3,54,123,496,171,0,831,1359,433,123,1430,2,20,11,262,21,0,0,195,101,7,1,56,1943,876,1149,2968,287,5,14,1214,133,17,3,360,124,63,6,237,462,16,0,134,0,0,0,0,0,0,0,0,0,6,0,11,5722,2689,1731,7113,292,0,3,340,620,216,475,720,213,64,37,158,0,0,3,26,0,162,0,5,0,0,0,0,0,0,0,0,231,0,3,15,0,0,0,0,3,0,0,1,0,0,0,0,3339,892,262,875,468,26,30,270,35,0,16,183,6,305,0,59,1176,434,440,706,124,22,0,30,97,2,4,88,25,3,0
0,22,0,242,133,0,0,0,0,0,0,0,0,0,0,0,0,436,0,0,128,5,153,0,22,0,0,0,0,0,0,0,0,12,75,25,57,0,0,0,0,0,2,0,0,0,0,4,19,294,240,228,307,32,285,8,20,0,0,0,0,0,0,0,0,22,23,15,38,0,12,0,0,0,0,8,0,0,0,0,0,15,114,0,7,0,0,0,13,0,0,0,0,0,0,0,0,545,24,81,56,173,53,13,13,0,0,0,0,0,0,0,0,62,53,0,83,0,0,0,9,0,0,0,0,0,0,0,9,265,7,1,36,2,0,0,0,0,3,0,0,0,0,0,0,0,4,0,0,0,0,0,0,0,0,0,0,0,0,0,0,712,155,0,3,0,0,0,2,0,0,0,0,0,0,0,0,256,477,2,151,0,0,0,49,0,0,0,8,0,8,0,0,0,0,0,0,0,0,0,0,0,0,0,0,0,0,0,1,15,1,26,34,0,0,0,26,6,10,0,90,0,0,0,0,159,12,6,54,0,1,0,0,2,2,0,6,14,0,0,5,0,13,0,0,0,0,0,0,7,0,0,0,0,0,0,0,441,20,0,31,0,5,0,0,6,0,0,1,0,0,0,0,19,18,0,35,0,0,0,1,23,1,0,0,0,1,0,9,55,22,10,89,8,0,0,1,0,0,0,0,17,0,0,0,3,1,3,0,1,1,0,0,0,0,0,0,0,0,0,0,4,168,101,57,0,0,0,0,0,6,0,0,0,0,0,0,8,1,1,116,11,65,2,14,16,0,0,0,0,0,0,0,140,44,2,121,0,0,0,5,0,0,0,0,0,0,0,0,9,0,0,3,0,0,0,0,0,0,0,0,13,0,0,0,36,4,2,36,0,0,10,6,0,0,0,4,0,0,0,64,24,1,0,19,0,0,0,109,0,0,0,1,0,0,0,2,35,8,0,10,1,0,0,0,0,1,0,0,0,0,0,0,0,0,0,17,0,0,0,0,0,0,0,0,0,0,0,0,0,0,0,0,0,0,0,2,0,0,0,0,0,0,2,0,39,39,16,156,0,0,0,0,0,0,0,6,0,0,0,0,32,987,27,56,0,13,0,4,0,0,0,0,0,0,0,0,131,0,1,36,113,0,0,0,0,0,0,0,0,0,0,0,0,0,10,304,0,0,0,128,0,0,0,0,0,0,0,0,143,70,0,95,0,0,0,0,0,0,0,0,0,0,0,0,297,33,0,37,19,0,0,0,0,0,0,0,0,0,0,0,25,3,0,16,0,0,1,0,8,0,0,12,0,0,0,0,634,22,22,69,11,14,0,3,200,0,0,39,0,0,0,0,57,7,0,197,36,0,0,2,0,4,0,0,0,0,0,109,1,0,21,18,1,0,0,4,0,0,0,0,0,0,0,0,11,0,0,4,0,0,0,3,0,0,0,0,0,0,0,0,1997,980,454,1290,36,14,13,418,220,0,0,53,2,35,0,168,291,12,125,93,0,0,4,2,1,0,0,6,0,0,0,2,2737,584,696,1671,500,112,464,192,41,504,66,270,0,0,0,4,198,11,6,204,183,10,17,25,0,0,2,11,0,0,0,0,4521,881,1855,2447,410,134,212,76,424,5,163,0,342,3,0,260,4361,2192,2323,6469,367,5,575,1028,33,20,379,271,376,0,0,5,0,16,3,4,0,0,0,6,2,0,0,0,0,0,0,0,753,34,12,115,19,1,0,22,1,0,0,2,0,0,0,0,371,6,8,30,184,3,3,4,5,1,13,14,4,2,0,10,1351,1292,535,417,501,183,7,5,13,2,12,5,5,0,2,0,756,14,19,574,173,282,2,121,11,158,2,8,57,37,0,5,119,74,2,252,29,0,0,17,0,2,0,41,16,1,0,8,545,23,4,223,0,17,0,0,0,0,0,0,0,3,0,0,0,0,0,0,14,0,0,0,0,0,0,0,0,0,0,0,0,111,12,16,0,0,0,0,0,0,0,0,0,0,0,0,5924,2800,1757,6758,186,47,8,817,62,3,54,123,496,171,0,830,1359,433,123,1430,2,20,11,262,21,0,0,195,101,7,1,56,1943,876,1149,2968,287,5,14,1214,133,17,3,360,124,63,6,237,462,16,0,134,0,0,0,0,0,0,0,0,0,6,0,11,5722,2689,1731,7114,292,0,3,340,620,216,475,720,213,64,37,158,0,0,3,26,0,162,0,5,0,0,0,0,0,0,0,0,231,0,3,15,0,0,0,0,3,0,0,1,0,0,0,0,3338,890,261,874,466,26,30,270,35,0,16,183,6,305,0,59,1176,434,440,706,124,22,0,30,97,2,4,88,25,3,0
0,22,0,242,133,0,0,0,0,0,0,0,0,0,0,0,0,436,0,0,128,5,153,0,22,0,0,0,0,0,0,0,0,12,75,25,57,0,0,0,0,0,2,0,0,0,0,4,19,294,240,228,307,32,285,8,20,0,0,0,0,0,0,0,0,22,22,14,38,0,12,0,0,0,0,8,0,0,0,0,0,15,114,0,7,0,0,0,13,0,0,0,0,0,0,0,0,545,24,81,55,173,53,13,13,0,0,0,0,0,0,0,0,62,53,0,83,0,0,0,9,0,0,0,0,0,0,0,9,265,7,1,36,2,0,0,0,0,3,0,0,0,0,0,0,0,4,0,0,0,0,0,0,0,0,0,0,0,0,0,0,712,155,0,3,0,0,0,2,0,0,0,0,0,0,0,0,256,477,2,151,0,0,0,49,0,0,0,8,0,8,0,0,0,0,0,0,0,0,0,0,0,0,0,0,0,0,0,1,15,1,26,34,0,0,0,26,6,10,0,90,0,0,0,0,159,12,6,54,0,1,0,0,2,2,0,6,14,0,0,5,0,13,0,0,0,0,0,0,7,0,0,0,0,0,0,0,441,20,0,31,0,5,0,0,6,0,0,1,0,0,0,0,19,18,0,35,0,0,0,1,23,1,0,0,0,1,0,9,55,22,10,89,8,0,0,1,0,0,0,0,17,0,0,0,3,1,3,0,1,1,0,0,0,0,0,0,0,0,0,0,4,168,101,57,0,0,0,0,0,6,0,0,0,0,0,0,8,1,1,115,11,65,2,14,16,0,0,0,0,0,0,0,140,44,2,121,0,0,0,5,0,0,0,0,0,0,0,0,9,0,0,3,0,0,0,0,0,0,0,0,13,0,0,0,36,4,2,36,0,0,10,6,0,0,0,4,0,0,0,64,24,1,0,19,0,0,0,109,0,0,0,1,0,0,0,2,35,8,0,10,1,0,0,0,0,1,0,0,0,0,0,0,0,0,0,17,0,0,0,0,0,0,0,0,0,0,0,0,0,0,0,0,0,0,0,2,0,0,0,0,0,0,2,0,39,39,16,156,0,0,0,0,0,0,0,6,0,0,0,0,32,987,27,56,0,13,0,4,0,0,0,0,0,0,0,0,131,0,1,36,113,0,0,0,0,0,0,0,0,0,0,0,0,0,10,304,0,0,0,128,0,0,0,0,0,0,0,0,143,70,0,95,0,0,0,0,0,0,0,0,0,0,0,0,297,33,0,37,19,0,0,0,0,0,0,0,0,0,0,0,25,3,0,16,0,0,1,0,8,0,0,12,0,0,0,0,634,22,22,69,11,14,0,3,200,0,0,39,0,0,0,0,57,7,0,197,36,0,0,2,0,4,0,0,0,0,0,109,1,0,21,18,1,0,0,4,0,0,0,0,0,0,0,0,11,0,0,4,0,0,0,3,0,0,0,0,0,0,0,0,1997,980,454,1290,36,14,13,418,220,0,0,53,2,35,0,168,291,12,125,93,0,0,4,2,1,0,0,6,0,0,0,2,2737,584,696,1671,500,112,464,192,41,504,66,270,0,0,0,4,198,11,6,204,183,10,17,25,0,0,2,11,0,0,0,0,4521,881,1855,2447,410,134,212,76,424,5,163,0,342,3,0,260,4360,2192,2323,6469,367,5,575,1028,33,20,379,271,376,0,0,5,0,16,3,4,0,0,0,6,2,0,0,0,0,0,0,0,753,34,12,115,19,1,0,22,1,0,0,2,0,0,0,0,371,6,8,30,184,3,3,4,5,1,13,13,4,2,0,10,1350,1292,535,417,501,183,6,5,13,2,12,5,5,0,2,0,755,14,19,574,173,282,2,121,11,158,2,8,57,37,0,5,119,74,2,251,29,0,0,17,0,2,0,41,16,1,0,8,545,23,4,223,0,17,0,0,0,0,0,0,0,3,0,0,0,0,0,0,14,0,0,0,0,0,0,0,0,0,0,0,0,111,12,16,0,0,0,0,0,0,0,0,0,0,0,0,5924,2800,1757,6757,186,47,8,817,62,3,54,123,496,171,0,830,1359,433,123,1430,2,20,11,262,21,0,0,195,101,7,1,56,1943,876,1149,2968,287,5,14,1214,133,17,3,360,124,63,6,237,462,16,0,134,0,0,0,0,0,0,0,0,0,6,0,11,5722,2689,1731,7113,292,0,3,340,620,216,475,720,213,64,37,158,0,0,3,26,0,162,0,5,0,0,0,0,0,0,0,0,231,0,3,15,0,0,0,0,3,0,0,1,0,0,0,0,3338,890,261,874,466,26,30,270,35,0,16,183,6,305,0,59,1176,434,440,706,124,22,0,30,97,2,4,88,25,3,0
0,22,0,242,133,0,0,0,0,0,0,0,0,0,0,0,0,436,0,0,128,5,153,0,22,0,0,0,0,0,0,0,0,12,75,25,57,0,0,0,0,0,2,0,0,0,0,4,19,294,240,228,307,32,285,8,20,0,0,0,0,0,0,0,0,22,22,14,38,0,12,0,0,0,0,8,0,0,0,0,0,15,114,0,7,0,0,0,13,0,0,0,0,0,0,0,0,545,24,81,55,173,53,13,13,0,0,0,0,0,0,0,0,62,53,0,83,0,0,0,9,0,0,0,0,0,0,0,9,265,7,1,36,2,0,0,0,0,3,0,0,0,0,0,0,0,4,0,0,0,0,0,0,0,0,0,0,0,0,0,0,712,155,0,3,0,0,0,2,0,0,0,0,0,0,0,0,256,477,2,151,0,0,0,49,0,0,0,8,0,8,0,0,0,0,0,0,0,0,0,0,0,0,0,0,0,0,0,1,15,1,26,34,0,0,0,26,6,10,0,90,0,0,0,0,159,12,6,54,0,1,0,0,2,2,0,6,14,0,0,5,0,13,0,0,0,0,0,0,7,0,0,0,0,0,0,0,441,20,0,31,0,5,0,0,6,0,0,1,0,0,0,0,19,18,0,35,0,0,0,1,23,1,0,0,0,1,0,9,55,22,10,89,8,0,0,1,0,0,0,0,17,0,0,0,3,1,3,0,1,1,0,0,0,0,0,0,0,0,0,0,4,168,101,57,0,0,0,0,0,6,0,0,0,0,0,0,8,1,1,115,11,65,2,14,16,0,0,0,0,0,0,0,140,44,2,121,0,0,0,5,0,0,0,0,0,0,0,0,9,0,0,3,0,0,0,0,0,0,0,0,13,0,0,0,36,4,2,36,0,0,10,6,0,0,0,4,0,0,0,64,24,1,0,19,0,0,0,109,0,0,0,1,0,0,0,2,35,8,0,10,1,0,0,0,0,1,0,0,0,0,0,0,0,0,0,17,0,0,0,0,0,0,0,0,0,0,0,0,0,0,0,0,0,0,0,2,0,0,0,0,0,0,2,0,39,39,16,156,0,0,0,0,0,0,0,6,0,0,0,0,32,987,27,56,0,13,0,4,0,0,0,0,0,0,0,0,131,0,1,36,113,0,0,0,0,0,0,0,0,0,0,0,0,0,10,304,0,0,0,128,0,0,0,0,0,0,0,0,143,70,0,95,0,0,0,0,0,0,0,0,0,0,0,0,297,33,0,37,19,0,0,0,0,0,0,0,0,0,0,0,25,3,0,16,0,0,1,0,8,0,0,12,0,0,0,0,634,22,22,69,11,14,0,3,200,0,0,39,0,0,0,0,57,7,0,197,36,0,0,2,0,4,0,0,0,0,0,109,1,0,21,18,1,0,0,4,0,0,0,0,0,0,0,0,11,0,0,4,0,0,0,3,0,0,0,0,0,0,0,0,1997,980,454,1290,36,14,13,418,220,0,0,53,2,35,0,168,291,12,125,93,0,0,4,2,1,0,0,6,0,0,0,2,2737,584,696,1671,500,112,464,192,41,504,66,270,0,0,0,4,198,11,6,205,184,10,17,25,0,0,2,11,0,0,0,0,4521,881,1855,2447,410,134,212,76,424,5,163,0,342,3,0,260,4360,2192,2323,6469,367,5,575,1028,33,20,379,271,376,0,0,5,0,16,3,4,0,0,0,6,2,0,0,0,0,0,0,0,753,34,12,115,19,1,0,22,1,0,0,2,0,0,0,0,371,6,8,30,184,3,3,4,5,1,13,13,4,2,0,10,1350,1292,535,417,501,183,6,5,13,2,12,5,5,0,2,0,755,14,19,574,173,282,2,121,11,158,2,8,57,37,0,5,119,74,2,252,29,0,0,17,0,2,0,41,16,1,0,8,545,23,4,224,0,17,0,0,0,0,0,0,0,3,0,0,0,0,0,0,14,0,0,0,0,0,0,0,0,0,0,0,0,111,12,16,0,0,0,0,0,0,0,0,0,0,0,0,5924,2800,1757,6757,186,47,8,817,62,3,54,123,496,171,0,830,1359,433,123,1430,2,20,11,262,21,0,0,195,101,7,1,56,1943,876,1149,2968,287,5,14,1214,133,17,3,360,124,63,6,237,462,16,0,134,0,0,0,0,0,0,0,0,0,6,0,11,5722,2689,1731,7114,292,0,3,340,620,216,475,720,213,64,37,158,0,0,3,26,0,162,0,5,0,0,0,0,0,0,0,0,231,0,3,15,0,0,0,0,3,0,0,1,0,0,0,0,3338,890,261,874,466,26,30,270,35,0,16,183,6,305,0,59,1176,434,440,706,124,22,0,30,97,2,4,88,25,3,0
0,22,0,242,133,0,0,0,0,0,0,0,0,0,0,0,0,436,0,0,128,5,153,0,22,0,0,0,0,0,0,0,0,12,75,25,57,0,0,0,0,0,2,0,0,0,0,4,19,294,240,228,307,32,285,8,20,0,0,0,0,0,0,0,0,22,22,14,38,0,12,0,0,0,0,8,0,0,0,0,0,15,114,0,7,0,0,0,13,0,0,0,0,0,0,0,0,545,24,81,55,173,53,13,13,0,0,0,0,0,0,0,0,62,53,0,83,0,0,0,9,0,0,0,0,0,0,0,9,265,7,1,36,2,0,0,0,0,3,0,0,0,0,0,0,0,4,0,0,0,0,0,0,0,0,0,0,0,0,0,0,712,155,0,3,0,0,0,2,0,0,0,0,0,0,0,0,256,477,2,151,0,0,0,49,0,0,0,8,0,8,0,0,0,0,0,0,0,0,0,0,0,0,0,0,0,0,0,1,15,1,26,34,0,0,0,26,6,10,0,90,0,0,0,0,159,12,6,54,0,1,0,0,2,2,0,6,14,0,0,5,0,13,0,0,0,0,0,0,7,0,0,0,0,0,0,0,441,20,0,31,0,5,0,0,6,0,0,1,0,0,0,0,19,18,0,35,0,0,0,1,23,1,0,0,0,1,0,9,55,22,10,89,8,0,0,1,0,0,0,0,17,0,0,0,3,1,3,0,1,1,0,0,0,0,0,0,0,0,0,0,4,168,101,57,0,0,0,0,0,6,0,0,0,0,0,0,8,1,1,115,11,65,2,14,16,0,0,0,0,0,0,0,140,44,2,121,0,0,0,5,0,0,0,0,0,0,0,0,9,0,0,3,0,0,0,0,0,0,0,0,13,0,0,0,36,4,2,36,0,0,10,6,0,0,0,4,0,0,0,64,24,1,0,19,0,0,0,109,0,0,0,1,0,0,0,2,35,8,0,10,1,0,0,0,0,1,0,0,0,0,0,0,0,0,0,17,0,0,0,0,0,0,0,0,0,0,0,0,0,0,0,0,0,0,0,2,0,0,0,0,0,0,2,0,39,39,16,156,0,0,0,0,0,0,0,6,0,0,0,0,32,987,27,56,0,13,0,4,0,0,0,0,0,0,0,0,131,0,1,36,113,0,0,0,0,0,0,0,0,0,0,0,0,0,10,304,0,0,0,128,0,0,0,0,0,0,0,0,143,70,0,95,0,0,0,0,0,0,0,0,0,0,0,0,297,33,0,37,19,0,0,0,0,0,0,0,0,0,0,0,25,3,0,16,0,0,1,0,8,0,0,12,0,0,0,0,634,22,22,69,11,14,0,3,200,0,0,39,0,0,0,0,57,7,0,197,36,0,0,2,0,4,0,0,0,0,0,109,1,0,21,18,1,0,0,4,0,0,0,0,0,0,0,0,11,0,0,4,0,0,0,3,0,0,0,0,0,0,0,0,1997,980,454,1290,36,14,13,418,220,0,0,53,2,35,0,168,291,12,125,93,0,0,4,2,1,0,0,6,0,0,0,2,2737,584,696,1671,500,112,464,192,41,504,66,270,0,0,0,4,198,11,6,204,183,10,17,25,0,0,2,11,0,0,0,0,4521,881,1855,2447,410,134,212,76,424,5,163,0,342,3,0,260,4360,2192,2323,6469,367,5,575,1028,33,20,379,271,376,0,0,5,0,16,3,4,0,0,0,6,2,0,0,0,0,0,0,0,753,34,12,115,19,1,0,22,1,0,0,2,0,0,0,0,371,6,8,30,184,3,3,4,5,1,13,13,4,2,0,10,1350,1292,535,417,501,183,6,5,13,2,12,5,5,0,2,0,755,14,19,574,173,282,2,121,11,158,2,8,57,37,0,5,119,74,2,251,29,0,0,17,0,2,0,41,16,1,0,8,545,23,4,223,0,17,0,0,0,0,0,0,0,3,0,0,0,0,0,0,14,0,0,0,0,0,0,0,0,0,0,0,0,111,12,16,0,0,0,0,0,0,0,0,0,0,0,0,5924,2800,1757,6757,186,47,8,817,62,3,54,123,496,171,0,830,1359,433,123,1430,2,20,11,262,21,0,0,195,101,7,1,56,1943,876,1149,2968,287,5,14,1214,133,17,3,360,124,63,6,237,462,16,0,134,0,0,0,0,0,0,0,0,0,6,0,11,5722,2689,1731,7113,292,0,3,340,620,216,475,720,213,64,37,158,0,0,3,26,0,162,0,5,0,0,0,0,0,0,0,0,231,0,3,15,0,0,0,0,3,0,0,1,0,0,0,0,3338,890,261,874,466,26,30,270,35,0,16,183,6,305,0,59,1176,434,440,706,124,22,0,30,97,2,4,88,25,3,0
0,22,0,242,133,0,0,0,0,0,0,0,0,0,0,0,0,436,0,0,128,5,153,0,22,0,0,0,0,0,0,0,0,12,75,25,57,0,0,0,0,0,2,0,0,0,0,4,19,294,240,228,307,32,285,8,20,0,0,0,0,0,0,0,0,22,22,14,38,0,12,0,0,0,0,8,0,0,0,0,0,15,114,0,7,0,0,0,13,0,0,0,0,0,0,0,0,545,24,81,55,173,53,13,13,0,0,0,0,0,0,0,0,62,53,0,83,0,0,0,9,0,0,0,0,0,0,0,9,265,7,1,36,2,0,0,0,0,3,0,0,0,0,0,0,0,4,0,0,0,0,0,0,0,0,0,0,0,0,0,0,712,155,0,3,0,0,0,2,0,0,0,0,0,0,0,0,256,478,2,151,0,0,0,49,0,0,0,8,0,8,0,0,0,0,0,0,0,0,0,0,0,0,0,0,0,0,0,1,15,1,26,34,0,0,0,26,6,10,0,90,0,0,0,0,159,12,6,54,0,1,0,0,2,2,0,6,14,0,0,5,0,13,0,0,0,0,0,0,7,0,0,0,0,0,0,0,441,20,0,31,0,5,0,0,6,0,0,1,0,0,0,0,19,18,0,35,0,0,0,1,23,1,0,0,0,1,0,9,55,22,10,89,8,0,0,1,0,0,0,0,17,0,0,0,3,1,3,0,1,1,0,0,0,0,0,0,0,0,0,0,4,168,101,57,0,0,0,0,0,6,0,0,0,0,0,0,8,1,1,115,11,65,2,14,16,0,0,0,0,0,0,0,140,44,2,121,0,0,0,5,0,0,0,0,0,0,0,0,9,0,0,3,0,0,0,0,0,0,0,0,13,0,0,0,36,4,2,36,0,0,10,6,0,0,0,4,0,0,0,64,24,1,0,19,0,0,0,109,0,0,0,1,0,0,0,2,35,8,0,10,1,0,0,0,0,1,0,0,0,0,0,0,0,0,0,17,0,0,0,0,0,0,0,0,0,0,0,0,0,0,0,0,0,0,0,2,0,0,0,0,0,0,2,0,39,39,16,156,0,0,0,0,0,0,0,6,0,0,0,0,32,987,27,56,0,13,0,4,0,0,0,0,0,0,0,0,131,0,1,36,113,0,0,0,0,0,0,0,0,0,0,0,0,0,10,304,0,0,0,128,0,0,0,0,0,0,0,0,143,70,0,95,0,0,0,0,0,0,0,0,0,0,0,0,297,33,0,37,19,0,0,0,0,0,0,0,0,0,0,0,25,3,0,16,0,0,1,0,8,0,0,12,0,0,0,0,634,22,22,69,11,14,0,3,200,0,0,39,0,0,0,0,57,7,0,197,36,0,0,2,0,4,0,0,0,0,0,109,1,0,21,18,1,0,0,4,0,0,0,0,0,0,0,0,11,0,0,4,0,0,0,3,0,0,0,0,0,0,0,0,1999,980,454,1290,36,14,13,418,220,0,0,53,2,35,0,168,291,12,125,93,0,0,4,2,1,0,0,6,0,0,0,2,2737,584,696,1671,500,112,464,192,41,504,66,270,0,0,0,4,198,11,6,204,183,10,17,25,0,0,2,11,0,0,0,0,4521,881,1855,2447,410,134,212,76,424,5,163,0,342,3,0,260,4360,2192,2323,6469,367,5,575,1028,33,20,379,271,376,0,0,5,0,16,3,4,0,0,0,6,2,0,0,0,0,0,0,0,753,34,12,115,19,1,0,22,1,0,0,2,0,0,0,0,371,6,8,30,184,3,3,4,5,1,13,13,4,2,0,10,1350,1293,535,417,501,183,6,5,13,2,12,5,5,0,2,0,755,14,19,574,173,282,2,121,11,158,2,8,57,37,0,5,119,74,2,251,29,0,0,17,0,2,0,41,16,1,0,8,545,23,4,223,0,17,0,0,0,0,0,0,0,3,0,0,0,0,0,0,14,0,0,0,0,0,0,0,0,0,0,0,0,111,12,16,0,0,0,0,0,0,0,0,0,0,0,0,5925,2800,1757,6757,186,47,8,817,62,3,54,123,496,171,0,830,1359,433,123,1430,2,20,11,262,21,0,0,195,101,7,1,56,1943,876,1149,2968,287,5,14,1214,133,17,3,360,124,63,6,237,462,16,0,134,0,0,0,0,0,0,0,0,0,6,0,11,5722,2689,1731,7113,292,0,3,340,620,216,475,720,213,64,37,158,0,0,3,26,0,162,0,5,0,0,0,0,0,0,0,0,231,0,3,15,0,0,0,0,3,0,0,1,0,0,0,0,3338,890,261,874,466,26,30,270,35,0,16,183,6,305,0,59,1176,434,440,706,124,22,0,30,97,2,4,88,25,3,0
0,22,0,242,133,0,0,0,0,0,0,0,0,0,0,0,0,436,0,0,128,5,153,0,22,0,0,0,0,0,0,0,0,12,75,25,57,0,0,0,0,0,2,0,0,0,0,4,19,294,240,228,307,32,285,8,20,0,0,0,0,0,0,0,0,22,22,14,38,0,12,0,0,0,0,8,0,0,0,0,0,15,114,0,7,0,0,0,13,0,0,0,0,0,0,0,0,545,24,81,55,173,53,13,13,0,0,0,0,0,0,0,0,62,53,0,83,0,0,0,9,0,0,0,0,0,0,0,9,265,7,1,36,2,0,0,0,0,3,0,0,0,0,0,0,0,4,0,0,0,0,0,0,0,0,0,0,0,0,0,0,712,155,0,3,0,0,0,2,0,0,0,0,0,0,0,0,256,477,2,151,0,0,0,49,0,0,0,8,0,8,0,0,0,0,0,0,0,0,0,0,0,0,0,0,0,0,0,1,15,1,26,34,0,0,0,26,6,10,0,90,0,0,0,0,159,12,6,54,0,1,0,0,2,2,0,6,14,0,0,5,0,13,0,0,0,0,0,0,7,0,0,0,0,0,0,0,441,20,0,31,0,5,0,0,6,0,0,1,0,0,0,0,19,18,0,35,0,0,0,1,23,1,0,0,0,1,0,9,55,22,10,89,8,0,0,1,0,0,0,0,17,0,0,0,3,1,3,0,1,1,0,0,0,0,0,0,0,0,0,0,4,168,101,57,0,0,0,0,0,6,0,0,0,0,0,0,8,1,1,115,11,65,2,14,16,0,0,0,0,0,0,0,140,44,2,121,0,0,0,5,0,0,0,0,0,0,0,0,9,0,0,3,0,0,0,0,0,0,0,0,13,0,0,0,36,4,2,36,0,0,10,6,0,0,0,4,0,0,0,64,24,1,0,19,0,0,0,109,0,0,0,1,0,0,0,2,35,8,0,10,1,0,0,0,0,1,0,0,0,0,0,0,0,0,0,17,0,0,0,0,0,0,0,0,0,0,0,0,0,0,0,0,0,0,0,2,0,0,0,0,0,0,2,0,39,39,16,156,0,0,0,0,0,0,0,6,0,0,0,0,32,987,27,56,0,13,0,4,0,0,0,0,0,0,0,0,131,0,1,36,113,0,0,0,0,0,0,0,0,0,0,0,0,0,10,304,0,0,0,128,0,0,0,0,0,0,0,0,143,70,0,95,0,0,0,0,0,0,0,0,0,0,0,0,297,33,0,37,19,0,0,0,0,0,0,0,0,0,0,0,25,3,0,16,0,0,1,0,8,0,0,12,0,0,0,0,634,22,22,69,11,14,0,3,200,0,0,39,0,0,0,0,57,7,0,197,36,0,0,2,0,4,0,0,0,0,0,109,1,0,21,18,1,0,0,4,0,0,0,0,0,0,0,0,11,0,0,4,0,0,0,3,0,0,0,0,0,0,0,0,1997,980,454,1290,36,14,13,418,220,0,0,53,2,35,0,168,291,12,125,93,0,0,4,2,1,0,0,6,0,0,0,2,2737,584,696,1671,500,112,464,192,41,504,66,270,0,0,0,4,198,11,6,204,183,10,17,25,0,0,2,11,0,0,0,0,4521,881,1855,2447,410,134,212,76,424,5,163,0,342,3,0,260,4360,2192,2323,6469,367,5,575,1028,33,20,379,271,376,0,0,5,0,16,3,4,0,0,0,6,2,0,0,0,0,0,0,0,753,34,12,115,19,1,0,22,1,0,0,2,0,0,0,0,371,6,8,30,184,3,3,4,5,1,13,13,4,2,0,10,1350,1292,535,417,501,183,6,5,13,2,12,5,5,0,2,0,755,14,19,574,173,282,2,121,11,158,2,8,57,37,0,5,119,74,2,251,29,0,0,17,0,2,0,41,16,1,0,8,545,23,4,223,0,17,0,0,0,0,0,0,0,3,0,0,0,0,0,0,14,0,0,0,0,0,0,0,0,0,0,0,0,111,12,16,0,0,0,0,0,0,0,0,0,0,0,0,5924,2800,1757,6757,186,47,8,817,62,3,54,123,496,171,0,830,1359,433,123,1430,2,20,11,262,21,0,0,195,101,7,1,56,1943,876,1149,2968,287,5,14,1214,133,17,3,360,124,63,6,237,462,16,0,134,0,0,0,0,0,0,0,0,0,6,0,11,5722,2689,1731,7113,292,0,3,340,620,216,475,720,213,64,37,158,0,0,3,26,0,162,0,5,0,0,0,0,0,0,0,0,231,0,3,15,0,0,0,0,3,0,0,1,0,0,0,0,3338,890,261,874,466,26,30,270,35,0,16,183,6,305,0,59,1176,434,440,706,124,22,0,30,97,2,4,88,25,3,0
0,22,0,242,133,0,0,0,0,0,0,0,0,0,0,0,0,436,0,0,128,5,153,0,22,0,0,0,0,0,0,0,0,12,75,25,57,0,0,0,0,0,2,0,0,0,0,4,19,294,240,228,307,32,285,8,20,0,0,0,0,0,0,0,0,22,22,14,38,0,12,0,0,0,0,8,0,0,0,0,0,15,114,0,7,0,0,0,13,0,0,0,0,0,0,0,0,545,24,81,55,173,53,13,13,0,0,0,0,0,0,0,0,62,53,0,83,0,0,0,9,0,0,0,0,0,0,0,9,265,7,1,36,2,0,0,0,0,3,0,0,0,0,0,0,0,4,0,0,0,0,0,0,0,0,0,0,0,0,0,0,712,155,0,3,0,0,0,2,0,0,0,0,0,0,0,0,256,477,2,151,0,0,0,49,0,0,0,8,0,8,0,0,0,0,0,0,0,0,0,0,0,0,0,0,0,0,0,1,15,1,26,34,0,0,0,26,6,10,0,90,0,0,0,0,159,12,6,54,0,1,0,0,2,2,0,6,14,0,0,5,0,13,0,0,0,0,0,0,7,0,0,0,0,0,0,0,441,20,0,31,0,5,0,0,6,0,0,1,0,0,0,0,19,18,0,35,0,0,0,1,23,1,0,0,0,1,0,9,55,22,10,89,8,0,0,1,0,0,0,0,17,0,0,0,3,1,3,0,1,1,0,0,0,0,0,0,0,0,0,0,4,168,101,57,0,0,0,0,0,6,0,0,0,0,0,0,8,1,1,115,11,65,2,14,16,0,0,0,0,0,0,0,140,44,2,121,0,0,0,5,0,0,0,0,0,0,0,0,9,0,0,3,0,0,0,0,0,0,0,0,13,0,0,0,36,4,2,36,0,0,10,6,0,0,0,4,0,0,0,64,24,1,0,19,0,0,0,109,0,0,0,1,0,0,0,2,35,8,0,10,1,0,0,0,0,1,0,0,0,0,0,0,0,0,0,17,0,0,0,0,0,0,0,0,0,0,0,0,0,0,0,0,0,0,0,2,0,0,0,0,0,0,2,0,39,39,16,156,0,0,0,0,0,0,0,6,0,0,0,0,32,987,27,56,0,13,0,4,0,0,0,0,0,0,0,0,131,0,1,36,113,0,0,0,0,0,0,0,0,0,0,0,0,0,10,304,0,0,0,128,0,0,0,0,0,0,0,0,143,70,0,95,0,0,0,0,0,0,0,0,0,0,0,0,297,33,0,37,19,0,0,0,0,0,0,0,0,0,0,0,25,3,0,16,0,0,1,0,8,0,0,12,0,0,0,0,634,22,22,69,11,14,0,3,200,0,0,39,0,0,0,0,57,7,0,197,36,0,0,2,0,4,0,0,0,0,0,109,1,0,21,18,1,0,0,4,0,0,0,0,0,0,0,0,11,0,0,4,0,0,0,3,0,0,0,0,0,0,0,0,1997,980,455,1290,36,14,13,419,220,0,0,53,2,35,0,168,291,12,125,93,0,0,4,2,1,0,0,6,0,0,0,2,2738,584,696,1671,500,112,464,192,41,504,66,270,0,0,0,4,198,11,6,204,183,10,17,25,0,0,2,11,0,0,0,0,4521,882,1856,2447,410,134,212,76,424,5,163,0,342,3,0,260,4360,2192,2323,6471,367,5,575,1028,33,20,379,271,376,0,0,5,0,16,3,4,0,0,0,6,2,0,0,0,0,0,0,0,753,34,12,115,19,1,0,22,1,0,0,2,0,0,0,0,371,6,8,30,184,3,3,4,5,1,13,13,4,2,0,10,1350,1292,535,417,501,183,6,5,13,2,12,5,5,0,2,0,755,14,19,574,173,282,2,121,11,158,2,8,57,37,0,5,119,74,2,251,29,0,0,17,0,2,0,41,16,1,0,8,545,23,4,223,0,17,0,0,0,0,0,0,0,3,0,0,0,0,0,0,14,0,0,0,0,0,0,0,0,0,0,0,0,111,12,16,0,0,0,0,0,0,0,0,0,0,0,0,5926,2800,1758,6760,186,47,8,817,62,3,54,123,496,171,0,830,1359,433,123,1431,2,20,11,262,21,0,0,195,101,7,1,56,1943,876,1149,2969,287,5,14,1214,133,17,3,360,124,63,6,237,462,16,0,134,0,0,0,0,0,0,0,0,0,6,0,11,5722,2689,1731,7113,292,0,3,341,620,216,475,720,213,64,37,158,0,0,3,26,0,162,0,5,0,0,0,0,0,0,0,0,231,0,3,15,0,0,0,0,3,0,0,1,0,0,0,0,3338,890,261,874,466,26,30,270,35,0,16,183,6,305,0,59,1176,434,440,706,124,22,0,30,97,2,4,88,25,3,0
0,22,0,242,133,0,0,0,0,0,0,0,0,0,0,0,0,436,0,0,128,5,153,0,22,0,0,0,0,0,0,0,0,12,75,25,57,0,0,0,0,0,2,0,0,0,0,4,19,294,240,228,307,32,285,8,20,0,0,0,0,0,0,0,0,22,22,14,38,0,12,0,0,0,0,8,0,0,0,0,0,15,114,0,7,0,0,0,13,0,0,0,0,0,0,0,0,545,24,81,55,173,53,13,13,0,0,0,0,0,0,0,0,62,53,0,83,0,0,0,9,0,0,0,0,0,0,0,9,265,7,1,36,2,0,0,0,0,3,0,0,0,0,0,0,0,4,0,0,0,0,0,0,0,0,0,0,0,0,0,0,712,155,0,3,0,0,0,2,0,0,0,0,0,0,0,0,256,478,2,151,0,0,0,49,0,0,0,8,0,8,0,0,0,0,0,0,0,0,0,0,0,0,0,0,0,0,0,1,15,1,26,34,0,0,0,26,6,10,0,90,0,0,0,0,159,12,6,54,0,1,0,0,2,2,0,6,14,0,0,5,0,13,0,0,0,0,0,0,7,0,0,0,0,0,0,0,441,20,0,31,0,5,0,0,6,0,0,1,0,0,0,0,19,18,0,35,0,0,0,1,23,1,0,0,0,1,0,9,55,22,10,89,8,0,0,1,0,0,0,0,17,0,0,0,3,1,3,0,1,1,0,0,0,0,0,0,0,0,0,0,4,168,101,57,0,0,0,0,0,6,0,0,0,0,0,0,8,1,1,115,11,65,2,14,16,0,0,0,0,0,0,0,140,44,2,121,0,0,0,5,0,0,0,0,0,0,0,0,9,0,0,3,0,0,0,0,0,0,0,0,13,0,0,0,36,4,2,36,0,0,10,6,0,0,0,4,0,0,0,64,24,1,0,19,0,0,0,109,0,0,0,1,0,0,0,2,35,8,0,10,1,0,0,0,0,1,0,0,0,0,0,0,0,0,0,17,0,0,0,0,0,0,0,0,0,0,0,0,0,0,0,0,0,0,0,2,0,0,0,0,0,0,2,0,39,39,16,156,0,0,0,0,0,0,0,6,0,0,0,0,32,987,27,56,0,13,0,4,0,0,0,0,0,0,0,0,131,0,1,36,113,0,0,0,0,0,0,0,0,0,0,0,0,0,10,304,0,0,0,128,0,0,0,0,0,0,0,0,143,70,0,95,0,0,0,0,0,0,0,0,0,0,0,0,297,33,0,37,19,0,0,0,0,0,0,0,0,0,0,0,25,3,0,16,0,0,1,0,8,0,0,12,0,0,0,0,634,22,22,69,11,14,0,3,200,0,0,39,0,0,0,0,57,7,0,197,36,0,0,2,0,4,0,0,0,0,0,109,1,0,21,18,1,0,0,4,0,0,0,0,0,0,0,0,11,0,0,4,0,0,0,3,0,0,0,0,0,0,0,0,1999,980,454,1290,36,14,13,418,220,0,0,53,2,35,0,168,291,12,125,93,0,0,4,2,1,0,0,6,0,0,0,2,2737,584,696,1671,500,112,464,192,41,504,66,270,0,0,0,4,198,11,6,204,183,10,17,25,0,0,2,11,0,0,0,0,4521,881,1855,2447,410,134,212,76,424,5,163,0,342,3,0,260,4360,2192,2323,6469,367,5,575,1028,33,20,379,271,376,0,0,5,0,16,3,4,0,0,0,6,2,0,0,0,0,0,0,0,753,34,12,115,19,1,0,22,1,0,0,2,0,0,0,0,371,6,8,30,184,3,3,4,5,1,13,13,4,2,0,10,1350,1293,535,417,501,183,6,5,13,2,12,5,5,0,2,0,755,14,19,574,173,282,2,121,11,158,2,8,57,37,0,5,119,74,2,251,29,0,0,17,0,2,0,41,16,1,0,8,545,23,4,223,0,17,0,0,0,0,0,0,0,3,0,0,0,0,0,0,14,0,0,0,0,0,0,0,0,0,0,0,0,111,12,16,0,0,0,0,0,0,0,0,0,0,0,0,5925,2800,1757,6757,186,47,8,817,62,3,54,123,496,171,0,830,1359,433,123,1430,2,20,11,262,21,0,0,195,101,7,1,56,1943,876,1149,2968,287,5,14,1214,133,17,3,360,124,63,6,237,462,16,0,134,0,0,0,0,0,0,0,0,0,6,0,11,5722,2689,1731,7113,292,0,3,340,620,216,475,720,213,64,37,158,0,0,3,26,0,162,0,5,0,0,0,0,0,0,0,0,231,0,3,15,0,0,0,0,3,0,0,1,0,0,0,0,3338,890,261,874,466,26,30,270,35,0,16,183,6,305,0,59,1176,434,440,706,124,22,0,30,97,2,4,88,25,3,0
0,22,0,242,133,0,0,0,0,0,0,0,0,0,0,0,0,436,0,0,128,5,153,0,22,0,0,0,0,0,0,0,0,12,76,25,57,0,0,0,0,0,2,0,0,0,0,4,19,294,240,228,307,32,285,8,20,0,0,0,0,0,0,0,0,22,22,14,38,0,12,0,0,0,0,8,0,0,0,0,0,15,114,0,7,0,0,0,13,0,0,0,0,0,0,0,0,545,24,81,55,173,53,13,13,0,0,0,0,0,0,0,0,62,53,0,83,0,0,0,9,0,0,0,0,0,0,0,9,265,7,1,36,2,0,0,0,0,3,0,0,0,0,0,0,0,4,0,0,0,0,0,0,0,0,0,0,0,0,0,0,712,155,0,3,0,0,0,2,0,0,0,0,0,0,0,0,256,477,2,151,0,0,0,49,0,0,0,8,0,8,0,0,0,0,0,0,0,0,0,0,0,0,0,0,0,0,0,1,15,1,26,34,0,0,0,26,6,10,0,90,0,0,0,0,159,12,6,54,0,1,0,0,2,2,0,6,14,0,0,5,0,13,0,0,0,0,0,0,7,0,0,0,0,0,0,0,441,20,0,31,0,5,0,0,6,0,0,1,0,0,0,0,19,18,0,35,0,0,0,1,23,1,0,0,0,1,0,9,55,22,10,89,8,0,0,1,0,0,0,0,17,0,0,0,3,1,3,0,1,1,0,0,0,0,0,0,0,0,0,0,4,168,101,57,0,0,0,0,0,6,0,0,0,0,0,0,8,1,1,115,11,65,2,14,16,0,0,0,0,0,0,0,140,44,2,121,0,0,0,5,0,0,0,0,0,0,0,0,9,0,0,3,0,0,0,0,0,0,0,0,13,0,0,0,36,4,2,36,0,0,10,6,0,0,0,4,0,0,0,65,24,1,0,19,0,0,0,109,0,0,0,1,0,0,0,2,35,8,0,10,1,0,0,0,0,1,0,0,0,0,0,0,0,0,0,17,0,0,0,0,0,0,0,0,0,0,0,0,0,0,0,0,0,0,0,2,0,0,0,0,0,0,2,0,39,39,16,156,0,0,0,0,0,0,0,6,0,0,0,0,32,987,27,56,0,13,0,4,0,0,0,0,0,0,0,0,131,0,1,36,113,0,0,0,0,0,0,0,0,0,0,0,0,0,10,304,0,0,0,128,0,0,0,0,0,0,0,0,143,70,0,95,0,0,0,0,0,0,0,0,0,0,0,0,297,33,0,37,19,0,0,0,0,0,0,0,0,0,0,0,25,3,0,16,0,0,1,0,8,0,0,12,0,0,0,0,634,22,22,69,11,14,0,3,200,0,0,39,0,0,0,0,57,7,0,197,36,0,0,2,0,4,0,0,0,0,0,109,1,0,21,18,1,0,0,4,0,0,0,0,0,0,0,0,11,0,0,4,0,0,0,3,0,0,0,0,0,0,0,0,1997,980,454,1290,36,14,13,418,220,0,0,53,2,35,0,168,291,12,125,93,0,0,4,2,1,0,0,6,0,0,0,2,2737,584,696,1671,500,112,464,192,41,504,66,270,0,0,0,4,199,11,6,204,183,10,17,25,0,0,2,11,0,0,0,0,4521,881,1855,2447,410,134,212,76,424,5,163,0,342,3,0,260,4360,2192,2323,6469,367,5,575,1028,33,20,379,271,376,0,0,5,0,16,3,4,0,0,0,6,2,0,0,0,0,0,0,0,753,34,12,115,19,1,0,22,1,0,0,2,0,0,0,0,371,6,8,30,184,3,3,4,5,1,13,13,4,2,0,10,1350,1292,535,417,501,183,6,5,13,2,12,5,5,0,2,0,755,14,19,574,173,282,2,121,11,158,2,8,57,37,0,5,119,74,2,251,29,0,0,17,0,2,0,41,16,1,0,8,545,23,4,223,0,17,0,0,0,0,0,0,0,3,0,0,0,0,0,0,14,0,0,0,0,0,0,0,0,0,0,0,0,111,12,16,0,0,0,0,0,0,0,0,0,0,0,0,5924,2800,1757,6757,186,47,8,817,62,3,54,123,496,171,0,830,1360,434,123,1432,2,20,11,263,21,0,0,195,101,7,1,56,1943,876,1149,2968,287,5,14,1214,133,17,3,360,124,63,6,237,462,16,0,134,0,0,0,0,0,0,0,0,0,6,0,11,5722,2689,1731,7113,292,0,3,340,620,216,475,720,213,64,37,158,0,0,3,26,0,162,0,5,0,0,0,0,0,0,0,0,231,0,3,15,0,0,0,0,3,0,0,1,0,0,0,0,3338,890,261,874,466,26,30,270,35,0,16,183,6,305,0,59,1177,434,440,706,124,22,0,30,97,2,4,88,25,3,0
0,22,0,242,133,0,0,0,0,0,0,0,0,0,0,0,0,436,0,0,128,5,153,0,22,0,0,0,0,0,0,0,0,12,75,25,57,0,0,0,0,0,2,0,0,0,0,4,19,294,240,228,307,32,285,8,20,0,0,0,0,0,0,0,0,22,22,14,38,0,12,0,0,0,0,8,0,0,0,0,0,15,114,0,7,0,0,0,13,0,0,0,0,0,0,0,0,545,24,81,55,173,53,13,13,0,0,0,0,0,0,0,0,62,53,0,83,0,0,0,9,0,0,0,0,0,0,0,9,265,7,1,36,2,0,0,0,0,3,0,0,0,0,0,0,0,4,0,0,0,0,0,0,0,0,0,0,0,0,0,0,712,155,0,3,0,0,0,2,0,0,0,0,0,0,0,0,256,477,2,151,0,0,0,49,0,0,0,8,0,8,0,0,0,0,0,0,0,0,0,0,0,0,0,0,0,0,0,1,15,1,26,34,0,0,0,26,6,10,0,90,0,0,0,0,159,12,6,54,0,1,0,0,2,2,0,6,14,0,0,5,0,13,0,0,0,0,0,0,7,0,0,0,0,0,0,0,441,20,0,31,0,5,0,0,6,0,0,1,0,0,0,0,19,18,0,35,0,0,0,1,23,1,0,0,0,1,0,9,55,22,10,89,8,0,0,1,0,0,0,0,17,0,0,0,3,1,3,0,1,1,0,0,0,0,0,0,0,0,0,0,4,168,101,57,0,0,0,0,0,6,0,0,0,0,0,0,8,1,1,115,11,65,2,14,16,0,0,0,0,0,0,0,140,44,2,121,0,0,0,5,0,0,0,0,0,0,0,0,9,0,0,3,0,0,0,0,0,0,0,0,13,0,0,0,36,4,2,36,0,0,10,6,0,0,0,4,0,0,0,64,24,1,0,19,0,0,0,109,0,0,0,1,0,0,0,2,35,8,0,10,1,0,0,0,0,1,0,0,0,0,0,0,0,0,0,17,0,0,0,0,0,0,0,0,0,0,0,0,0,0,0,0,0,0,0,2,0,0,0,0,0,0,2,0,39,39,16,156,0,0,0,0,0,0,0,6,0,0,0,0,32,987,27,56,0,13,0,4,0,0,0,0,0,0,0,0,131,0,1,36,113,0,0,0,0,0,0,0,0,0,0,0,0,0,10,304,0,0,0,128,0,0,0,0,0,0,0,0,143,70,0,95,0,0,0,0,0,0,0,0,0,0,0,0,297,33,0,37,19,0,0,0,0,0,0,0,0,0,0,0,25,3,0,16,0,0,1,0,8,0,0,12,0,0,0,0,634,22,22,69,11,14,0,3,200,0,0,39,0,0,0,0,57,7,0,197,36,0,0,2,0,4,0,0,0,0,0,109,1,0,21,18,1,0,0,4,0,0,0,0,0,0,0,0,11,0,0,4,0,0,0,3,0,0,0,0,0,0,0,0,1997,980,454,1290,36,14,13,418,220,0,0,53,2,35,0,168,291,12,125,93,0,0,4,2,1,0,0,6,0,0,0,2,2737,584,696,1671,500,112,464,192,41,504,66,270,0,0,0,4,198,11,6,204,183,10,17,25,0,0,2,11,0,0,0,0,4521,881,1855,2447,410,134,212,76,424,5,163,0,342,3,0,260,4360,2192,2323,6469,367,5,575,1028,33,20,379,271,376,0,0,5,0,16,3,4,0,0,0,6,2,0,0,0,0,0,0,0,753,34,12,115,19,1,0,22,1,0,0,2,0,0,0,0,371,6,8,30,184,3,3,4,5,1,13,13,4,2,0,10,1350,1292,535,417,501,183,6,5,13,2,12,5,5,0,2,0,755,14,19,574,173,282,2,121,11,158,2,8,57,37,0,5,119,74,2,251,29,0,0,17,0,2,0,41,16,1,0,8,545,23,4,223,0,17,0,0,0,0,0,0,0,3,0,0,0,0,0,0,14,0,0,0,0,0,0,0,0,0,0,0,0,111,12,16,0,0,0,0,0,0,0,0,0,0,0,0,5924,2800,1757,6757,186,47,8,817,62,3,54,123,496,171,0,830,1359,433,123,1430,2,20,11,262,21,0,0,195,101,7,1,56,1943,876,1149,2968,287,5,14,1214,133,17,3,360,124,63,6,237,462,16,0,134,0,0,0,0,0,0,0,0,0,6,0,11,5722,2689,1731,7113,292,0,3,340,620,216,475,720,213,64,37,158,0,0,3,26,0,162,0,5,0,0,0,0,0,0,0,0,231,0,3,15,0,0,0,0,3,0,0,1,0,0,0,0,3338,890,261,874,466,26,30,270,35,0,16,183,6,305,0,59,1176,434,440,706,124,22,0,30,97,2,4,88,25,3,0
0,22,0,242,133,0,0,0,0,0,0,0,0,0,0,0,0,436,0,0,128,5,153,0,22,0,0,0,0,0,0,0,0,12,75,25,57,0,0,0,0,0,2,0,0,0,0,4,19,294,240,228,307,32,285,8,20,0,0,0,0,0,0,0,0,22,22,14,38,0,12,0,0,0,0,8,0,0,0,0,0,15,114,0,7,0,0,0,13,0,0,0,0,0,0,0,0,545,24,81,55,173,53,13,13,0,0,0,0,0,0,0,0,62,53,0,83,0,0,0,9,0,0,0,0,0,0,0,9,265,7,1,36,2,0,0,0,0,3,0,0,0,0,0,0,0,4,0,0,0,0,0,0,0,0,0,0,0,0,0,0,712,155,0,3,0,0,0,2,0,0,0,0,0,0,0,0,256,477,2,151,0,0,0,49,0,0,0,8,0,8,0,0,0,0,0,0,0,0,0,0,0,0,0,0,0,0,0,1,15,1,26,34,0,0,0,26,6,10,0,90,0,0,0,0,159,12,6,54,0,1,0,0,2,2,0,6,14,0,0,5,0,13,0,0,0,0,0,0,7,0,0,0,0,0,0,0,441,20,0,31,0,5,0,0,6,0,0,1,0,0,0,0,19,18,0,35,0,0,0,1,23,1,0,0,0,1,0,9,55,22,10,89,8,0,0,1,0,0,0,0,17,0,0,0,3,1,3,0,1,1,0,0,0,0,0,0,0,0,0,0,4,168,101,57,0,0,0,0,0,6,0,0,0,0,0,0,8,1,1,115,11,65,2,14,16,0,0,0,0,0,0,0,140,44,2,121,0,0,0,5,0,0,0,0,0,0,0,0,9,0,0,3,0,0,0,0,0,0,0,0,13,0,0,0,36,4,2,36,0,0,10,6,0,0,0,4,0,0,0,64,24,1,0,19,0,0,0,109,0,0,0,1,0,0,0,2,35,8,0,10,1,0,0,0,0,1,0,0,0,0,0,0,0,0,0,17,0,0,0,0,0,0,0,0,0,0,0,0,0,0,0,0,0,0,0,2,0,0,0,0,0,0,2,0,39,39,16,156,0,0,0,0,0,0,0,6,0,0,0,0,32,987,27,56,0,13,0,4,0,0,0,0,0,0,0,0,131,0,1,36,113,0,0,0,0,0,0,0,0,0,0,0,0,0,10,304,0,0,0,128,0,0,0,0,0,0,0,0,143,70,0,95,0,0,0,0,0,0,0,0,0,0,0,0,297,33,0,37,19,0,0,0,0,0,0,0,0,0,0,0,25,3,0,16,0,0,1,0,8,0,0,12,0,0,0,0,634,22,22,69,11,14,0,3,200,0,0,39,0,0,0,0,57,7,0,197,36,0,0,2,0,4,0,0,0,0,0,109,1,0,21,18,1,0,0,4,0,0,0,0,0,0,0,0,11,0,0,4,0,0,0,3,0,0,0,0,0,0,0,0,1997,980,454,1290,36,14,13,418,220,0,0,53,2,35,0,168,291,12,125,93,0,0,4,2,1,0,0,6,0,0,0,2,2737,584,696,1671,500,112,464,192,41,504,66,270,0,0,0,4,198,11,6,204,183,10,17,25,0,0,2,11,0,0,0,0,4521,881,1855,2447,410,134,212,76,424,5,163,0,342,3,0,260,4360,2192,2323,6469,367,5,575,1028,33,20,379,271,376,0,0,5,0,16,3,4,0,0,0,6,2,0,0,0,0,0,0,0,753,34,12,115,19,1,0,22,1,0,0,2,0,0,0,0,371,6,8,30,184,3,3,4,5,1,13,13,4,2,0,10,1350,1292,535,417,501,183,6,5,13,2,12,5,5,0,2,0,755,14,19,574,173,282,2,121,11,158,2,8,57,37,0,5,119,74,2,251,29,0,0,17,0,2,0,41,16,1,0,8,545,23,4,223,0,17,0,0,0,0,0,0,0,3,0,0,0,0,0,0,14,0,0,0,0,0,0,0,0,0,0,0,0,111,12,16,0,0,0,0,0,0,0,0,0,0,0,0,5924,2800,1757,6757,186,47,8,817,62,3,54,123,496,171,0,830,1359,433,123,1430,2,20,11,262,21,0,0,195,101,7,1,56,1943,876,1149,2968,287,5,14,1214,133,17,3,360,124,63,6,237,462,16,0,134,0,0,0,0,0,0,0,0,0,6,0,11,5722,2689,1731,7113,292,0,3,340,620,216,475,720,213,64,37,158,0,0,3,26,0,162,0,5,0,0,0,0,0,0,0,0,231,0,3,15,0,0,0,0,3,0,0,1,0,0,0,0,3338,890,261,874,466,26,30,270,35,0,16,183,6,305,0,59,1176,434,440,706,124,22,0,30,97,2,4,88,25,3,0
0,22,0,242,133,0,0,0,0,0,0,0,0,0,0,0,0,436,0,0,128,5,153,0,22,0,0,0,0,0,0,0,0,12,75,25,57,0,0,0,0,0,2,0,0,0,0,4,19,294,240,228,307,32,285,8,20,0,0,0,0,0,0,0,0,22,22,14,38,0,12,0,0,0,0,8,0,0,0,0,0,15,114,0,7,0,0,0,13,0,0,0,0,0,0,0,0,545,24,81,55,173,53,13,13,0,0,0,0,0,0,0,0,62,53,0,83,0,0,0,9,0,0,0,0,0,0,0,9,265,7,1,36,2,0,0,0,0,3,0,0,0,0,0,0,0,4,0,0,0,0,0,0,0,0,0,0,0,0,0,0,712,155,0,3,0,0,0,2,0,0,0,0,0,0,0,0,256,477,2,151,0,0,0,49,0,0,0,8,0,8,0,0,0,0,0,0,0,0,0,0,0,0,0,0,0,0,0,1,15,1,26,34,0,0,0,26,6,10,0,90,0,0,0,0,159,12,6,54,0,1,0,0,2,2,0,6,14,0,0,5,0,13,0,0,0,0,0,0,7,0,0,0,0,0,0,0,441,20,0,31,0,5,0,0,6,0,0,1,0,0,0,0,19,18,0,35,0,0,0,1,23,1,0,0,0,1,0,9,55,22,10,89,8,0,0,1,0,0,0,0,17,0,0,0,3,1,3,0,1,1,0,0,0,0,0,0,0,0,0,0,4,168,101,57,0,0,0,0,0,6,0,0,0,0,0,0,8,1,1,115,11,65,2,14,16,0,0,0,0,0,0,0,140,44,2,121,0,0,0,5,0,0,0,0,0,0,0,0,9,0,0,3,0,0,0,0,0,0,0,0,13,0,0,0,36,4,2,36,0,0,10,6,0,0,0,4,0,0,0,64,24,1,0,19,0,0,0,109,0,0,0,1,0,0,0,2,35,8,0,10,1,0,0,0,0,1,0,0,0,0,0,0,0,0,0,17,0,0,0,0,0,0,0,0,0,0,0,0,0,0,0,0,0,0,0,2,0,0,0,0,0,0,2,0,39,39,16,156,0,0,0,0,0,0,0,6,0,0,0,0,32,987,27,56,0,13,0,4,0,0,0,0,0,0,0,0,131,0,1,36,113,0,0,0,0,0,0,0,0,0,0,0,0,0,10,304,0,0,0,128,0,0,0,0,0,0,0,0,143,70,0,95,0,0,0,0,0,0,0,0,0,0,0,0,297,33,0,37,19,0,0,0,0,0,0,0,0,0,0,0,25,3,0,16,0,0,1,0,8,0,0,12,0,0,0,0,634,22,22,69,11,14,0,3,200,0,0,39,0,0,0,0,57,7,0,197,36,0,0,2,0,4,0,0,0,0,0,109,1,0,21,18,1,0,0,4,0,0,0,0,0,0,0,0,11,0,0,4,0,0,0,3,0,0,0,0,0,0,0,0,1997,980,454,1290,36,14,13,418,220,0,0,53,2,35,0,168,291,12,125,93,0,0,4,2,1,0,0,6,0,0,0,2,2737,584,696,1671,500,112,464,192,41,504,66,270,0,0,0,4,198,11,6,204,183,10,17,25,0,0,2,11,0,0,0,0,4521,881,1855,2448,410,134,212,76,424,5,163,0,342,3,0,260,4361,2192,2323,6470,367,5,575,1028,33,20,379,271,376,0,0,5,0,16,3,4,0,0,0,6,2,0,0,0,0,0,0,0,753,34,12,115,19,1,0,22,1,0,0,2,0,0,0,0,371,6,8,30,184,3,3,4,5,1,13,13,4,2,0,10,1350,1292,535,417,501,183,6,5,13,2,12,5,5,0,2,0,755,14,19,574,173,282,2,121,11,158,2,8,57,37,0,5,119,74,2,251,29,0,0,17,0,2,0,41,16,1,0,8,545,23,4,223,0,17,0,0,0,0,0,0,0,3,0,0,0,0,0,0,14,0,0,0,0,0,0,0,0,0,0,0,0,111,12,16,0,0,0,0,0,0,0,0,0,0,0,0,5924,2800,1757,6757,186,47,8,817,62,3,54,123,496,171,0,830,1359,433,123,1430,2,20,11,262,21,0,0,195,101,7,1,56,1943,876,1149,2969,287,5,14,1214,133,17,3,360,124,63,6,237,462,16,0,134,0,0,0,0,0,0,0,0,0,6,0,11,5722,2691,1731,7115,292,0,3,340,620,216,475,720,213,64,37,158,0,0,3,26,0,162,0,5,0,0,0,0,0,0,0,0,231,0,3,15,0,0,0,0,3,0,0,1,0,0,0,0,3338,890,261,874,466,26,30,270,35,0,16,183,6,305,0,59,1176,434,440,706,124,22,0,30,97,2,4,88,25,3,0
0,22,0,242,133,0,0,0,0,0,0,0,0,0,0,0,0,436,0,0,128,5,153,0,22,0,0,0,0,0,0,0,0,12,75,25,57,0,0,0,0,0,2,0,0,0,0,4,19,294,240,228,307,32,285,8,20,0,0,0,0,0,0,0,0,22,22,14,38,0,12,0,0,0,0,8,0,0,0,0,0,15,114,0,7,0,0,0,13,0,0,0,0,0,0,0,0,545,24,81,55,173,53,13,13,0,0,0,0,0,0,0,0,62,53,0,83,0,0,0,9,0,0,0,0,0,0,0,9,265,7,1,36,2,0,0,0,0,3,0,0,0,0,0,0,0,4,0,0,0,0,0,0,0,0,0,0,0,0,0,0,712,155,0,3,0,0,0,2,0,0,0,0,0,0,0,0,256,478,2,151,0,0,0,49,0,0,0,8,0,8,0,0,0,0,0,0,0,0,0,0,0,0,0,0,0,0,0,1,15,1,26,34,0,0,0,26,6,10,0,90,0,0,0,0,159,12,6,54,0,1,0,0,2,2,0,6,14,0,0,5,0,13,0,0,0,0,0,0,7,0,0,0,0,0,0,0,441,20,0,31,0,5,0,0,6,0,0,1,0,0,0,0,19,18,0,35,0,0,0,1,23,1,0,0,0,1,0,9,55,22,10,89,8,0,0,1,0,0,0,0,17,0,0,0,3,1,3,0,1,1,0,0,0,0,0,0,0,0,0,0,4,168,101,57,0,0,0,0,0,6,0,0,0,0,0,0,8,1,1,115,11,65,2,14,16,0,0,0,0,0,0,0,140,44,2,121,0,0,0,5,0,0,0,0,0,0,0,0,9,0,0,3,0,0,0,0,0,0,0,0,13,0,0,0,36,4,2,36,0,0,10,6,0,0,0,4,0,0,0,64,24,1,0,19,0,0,0,109,0,0,0,1,0,0,0,2,35,8,0,10,1,0,0,0,0,1,0,0,0,0,0,0,0,0,0,17,0,0,0,0,0,0,0,0,0,0,0,0,0,0,0,0,0,0,0,2,0,0,0,0,0,0,2,0,39,39,16,156,0,0,0,0,0,0,0,6,0,0,0,0,32,987,27,56,0,13,0,4,0,0,0,0,0,0,0,0,131,0,1,36,113,0,0,0,0,0,0,0,0,0,0,0,0,0,10,304,0,0,0,128,0,0,0,0,0,0,0,0,143,70,0,95,0,0,0,0,0,0,0,0,0,0,0,0,297,33,0,37,19,0,0,0,0,0,0,0,0,0,0,0,25,3,0,16,0,0,1,0,8,0,0,12,0,0,0,0,634,22,22,69,11,14,0,3,200,0,0,39,0,0,0,0,57,7,0,197,36,0,0,2,0,4,0,0,0,0,0,109,1,0,21,18,1,0,0,4,0,0,0,0,0,0,0,0,11,0,0,4,0,0,0,3,0,0,0,0,0,0,0,0,1999,980,454,1290,36,14,13,418,220,0,0,53,2,35,0,168,291,12,125,93,0,0,4,2,1,0,0,6,0,0,0,2,2737,584,696,1671,500,112,464,192,41,504,66,270,0,0,0,4,198,11,6,204,183,10,17,25,0,0,2,11,0,0,0,0,4521,881,1855,2447,410,134,212,76,424,5,163,0,342,3,0,260,4360,2192,2323,6469,367,5,575,1028,33,20,379,271,376,0,0,5,0,16,3,4,0,0,0,6,2,0,0,0,0,0,0,0,753,34,12,115,19,1,0,22,1,0,0,2,0,0,0,0,371,6,8,30,184,3,3,4,5,1,13,13,4,2,0,10,1350,1293,535,417,501,183,6,5,13,2,12,5,5,0,2,0,755,14,19,574,173,282,2,121,11,158,2,8,57,37,0,5,119,74,2,251,29,0,0,17,0,2,0,41,16,1,0,8,545,23,4,223,0,17,0,0,0,0,0,0,0,3,0,0,0,0,0,0,14,0,0,0,0,0,0,0,0,0,0,0,0,111,12,16,0,0,0,0,0,0,0,0,0,0,0,0,5925,2800,1757,6757,186,47,8,817,62,3,54,123,496,171,0,830,1359,433,123,1430,2,20,11,262,21,0,0,195,101,7,1,56,1943,876,1149,2968,287,5,14,1214,133,17,3,360,124,63,6,237,462,16,0,134,0,0,0,0,0,0,0,0,0,6,0,11,5722,2689,1731,7113,292,0,3,340,620,216,475,720,213,64,37,158,0,0,3,26,0,162,0,5,0,0,0,0,0,0,0,0,231,0,3,15,0,0,0,0,3,0,0,1,0,0,0,0,3338,890,261,874,466,26,30,270,35,0,16,183,6,305,0,59,1176,434,440,706,124,22,0,30,97,2,4,88,25,3,0
0,22,0,242,133,0,0,0,0,0,0,0,0,0,0,0,0,436,0,0,128,5,153,0,22,0,0,0,0,0,0,0,0,12,75,25,57,0,0,0,0,0,2,0,0,0,0,4,19,294,240,228,307,32,285,8,20,0,0,0,0,0,0,0,0,22,22,14,38,0,12,0,0,0,0,8,0,0,0,0,0,15,114,0,7,0,0,0,13,0,0,0,0,0,0,0,0,545,24,81,55,173,53,13,13,0,0,0,0,0,0,0,0,62,53,0,83,0,0,0,9,0,0,0,0,0,0,0,9,265,7,1,36,2,0,0,0,0,3,0,0,0,0,0,0,0,4,0,0,0,0,0,0,0,0,0,0,0,0,0,0,712,155,0,3,0,0,0,2,0,0,0,0,0,0,0,0,256,477,2,151,0,0,0,49,0,0,0,8,0,8,0,0,0,0,0,0,0,0,0,0,0,0,0,0,0,0,0,1,15,1,26,34,0,0,0,26,6,10,0,90,0,0,0,0,159,12,6,54,0,1,0,0,2,2,0,6,14,0,0,5,0,13,0,0,0,0,0,0,7,0,0,0,0,0,0,0,441,20,0,31,0,5,0,0,6,0,0,1,0,0,0,0,19,18,0,35,0,0,0,1,23,1,0,0,0,1,0,9,55,22,10,89,8,0,0,1,0,0,0,0,17,0,0,0,3,1,3,0,1,1,0,0,0,0,0,0,0,0,0,0,4,168,101,57,0,0,0,0,0,6,0,0,0,0,0,0,8,1,1,115,11,65,2,14,16,0,0,0,0,0,0,0,140,44,2,121,0,0,0,5,0,0,0,0,0,0,0,0,9,0,0,3,0,0,0,0,0,0,0,0,13,0,0,0,36,4,2,36,0,0,10,6,0,0,0,4,0,0,0,64,24,1,0,19,0,0,0,109,0,0,0,1,0,0,0,2,35,8,0,10,1,0,0,0,0,1,0,0,0,0,0,0,0,0,0,17,0,0,0,0,0,0,0,0,0,0,0,0,0,0,0,0,0,0,0,2,0,0,0,0,0,0,2,0,39,39,16,156,0,0,0,0,0,0,0,6,0,0,0,0,32,987,27,56,0,13,0,4,0,0,0,0,0,0,0,0,131,0,1,36,113,0,0,0,0,0,0,0,0,0,0,0,0,0,10,304,0,0,0,128,0,0,0,0,0,0,0,0,143,70,0,95,0,0,0,0,0,0,0,0,0,0,0,0,297,33,0,37,19,0,0,0,0,0,0,0,0,0,0,0,25,3,0,16,0,0,1,0,8,0,0,12,0,0,0,0,634,22,22,69,11,14,0,3,200,0,0,39,0,0,0,0,57,7,0,197,36,0,0,2,0,4,0,0,0,0,0,109,1,0,21,18,1,0,0,4,0,0,0,0,0,0,0,0,11,0,0,4,0,0,0,3,0,0,0,0,0,0,0,0,1997,980,454,1291,36,14,13,418,220,0,0,53,2,35,0,168,292,12,126,93,0,0,4,2,1,0,0,6,0,0,0,2,2737,584,696,1671,500,112,464,192,41,504,66,270,0,0,0,4,198,11,6,204,183,10,17,25,0,0,2,11,0,0,0,0,4521,881,1855,2447,410,134,212,76,424,5,163,0,342,3,0,260,4360,2192,2323,6469,367,5,575,1028,33,20,379,271,376,0,0,5,0,16,3,4,0,0,0,6,2,0,0,0,0,0,0,0,753,34,12,115,19,1,0,22,1,0,0,2,0,0,0,0,374,6,8,30,184,3,3,4,5,1,13,13,4,2,0,10,1350,1292,535,417,501,183,6,5,13,2,12,5,5,0,2,0,755,14,19,574,173,282,2,121,11,158,2,8,57,37,0,5,119,74,2,251,29,0,0,17,0,2,0,41,16,1,0,8,545,23,4,223,0,17,0,0,0,0,0,0,0,3,0,0,0,0,0,0,14,0,0,0,0,0,0,0,0,0,0,0,0,112,12,16,0,0,0,0,0,0,0,0,0,0,0,0,5924,2800,1757,6757,186,47,8,817,62,3,54,123,496,171,0,830,1360,433,123,1432,2,20,11,262,21,0,0,195,101,7,1,56,1943,876,1149,2968,287,5,14,1214,133,17,3,360,124,63,6,237,462,16,0,134,0,0,0,0,0,0,0,0,0,6,0,11,5722,2689,1731,7113,292,0,3,340,620,216,475,720,213,64,37,158,0,0,3,26,0,162,0,5,0,0,0,0,0,0,0,0,233,0,3,15,0,0,0,0,3,0,0,1,0,0,0,0,3338,890,261,875,466,26,30,270,35,0,16,183,6,305,0,59,1176,436,440,707,124,22,0,30,97,2,4,88,25,3,0
0,22,0,242,133,0,0,0,0,0,0,0,0,0,0,0,0,436,0,0,128,5,153,0,22,0,0,0,0,0,0,0,0,12,75,25,57,0,0,0,0,0,2,0,0,0,0,4,19,294,240,228,307,32,285,8,20,0,0,0,0,0,0,0,0,22,22,14,38,0,12,0,0,0,0,8,0,0,0,0,0,15,114,0,7,0,0,0,13,0,0,0,0,0,0,0,0,545,24,81,55,173,53,13,13,0,0,0,0,0,0,0,0,62,53,0,83,0,0,0,9,0,0,0,0,0,0,0,9,265,7,1,36,2,0,0,0,0,3,0,0,0,0,0,0,0,4,0,0,0,0,0,0,0,0,0,0,0,0,0,0,712,155,0,3,0,0,0,2,0,0,0,0,0,0,0,0,256,477,2,151,0,0,0,49,0,0,0,8,0,8,0,0,0,0,0,0,0,0,0,0,0,0,0,0,0,0,0,1,15,1,26,34,0,0,0,26,6,10,0,90,0,0,0,0,159,12,6,54,0,1,0,0,2,2,0,6,14,0,0,5,0,13,0,0,0,0,0,0,7,0,0,0,0,0,0,0,441,20,0,31,0,5,0,0,6,0,0,1,0,0,0,0,19,18,0,35,0,0,0,1,23,1,0,0,0,1,0,9,55,22,10,89,8,0,0,1,0,0,0,0,17,0,0,0,3,1,3,0,1,1,0,0,0,0,0,0,0,0,0,0,4,168,101,57,0,0,0,0,0,6,0,0,0,0,0,0,8,1,1,115,11,65,2,14,16,0,0,0,0,0,0,0,140,44,2,121,0,0,0,5,0,0,0,0,0,0,0,0,9,0,0,3,0,0,0,0,0,0,0,0,13,0,0,0,36,4,2,36,0,0,10,6,0,0,0,4,0,0,0,64,24,1,0,19,0,0,0,109,0,0,0,1,0,0,0,2,35,8,0,10,1,0,0,0,0,1,0,0,0,0,0,0,0,0,0,17,0,0,0,0,0,0,0,0,0,0,0,0,0,0,0,0,0,0,0,2,0,0,0,0,0,0,2,0,39,39,16,156,0,0,0,0,0,0,0,6,0,0,0,0,32,987,27,56,0,13,0,4,0,0,0,0,0,0,0,0,131,0,1,36,113,0,0,0,0,0,0,0,0,0,0,0,0,0,10,304,0,0,0,128,0,0,0,0,0,0,0,0,143,70,0,95,0,0,0,0,0,0,0,0,0,0,0,0,297,33,0,37,19,0,0,0,0,0,0,0,0,0,0,0,25,3,0,16,0,0,1,0,8,0,0,12,0,0,0,0,634,22,22,69,11,14,0,3,200,0,0,39,0,0,0,0,57,7,0,197,36,0,0,2,0,4,0,0,0,0,0,109,1,0,21,18,1,0,0,4,0,0,0,0,0,0,0,0,11,0,0,4,0,0,0,3,0,0,0,0,0,0,0,0,1997,980,454,1290,36,14,13,418,220,0,0,53,2,35,0,168,291,12,125,93,0,0,4,2,1,0,0,6,0,0,0,2,2737,584,696,1671,500,112,464,192,41,504,66,270,0,0,0,4,198,11,6,204,183,10,17,25,0,0,2,11,0,0,0,0,4521,881,1855,2448,410,134,212,76,424,5,163,0,342,3,0,260,4361,2192,2323,6470,367,5,575,1028,33,20,379,271,376,0,0,5,0,16,3,4,0,0,0,6,2,0,0,0,0,0,0,0,753,34,12,115,19,1,0,22,1,0,0,2,0,0,0,0,371,6,8,30,184,3,3,4,5,1,13,13,4,2,0,10,1350,1292,535,417,501,183,6,5,13,2,12,5,5,0,2,0,755,14,19,574,173,282,2,121,11,158,2,8,57,37,0,5,119,74,2,251,29,0,0,17,0,2,0,41,16,1,0,8,545,23,4,223,0,17,0,0,0,0,0,0,0,3,0,0,0,0,0,0,14,0,0,0,0,0,0,0,0,0,0,0,0,111,12,16,0,0,0,0,0,0,0,0,0,0,0,0,5924,2800,1757,6757,186,47,8,817,62,3,54,123,496,171,0,830,1359,433,123,1430,2,20,11,262,21,0,0,195,101,7,1,56,1943,876,1149,2969,287,5,14,1214,133,17,3,360,124,63,6,237,462,16,0,134,0,0,0,0,0,0,0,0,0,6,0,11,5722,2691,1731,7115,292,0,3,340,620,216,475,720,213,64,37,158,0,0,3,26,0,162,0,5,0,0,0,0,0,0,0,0,231,0,3,15,0,0,0,0,3,0,0,1,0,0,0,0,3338,890,261,874,466,26,30,270,35,0,16,183,6,305,0,59,1176,434,440,706,124,22,0,30,97,2,4,88,25,3,0
0,22,0,242,133,0,0,0,0,0,0,0,0,0,0,0,0,436,0,0,128,5,153,0,22,0,0,0,0,0,0,0,0,12,75,25,57,0,0,0,0,0,2,0,0,0,0,4,19,294,240,228,307,32,285,8,20,0,0,0,0,0,0,0,0,22,22,14,38,0,12,0,0,0,0,8,0,0,0,0,0,15,114,0,7,0,0,0,13,0,0,0,0,0,0,0,0,545,24,81,55,173,53,13,13,0,0,0,0,0,0,0,0,62,53,0,83,0,0,0,9,0,0,0,0,0,0,0,9,265,7,1,36,2,0,0,0,0,3,0,0,0,0,0,0,0,4,0,0,0,0,0,0,0,0,0,0,0,0,0,0,712,155,0,3,0,0,0,2,0,0,0,0,0,0,0,0,256,477,2,151,0,0,0,49,0,0,0,8,0,8,0,0,0,0,0,0,0,0,0,0,0,0,0,0,0,0,0,1,15,1,26,34,0,0,0,26,6,10,0,90,0,0,0,0,159,12,6,54,0,1,0,0,2,2,0,6,14,0,0,5,0,13,0,0,0,0,0,0,7,0,0,0,0,0,0,0,441,20,0,31,0,5,0,0,6,0,0,1,0,0,0,0,19,18,0,35,0,0,0,1,23,1,0,0,0,1,0,9,55,22,10,89,8,0,0,1,0,0,0,0,17,0,0,0,3,1,3,0,1,1,0,0,0,0,0,0,0,0,0,0,4,168,101,57,0,0,0,0,0,6,0,0,0,0,0,0,8,1,1,115,11,65,2,14,16,0,0,0,0,0,0,0,140,44,2,121,0,0,0,5,0,0,0,0,0,0,0,0,9,0,0,3,0,0,0,0,0,0,0,0,13,0,0,0,36,4,2,36,0,0,10,6,0,0,0,4,0,0,0,64,24,1,0,19,0,0,0,109,0,0,0,1,0,0,0,2,35,8,0,10,1,0,0,0,0,1,0,0,0,0,0,0,0,0,0,17,0,0,0,0,0,0,0,0,0,0,0,0,0,0,0,0,0,0,0,2,0,0,0,0,0,0,2,0,39,39,16,156,0,0,0,0,0,0,0,6,0,0,0,0,32,987,27,56,0,13,0,4,0,0,0,0,0,0,0,0,131,0,1,36,113,0,0,0,0,0,0,0,0,0,0,0,0,0,10,304,0,0,0,128,0,0,0,0,0,0,0,0,143,70,0,95,0,0,0,0,0,0,0,0,0,0,0,0,297,33,0,37,19,0,0,0,0,0,0,0,0,0,0,0,25,3,0,16,0,0,1,0,8,0,0,12,0,0,0,0,634,22,22,69,11,14,0,3,200,0,0,39,0,0,0,0,57,7,0,197,36,0,0,2,0,4,0,0,0,0,0,109,1,0,21,18,1,0,0,4,0,0,0,0,0,0,0,0,11,0,0,4,0,0,0,3,0,0,0,0,0,0,0,0,1997,980,454,1290,36,14,13,418,220,0,0,53,2,35,0,168,291,12,125,93,0,0,4,2,1,0,0,6,0,0,0,2,2737,584,696,1671,500,112,464,192,41,504,66,270,0,0,0,4,198,11,6,204,183,10,17,25,0,0,2,11,0,0,0,0,4521,881,1855,2448,410,134,212,76,424,5,163,0,342,3,0,260,4361,2192,2323,6470,367,5,575,1028,33,20,379,271,376,0,0,5,0,16,3,4,0,0,0,6,2,0,0,0,0,0,0,0,753,34,12,115,19,1,0,22,1,0,0,2,0,0,0,0,371,6,8,30,184,3,3,4,5,1,13,13,4,2,0,10,1350,1292,535,417,501,183,6,5,13,2,12,5,5,0,2,0,755,14,19,574,173,282,2,121,11,158,2,8,57,37,0,5,119,74,2,251,29,0,0,17,0,2,0,41,16,1,0,8,545,23,4,223,0,17,0,0,0,0,0,0,0,3,0,0,0,0,0,0,14,0,0,0,0,0,0,0,0,0,0,0,0,111,12,16,0,0,0,0,0,0,0,0,0,0,0,0,5924,2800,1757,6757,186,47,8,817,62,3,54,123,496,171,0,830,1359,433,123,1430,2,20,11,262,21,0,0,195,101,7,1,56,1943,876,1149,2969,287,5,14,1214,133,17,3,360,124,63,6,237,462,16,0,134,0,0,0,0,0,0,0,0,0,6,0,11,5722,2691,1731,7115,292,0,3,340,620,216,475,720,213,64,37,158,0,0,3,26,0,162,0,5,0,0,0,0,0,0,0,0,231,0,3,15,0,0,0,0,3,0,0,1,0,0,0,0,3338,890,261,874,466,26,30,270,35,0,16,183,6,305,0,59,1176,434,440,706,124,22,0,30,97,2,4,88,25,3,0
0,22,0,242,133,0,0,0,0,0,0,0,0,0,0,0,0,436,0,0,128,5,153,0,22,0,0,0,0,0,0,0,0,12,75,25,57,0,0,0,0,0,2,0,0,0,0,4,19,294,240,228,307,32,285,8,20,0,0,0,0,0,0,0,0,22,22,14,38,0,12,0,0,0,0,8,0,0,0,0,0,15,114,0,7,0,0,0,13,0,0,0,0,0,0,0,0,545,24,81,55,173,53,13,13,0,0,0,0,0,0,0,0,62,53,0,83,0,0,0,9,0,0,0,0,0,0,0,9,265,7,1,36,2,0,0,0,0,3,0,0,0,0,0,0,0,4,0,0,0,0,0,0,0,0,0,0,0,0,0,0,712,155,0,3,0,0,0,2,0,0,0,0,0,0,0,0,256,477,2,151,0,0,0,49,0,0,0,8,0,8,0,0,0,0,0,0,0,0,0,0,0,0,0,0,0,0,0,1,15,1,26,34,0,0,0,26,6,10,0,90,0,0,0,0,159,12,6,54,0,1,0,0,2,2,0,6,14,0,0,5,0,13,0,0,0,0,0,0,7,0,0,0,0,0,0,0,441,20,0,31,0,5,0,0,6,0,0,1,0,0,0,0,19,18,0,35,0,0,0,1,23,1,0,0,0,1,0,9,55,22,10,89,8,0,0,1,0,0,0,0,17,0,0,0,3,1,3,0,1,1,0,0,0,0,0,0,0,0,0,0,4,168,101,57,0,0,0,0,0,6,0,0,0,0,0,0,8,1,1,115,11,65,2,14,16,0,0,0,0,0,0,0,140,44,2,121,0,0,0,5,0,0,0,0,0,0,0,0,9,0,0,3,0,0,0,0,0,0,0,0,13,0,0,0,36,4,2,36,0,0,10,6,0,0,0,4,0,0,0,64,24,1,0,19,0,0,0,109,0,0,0,1,0,0,0,2,35,8,0,10,1,0,0,0,0,1,0,0,0,0,0,0,0,0,0,17,0,0,0,0,0,0,0,0,0,0,0,0,0,0,0,0,0,0,0,2,0,0,0,0,0,0,2,0,39,39,16,156,0,0,0,0,0,0,0,6,0,0,0,0,32,987,27,56,0,13,0,4,0,0,0,0,0,0,0,0,131,0,1,36,113,0,0,0,0,0,0,0,0,0,0,0,0,0,10,304,0,0,0,128,0,0,0,0,0,0,0,0,143,70,0,95,0,0,0,0,0,0,0,0,0,0,0,0,297,33,0,37,19,0,0,0,0,0,0,0,0,0,0,0,25,3,0,16,0,0,1,0,8,0,0,12,0,0,0,0,634,22,22,69,11,14,0,3,200,0,0,39,0,0,0,0,57,7,0,197,36,0,0,2,0,4,0,0,0,0,0,109,1,0,21,18,1,0,0,4,0,0,0,0,0,0,0,0,11,0,0,4,0,0,0,3,0,0,0,0,0,0,0,0,1997,980,454,1290,36,14,13,418,220,0,0,53,2,35,0,168,291,12,125,93,0,0,4,2,1,0,0,6,0,0,0,2,2738,584,696,1671,500,112,464,192,41,504,66,270,0,0,0,4,198,11,6,204,183,10,17,25,0,0,2,11,0,0,0,0,4522,881,1855,2447,410,134,212,76,424,5,163,0,342,3,0,260,4360,2192,2323,6469,367,5,575,1028,33,20,379,271,376,0,0,5,0,16,3,4,0,0,0,6,2,0,0,0,0,0,0,0,753,34,12,115,19,1,0,22,1,0,0,2,0,0,0,0,371,6,8,30,184,3,3,4,5,1,13,13,4,2,0,10,1350,1292,535,417,501,183,6,5,13,2,12,5,5,0,2,0,755,14,19,574,173,282,2,121,11,158,2,8,57,37,0,5,119,74,2,251,29,0,0,17,0,2,0,41,16,1,0,8,545,23,4,223,0,17,0,0,0,0,0,0,0,3,0,0,0,0,0,0,14,0,0,0,0,0,0,0,0,0,0,0,0,111,12,16,0,0,0,0,0,0,0,0,0,0,0,0,5924,2800,1757,6757,186,47,8,817,62,3,54,123,496,171,0,830,1359,433,123,1430,2,20,11,262,21,0,0,195,101,7,1,56,1943,876,1149,2968,287,5,14,1214,133,17,3,360,124,63,6,237,462,16,0,134,0,0,0,0,0,0,0,0,0,6,0,11,5722,2689,1731,7113,292,0,3,340,621,216,475,721,213,64,37,158,0,0,3,26,0,162,0,5,0,0,0,0,0,0,0,0,231,0,3,15,0,0,0,0,3,0,0,1,0,0,0,0,3338,890,261,874,466,26,30,270,35,0,16,183,6,305,0,59,1176,434,440,706,124,22,0,30,97,2,4,88,25,3,0
0,22,0,242,133,0,0,0,0,0,0,0,0,0,0,0,0,436,0,0,128,5,153,0,22,0,0,0,0,0,0,0,0,12,75,25,57,0,0,0,0,0,2,0,0,0,0,4,19,294,240,228,307,32,285,8,20,0,0,0,0,0,0,0,0,22,22,14,38,0,12,0,0,0,0,8,0,0,0,0,0,15,114,0,7,0,0,0,13,0,0,0,0,0,0,0,0,545,24,81,55,173,53,13,13,0,0,0,0,0,0,0,0,62,53,0,83,0,0,0,9,0,0,0,0,0,0,0,9,265,7,1,36,2,0,0,0,0,3,0,0,0,0,0,0,0,4,0,0,0,0,0,0,0,0,0,0,0,0,0,0,712,155,0,3,0,0,0,2,0,0,0,0,0,0,0,0,256,477,2,151,0,0,0,49,0,0,0,8,0,8,0,0,0,0,0,0,0,0,0,0,0,0,0,0,0,0,0,1,15,1,26,34,0,0,0,26,6,10,0,90,0,0,0,0,159,12,6,54,0,1,0,0,2,2,0,6,14,0,0,5,0,13,0,0,0,0,0,0,7,0,0,0,0,0,0,0,441,20,0,31,0,5,0,0,6,0,0,1,0,0,0,0,19,18,0,35,0,0,0,1,23,1,0,0,0,1,0,9,55,22,10,89,8,0,0,1,0,0,0,0,17,0,0,0,3,1,3,0,1,1,0,0,0,0,0,0,0,0,0,0,4,168,101,57,0,0,0,0,0,6,0,0,0,0,0,0,8,1,1,115,11,65,2,14,16,0,0,0,0,0,0,0,140,44,2,121,0,0,0,5,0,0,0,0,0,0,0,0,9,0,0,3,0,0,0,0,0,0,0,0,13,0,0,0,36,4,2,36,0,0,10,6,0,0,0,4,0,0,0,64,24,1,0,19,0,0,0,109,0,0,0,1,0,0,0,2,35,8,0,10,1,0,0,0,0,1,0,0,0,0,0,0,0,0,0,17,0,0,0,0,0,0,0,0,0,0,0,0,0,0,0,0,0,0,0,2,0,0,0,0,0,0,2,0,39,39,16,156,0,0,0,0,0,0,0,6,0,0,0,0,32,987,27,56,0,13,0,4,0,0,0,0,0,0,0,0,131,0,1,36,113,0,0,0,0,0,0,0,0,0,0,0,0,0,10,304,0,0,0,128,0,0,0,0,0,0,0,0,143,70,0,95,0,0,0,0,0,0,0,0,0,0,0,0,297,33,0,37,19,0,0,0,0,0,0,0,0,0,0,0,25,3,0,16,0,0,1,0,8,0,0,12,0,0,0,0,634,22,22,69,11,14,0,3,200,0,0,39,0,0,0,0,57,7,0,197,36,0,0,2,0,4,0,0,0,0,0,109,1,0,21,18,1,0,0,4,0,0,0,0,0,0,0,0,11,0,0,4,0,0,0,3,0,0,0,0,0,0,0,0,1997,980,454,1290,36,14,13,418,220,0,0,53,2,35,0,168,291,12,125,93,0,0,4,2,1,0,0,6,0,0,0,2,2737,584,696,1671,500,112,464,192,41,504,66,270,0,0,0,4,198,11,6,204,183,10,17,25,0,0,2,11,0,0,0,0,4521,881,1855,2447,410,134,212,76,424,5,163,0,342,3,0,260,4360,2192,2323,6469,367,5,575,1028,33,20,379,271,376,0,0,5,0,16,3,4,0,0,0,6,2,0,0,0,0,0,0,0,753,34,12,115,19,1,0,22,1,0,0,2,0,0,0,0,371,6,8,30,184,3,3,4,5,1,13,13,4,2,0,10,1350,1292,535,417,501,183,6,5,13,2,12,5,5,0,2,0,755,14,19,574,173,282,2,121,11,158,2,8,57,37,0,5,119,74,2,251,29,0,0,17,0,2,0,41,16,1,0,8,545,23,4,223,0,17,0,0,0,0,0,0,0,3,0,0,0,0,0,0,14,0,0,0,0,0,0,0,0,0,0,0,0,111,12,16,0,0,0,0,0,0,0,0,0,0,0,0,5924,2800,1757,6757,186,47,8,817,62,3,54,123,496,171,0,830,1359,433,123,1430,2,20,11,262,21,0,0,195,101,7,1,56,1943,876,1149,2968,287,5,14,1214,133,17,3,360,124,63,6,237,462,16,0,134,0,0,0,0,0,0,0,0,0,6,0,11,5722,2689,1731,7113,292,0,3,340,620,216,475,720,213,64,37,158,0,0,3,26,0,162,0,5,0,0,0,0,0,0,0,0,231,0,3,15,0,0,0,0,3,0,0,1,0,0,0,0,3338,890,261,874,466,26,30,270,35,0,16,183,6,305,0,59,1176,434,440,706,124,22,0,30,97,2,4,88,25,3,0
0,22,0,242,133,0,0,0,0,0,0,0,0,0,0,0,0,437,0,0,128,5,153,0,22,0,0,0,0,0,0,0,0,12,75,25,57,0,0,0,0,0,2,0,0,0,0,4,19,294,240,229,307,32,285,8,20,0,0,0,0,0,0,0,0,22,22,14,38,0,12,0,0,0,0,8,0,0,0,0,0,15,114,0,7,0,0,0,13,0,0,0,0,0,0,0,0,545,24,81,55,174,53,13,13,0,0,0,0,0,0,0,0,62,53,0,83,0,0,0,9,0,0,0,0,0,0,0,9,265,7,1,36,2,0,0,0,0,3,0,0,0,0,0,0,0,4,0,0,0,0,0,0,0,0,0,0,0,0,0,0,712,155,0,3,0,0,0,2,0,0,0,0,0,0,0,0,256,477,2,151,0,0,0,49,0,0,0,8,0,8,0,0,0,0,0,0,0,0,0,0,0,0,0,0,0,0,0,1,15,1,26,34,0,0,0,26,6,10,0,90,0,0,0,0,159,12,6,54,0,1,0,0,2,2,0,6,14,0,0,5,0,13,0,0,0,0,0,0,7,0,0,0,0,0,0,0,441,20,0,31,0,5,0,0,6,0,0,1,0,0,0,0,19,18,0,35,0,0,0,1,23,1,0,0,0,1,0,9,55,22,10,89,8,0,0,1,0,0,0,0,17,0,0,0,3,1,3,0,1,1,0,0,0,0,0,0,0,0,0,0,4,168,101,57,0,0,0,0,0,6,0,0,0,0,0,0,8,1,1,115,11,65,2,14,16,0,0,0,0,0,0,0,140,44,2,121,0,0,0,5,0,0,0,0,0,0,0,0,9,0,0,3,0,0,0,0,0,0,0,0,13,0,0,0,36,4,2,36,0,0,10,6,0,0,0,4,0,0,0,64,24,1,0,19,0,0,0,109,0,0,0,1,0,0,0,2,35,8,0,10,1,0,0,0,0,1,0,0,0,0,0,0,0,0,0,17,0,0,0,0,0,0,0,0,0,0,0,0,0,0,0,0,0,0,0,2,0,0,0,0,0,0,2,0,39,39,16,156,0,0,0,0,0,0,0,6,0,0,0,0,32,987,27,56,0,13,0,4,0,0,0,0,0,0,0,0,131,0,1,36,113,0,0,0,0,0,0,0,0,0,0,0,0,0,10,304,0,0,0,128,0,0,0,0,0,0,0,0,143,70,0,95,0,0,0,0,0,0,0,0,0,0,0,0,297,33,0,37,19,0,0,0,0,0,0,0,0,0,0,0,25,3,0,16,0,0,1,0,8,0,0,12,0,0,0,0,634,22,22,69,11,14,0,3,200,0,0,39,0,0,0,0,57,7,0,197,36,0,0,2,0,4,0,0,0,0,0,109,1,0,21,18,1,0,0,4,0,0,0,0,0,0,0,0,11,0,0,4,0,0,0,3,0,0,0,0,0,0,0,0,1997,980,454,1290,36,14,13,418,220,0,0,53,2,35,0,168,291,12,125,93,0,0,4,2,1,0,0,6,0,0,0,2,2737,584,696,1671,500,112,464,192,41,504,66,270,0,0,0,4,198,11,6,204,183,10,17,25,0,0,2,11,0,0,0,0,4521,881,1856,2447,410,134,212,76,424,5,163,0,342,3,0,260,4360,2192,2323,6470,367,5,575,1029,33,20,379,271,376,0,0,5,0,16,3,4,0,0,0,6,2,0,0,0,0,0,0,0,753,34,12,115,19,1,0,22,1,0,0,2,0,0,0,0,371,6,8,30,184,3,3,4,5,1,13,13,4,2,0,10,1350,1292,535,417,501,183,6,5,13,2,12,5,5,0,2,0,755,14,19,574,173,282,2,121,11,158,2,8,57,37,0,5,119,74,2,251,29,0,0,17,0,2,0,41,16,1,0,8,545,23,4,223,0,17,0,0,0,0,0,0,0,3,0,0,0,0,0,0,14,0,0,0,0,0,0,0,0,0,0,0,0,111,12,16,0,0,0,0,0,0,0,0,0,0,0,0,5925,2800,1757,6757,186,47,8,817,62,3,54,123,496,171,0,830,1359,433,123,1430,2,20,11,262,21,0,0,195,101,7,1,56,1943,876,1149,2968,287,5,14,1214,133,17,3,360,124,63,6,237,462,16,0,134,0,0,0,0,0,0,0,0,0,6,0,11,5723,2689,1731,7113,292,0,3,340,621,216,475,720,213,64,37,158,0,0,3,26,0,162,0,5,0,0,0,0,0,0,0,0,231,0,3,15,0,0,0,0,3,0,0,1,0,0,0,0,3338,890,261,874,466,26,30,270,35,0,16,183,6,305,0,59,1176,434,440,706,124,22,0,30,97,2,4,88,25,3,0
0,22,0,242,133,0,0,0,0,0,0,0,0,0,0,0,0,436,0,0,128,5,153,0,22,0,0,0,0,0,0,0,0,12,75,25,57,0,0,0,0,0,2,0,0,0,0,4,19,294,240,228,307,32,285,8,20,0,0,0,0,0,0,0,0,22,22,14,38,0,12,0,0,0,0,8,0,0,0,0,0,15,114,0,7,0,0,0,13,0,0,0,0,0,0,0,0,545,24,81,55,173,53,13,13,0,0,0,0,0,0,0,0,62,53,0,83,0,0,0,9,0,0,0,0,0,0,0,9,265,7,1,36,2,0,0,0,0,3,0,0,0,0,0,0,0,4,0,0,0,0,0,0,0,0,0,0,0,0,0,0,712,155,0,3,0,0,0,2,0,0,0,0,0,0,0,0,256,477,2,151,0,0,0,49,0,0,0,8,0,8,0,0,0,0,0,0,0,0,0,0,0,0,0,0,0,0,0,1,15,1,26,34,0,0,0,26,6,10,0,90,0,0,0,0,159,12,6,54,0,1,0,0,2,2,0,6,14,0,0,5,0,13,0,0,0,0,0,0,7,0,0,0,0,0,0,0,441,20,0,31,0,5,0,0,6,0,0,1,0,0,0,0,19,18,0,35,0,0,0,1,23,1,0,0,0,1,0,9,55,22,10,89,8,0,0,1,0,0,0,0,17,0,0,0,3,1,3,0,1,1,0,0,0,0,0,0,0,0,0,0,4,168,101,57,0,0,0,0,0,6,0,0,0,0,0,0,8,1,1,115,11,65,2,14,16,0,0,0,0,0,0,0,140,44,2,121,0,0,0,5,0,0,0,0,0,0,0,0,9,0,0,3,0,0,0,0,0,0,0,0,13,0,0,0,36,4,2,36,0,0,10,6,0,0,0,4,0,0,0,64,24,1,0,19,0,0,0,109,0,0,0,1,0,0,0,2,35,8,0,10,1,0,0,0,0,1,0,0,0,0,0,0,0,0,0,17,0,0,0,0,0,0,0,0,0,0,0,0,0,0,0,0,0,0,0,2,0,0,0,0,0,0,2,0,39,39,16,156,0,0,0,0,0,0,0,6,0,0,0,0,32,987,27,56,0,13,0,4,0,0,0,0,0,0,0,0,131,0,1,36,113,0,0,0,0,0,0,0,0,0,0,0,0,0,10,304,0,0,0,128,0,0,0,0,0,0,0,0,143,70,0,95,0,0,0,0,0,0,0,0,0,0,0,0,297,33,0,37,19,0,0,0,0,0,0,0,0,0,0,0,25,3,0,16,0,0,1,0,8,0,0,12,0,0,0,0,634,22,22,69,11,14,0,3,201,0,0,39,0,0,0,0,57,7,0,197,36,0,0,2,0,4,0,0,0,0,0,109,1,0,21,18,1,0,0,4,0,0,0,0,0,0,0,0,11,0,0,4,0,0,0,3,0,0,0,0,0,0,0,0,1997,980,454,1290,36,14,13,418,220,0,0,53,2,35,0,168,291,12,125,93,0,0,4,2,1,0,0,6,0,0,0,2,2737,584,696,1671,500,112,464,192,41,504,66,270,0,0,0,4,198,11,6,204,183,10,17,25,0,0,2,11,0,0,0,0,4521,881,1855,2447,410,134,212,76,424,5,163,0,342,3,0,260,4362,2192,2323,6469,367,5,575,1028,33,20,379,271,376,0,0,5,0,16,3,4,0,0,0,6,2,0,0,0,0,0,0,0,753,34,12,115,19,1,0,22,1,0,0,2,0,0,0,0,371,6,8,30,184,3,3,4,5,1,13,13,4,2,0,10,1350,1293,535,417,501,183,6,5,13,2,12,5,5,0,2,0,755,14,19,574,173,282,2,121,11,158,2,8,57,37,0,5,119,74,2,251,29,0,0,17,0,2,0,41,16,1,0,8,545,23,4,223,0,17,0,0,0,0,0,0,0,3,0,0,0,0,0,0,14,0,0,0,0,0,0,0,0,0,0,0,0,111,12,16,0,0,0,0,0,0,0,0,0,0,0,0,5924,2800,1757,6758,186,47,8,817,62,3,54,123,496,171,0,830,1359,433,123,1430,2,20,11,262,21,0,0,195,101,7,1,56,1944,876,1149,2968,287,5,14,1214,133,17,3,360,124,63,6,237,462,16,0,134,0,0,0,0,0,0,0,0,0,6,0,11,5722,2690,1731,7113,292,0,3,340,620,216,475,720,214,64,37,158,0,0,3,26,0,162,0,5,0,0,0,0,0,0,0,0,231,0,3,15,0,0,0,0,3,0,0,1,0,0,0,0,3338,890,261,874,466,26,30,270,35,0,16,183,6,305,0,59,1176,434,440,706,124,22,0,30,97,2,4,88,25,3,0
0,22,0,242,133,0,0,0,0,0,0,0,0,0,0,0,0,436,0,0,128,5,153,0,22,0,0,0,0,0,0,0,0,12,75,25,57,0,0,0,0,0,2,0,0,0,0,4,19,294,240,228,307,32,285,8,20,0,0,0,0,0,0,0,0,22,22,14,38,0,12,0,0,0,0,8,0,0,0,0,0,15,114,0,7,0,0,0,13,0,0,0,0,0,0,0,0,545,24,81,55,173,53,13,13,0,0,0,0,0,0,0,0,62,53,0,83,0,0,0,9,0,0,0,0,0,0,0,9,265,7,1,36,2,0,0,0,0,3,0,0,0,0,0,0,0,4,0,0,0,0,0,0,0,0,0,0,0,0,0,0,712,155,0,3,0,0,0,2,0,0,0,0,0,0,0,0,256,477,2,151,0,0,0,49,0,0,0,8,0,8,0,0,0,0,0,0,0,0,0,0,0,0,0,0,0,0,0,1,15,1,26,34,0,0,0,26,6,10,0,90,0,0,0,0,159,12,6,54,0,1,0,0,2,2,0,6,14,0,0,5,0,13,0,0,0,0,0,0,7,0,0,0,0,0,0,0,441,20,0,31,0,5,0,0,6,0,0,1,0,0,0,0,19,18,0,35,0,0,0,1,23,1,0,0,0,1,0,9,55,22,10,89,8,0,0,1,0,0,0,0,17,0,0,0,3,1,3,0,1,1,0,0,0,0,0,0,0,0,0,0,4,168,101,57,0,0,0,0,0,6,0,0,0,0,0,0,8,1,1,115,11,65,2,14,16,0,0,0,0,0,0,0,140,44,2,121,0,0,0,5,0,0,0,0,0,0,0,0,9,0,0,3,0,0,0,0,0,0,0,0,13,0,0,0,36,4,2,36,0,0,10,6,0,0,0,4,0,0,0,64,24,1,0,19,0,0,0,109,0,0,0,1,0,0,0,2,35,8,0,10,1,0,0,0,0,1,0,0,0,0,0,0,0,0,0,17,0,0,0,0,0,0,0,0,0,0,0,0,0,0,0,0,0,0,0,2,0,0,0,0,0,0,2,0,39,39,16,156,0,0,0,0,0,0,0,6,0,0,0,0,32,987,27,56,0,13,0,4,0,0,0,0,0,0,0,0,131,0,1,36,113,0,0,0,0,0,0,0,0,0,0,0,0,0,10,304,0,0,0,128,0,0,0,0,0,0,0,0,143,70,0,95,0,0,0,0,0,0,0,0,0,0,0,0,297,33,0,37,19,0,0,0,0,0,0,0,0,0,0,0,25,3,0,16,0,0,1,0,8,0,0,12,0,0,0,0,634,22,22,69,11,14,0,3,200,0,0,39,0,0,0,0,57,7,0,197,36,0,0,2,0,4,0,0,0,0,0,109,1,0,21,18,1,0,0,4,0,0,0,0,0,0,0,0,11,0,0,4,0,0,0,3,0,0,0,0,0,0,0,0,1997,980,454,1290,36,14,13,418,220,0,0,53,2,35,0,168,291,12,125,93,0,0,4,2,1,0,0,6,0,0,0,2,2737,584,696,1671,500,112,464,192,41,504,66,270,0,0,0,4,198,11,6,204,183,10,17,25,0,0,2,11,0,0,0,0,4523,881,1855,2447,410,134,212,76,424,5,163,0,342,3,0,260,4361,2193,2323,6469,367,5,575,1028,33,20,379,271,376,0,0,5,0,16,3,4,0,0,0,6,2,0,0,0,0,0,0,0,753,34,12,115,19,1,0,22,1,0,0,2,0,0,0,0,371,6,8,30,184,3,3,4,5,1,13,13,4,2,0,10,1350,1292,535,417,501,183,6,5,13,2,12,5,5,0,2,0,755,14,19,574,173,282,2,121,11,158,2,8,57,37,0,5,119,74,2,251,29,0,0,17,0,2,0,41,16,1,0,8,545,23,4,223,0,17,0,0,0,0,0,0,0,3,0,0,0,0,0,0,14,0,0,0,0,0,0,0,0,0,0,0,0,111,12,16,0,0,0,0,0,0,0,0,0,0,0,0,5924,2800,1757,6757,186,47,8,817,62,3,54,123,496,171,0,830,1359,433,123,1430,2,20,11,262,21,0,0,195,101,7,1,56,1943,876,1149,2968,287,5,14,1214,133,17,3,360,124,63,6,237,462,16,0,134,0,0,0,0,0,0,0,0,0,6,0,11,5724,2689,1731,7113,292,0,3,340,620,216,475,720,213,64,37,158,0,0,3,26,0,162,0,5,0,0,0,0,0,0,0,0,231,0,3,15,0,0,0,0,3,0,0,1,0,0,0,0,3338,890,261,874,466,26,30,270,35,0,16,183,6,305,0,59,1176,434,440,706,124,22,0,30,97,2,4,88,25,3,0
0,22,0,242,133,0,0,0,0,0,0,0,0,0,0,0,0,436,0,0,128,5,153,0,22,0,0,0,0,0,0,0,0,12,75,25,57,0,0,0,0,0,2,0,0,0,0,4,19,294,240,228,307,32,285,8,20,0,0,0,0,0,0,0,0,22,22,14,38,0,12,0,0,0,0,8,0,0,0,0,0,15,114,0,7,0,0,0,13,0,0,0,0,0,0,0,0,545,24,81,55,173,53,13,13,0,0,0,0,0,0,0,0,62,53,0,83,0,0,0,9,0,0,0,0,0,0,0,9,265,7,1,36,2,0,0,0,0,3,0,0,0,0,0,0,0,4,0,0,0,0,0,0,0,0,0,0,0,0,0,0,712,155,0,3,0,0,0,2,0,0,0,0,0,0,0,0,256,477,2,151,0,0,0,49,0,0,0,8,0,8,0,0,0,0,0,0,0,0,0,0,0,0,0,0,0,0,0,1,15,1,26,34,0,0,0,26,6,10,0,90,0,0,0,0,159,12,6,54,0,1,0,0,2,2,0,6,14,0,0,5,0,13,0,0,0,0,0,0,7,0,0,0,0,0,0,0,441,20,0,31,0,5,0,0,6,0,0,1,0,0,0,0,19,18,0,35,0,0,0,1,23,1,0,0,0,1,0,9,55,22,10,89,8,0,0,1,0,0,0,0,17,0,0,0,3,1,3,0,1,1,0,0,0,0,0,0,0,0,0,0,4,168,101,57,0,0,0,0,0,6,0,0,0,0,0,0,8,1,1,115,11,65,2,14,16,0,0,0,0,0,0,0,140,44,2,121,0,0,0,5,0,0,0,0,0,0,0,0,9,0,0,3,0,0,0,0,0,0,0,0,13,0,0,0,36,4,2,36,0,0,10,6,0,0,0,4,0,0,0,64,24,1,0,19,0,0,0,109,0,0,0,1,0,0,0,2,35,8,0,10,1,0,0,0,0,1,0,0,0,0,0,0,0,0,0,17,0,0,0,0,0,0,0,0,0,0,0,0,0,0,0,0,0,0,0,2,0,0,0,0,0,0,2,0,39,39,16,156,0,0,0,0,0,0,0,6,0,0,0,0,32,987,27,56,0,13,0,4,0,0,0,0,0,0,0,0,131,0,1,36,113,0,0,0,0,0,0,0,0,0,0,0,0,0,10,304,0,0,0,128,0,0,0,0,0,0,0,0,143,70,0,95,0,0,0,0,0,0,0,0,0,0,0,0,297,33,0,37,19,0,0,0,0,0,0,0,0,0,0,0,25,3,0,16,0,0,1,0,8,0,0,12,0,0,0,0,635,22,22,69,11,14,0,3,200,0,0,39,0,0,0,0,57,7,0,197,36,0,0,2,0,4,0,0,0,0,0,109,1,0,21,18,1,0,0,4,0,0,0,0,0,0,0,0,11,0,0,4,0,0,0,3,0,0,0,0,0,0,0,0,1997,980,454,1290,36,14,13,418,220,0,0,53,2,35,0,168,291,12,125,93,0,0,4,2,1,0,0,6,0,0,0,2,2738,584,696,1671,500,113,464,192,41,504,66,270,0,0,0,4,198,11,6,204,183,10,17,25,0,0,2,11,0,0,0,0,4521,881,1856,2448,410,134,212,76,424,5,163,0,342,3,0,260,4361,2194,2323,6472,367,5,575,1028,33,20,379,271,376,0,0,5,0,16,3,4,0,0,0,6,2,0,0,0,0,0,0,0,753,34,12,115,19,1,0,22,1,0,0,2,0,0,0,0,371,6,8,30,184,3,3,4,5,1,13,13,4,2,0,10,1351,1292,535,417,501,183,6,5,13,2,12,5,5,0,2,0,755,14,19,574,173,282,2,121,11,158,2,8,57,37,0,5,119,74,2,251,29,0,0,17,0,2,0,41,16,1,0,8,545,23,4,223,0,17,0,0,0,0,0,0,0,3,0,0,0,0,0,0,14,0,0,0,0,0,0,0,0,0,0,0,0,111,12,16,0,0,0,0,0,0,0,0,0,0,0,0,5924,2800,1758,6758,186,47,8,817,62,3,54,123,496,171,0,830,1359,433,123,1430,2,20,11,262,21,0,0,195,101,7,1,56,1943,876,1149,2970,287,5,14,1214,133,17,3,360,124,63,6,237,462,16,0,134,0,0,0,0,0,0,0,0,0,6,0,11,5722,2689,1731,7114,292,0,3,340,620,216,475,720,213,64,37,158,0,0,3,26,0,162,0,5,0,0,0,0,0,0,0,0,231,0,3,15,0,0,0,0,3,0,0,1,0,0,0,0,3338,890,261,874,466,26,30,270,35,0,16,183,6,305,0,59,1176,434,440,706,124,22,0,30,97,2,4,88,25,3,0
0,22,0,242,133,0,0,0,0,0,0,0,0,0,0,0,0,436,0,0,128,5,153,0,22,0,0,0,0,0,0,0,0,12,75,25,57,0,0,0,0,0,2,0,0,0,0,4,19,294,240,228,307,32,285,8,20,0,0,0,0,0,0,0,0,22,22,14,38,0,12,0,0,0,0,8,0,0,0,0,0,15,114,0,7,0,0,0,13,0,0,0,0,0,0,0,0,545,24,81,55,173,53,13,13,0,0,0,0,0,0,0,0,62,53,0,83,0,0,0,9,0,0,0,0,0,0,0,9,265,7,1,36,2,0,0,0,0,3,0,0,0,0,0,0,0,4,0,0,0,0,0,0,0,0,0,0,0,0,0,0,712,155,0,3,0,0,0,2,0,0,0,0,0,0,0,0,256,477,2,151,0,0,0,49,0,0,0,8,0,8,0,0,0,0,0,0,0,0,0,0,0,0,0,0,0,0,0,1,15,1,26,34,0,0,0,26,6,10,0,90,0,0,0,0,159,12,6,54,0,1,0,0,2,2,0,6,14,0,0,5,0,13,0,0,0,0,0,0,7,0,0,0,0,0,0,0,441,20,0,31,0,5,0,0,6,0,0,1,0,0,0,0,19,18,0,35,0,0,0,1,23,1,0,0,0,1,0,9,55,22,10,89,8,0,0,1,0,0,0,0,17,0,0,0,3,1,3,0,1,1,0,0,0,0,0,0,0,0,0,0,4,168,101,57,0,0,0,0,0,6,0,0,0,0,0,0,8,1,1,115,11,65,2,14,16,0,0,0,0,0,0,0,140,44,2,121,0,0,0,5,0,0,0,0,0,0,0,0,9,0,0,3,0,0,0,0,0,0,0,0,13,0,0,0,36,4,2,36,0,0,10,6,0,0,0,4,0,0,0,64,24,1,0,19,0,0,0,109,0,0,0,1,0,0,0,2,35,8,0,10,1,0,0,0,0,1,0,0,0,0,0,0,0,0,0,17,0,0,0,0,0,0,0,0,0,0,0,0,0,0,0,0,0,0,0,2,0,0,0,0,0,0,2,0,39,39,16,156,0,0,0,0,0,0,0,6,0,0,0,0,32,987,27,56,0,13,0,4,0,0,0,0,0,0,0,0,131,0,1,36,113,0,0,0,0,0,0,0,0,0,0,0,0,0,10,304,0,0,0,128,0,0,0,0,0,0,0,0,143,70,0,95,0,0,0,0,0,0,0,0,0,0,0,0,297,33,0,37,19,0,0,0,0,0,0,0,0,0,0,0,25,3,0,16,0,0,1,0,8,0,0,12,0,0,0,0,634,22,22,69,11,14,0,3,200,0,0,39,0,0,0,0,57,7,0,197,36,0,0,2,0,4,0,0,0,0,0,109,1,0,21,18,1,0,0,4,0,0,0,0,0,0,0,0,11,0,0,4,0,0,0,3,0,0,0,0,0,0,0,0,1997,980,454,1290,36,14,13,418,220,0,0,53,2,35,0,168,291,12,125,93,0,0,4,2,1,0,0,6,0,0,0,2,2737,584,696,1671,500,112,464,192,41,504,66,270,0,0,0,4,198,11,6,204,183,10,17,25,0,0,2,11,0,0,0,0,4521,881,1855,2447,410,134,212,76,424,5,163,0,342,3,0,260,4360,2192,2323,6469,367,5,575,1028,33,20,379,271,376,0,0,5,0,16,3,4,0,0,0,6,2,0,0,0,0,0,0,0,753,34,12,115,19,1,0,22,1,0,0,2,0,0,0,0,371,6,8,30,184,3,3,4,5,1,13,13,4,2,0,10,1350,1292,535,417,501,183,6,5,13,2,12,5,5,0,2,0,755,14,19,574,173,282,2,121,11,158,2,8,57,37,0,5,119,74,2,251,29,0,0,17,0,2,0,41,16,1,0,8,545,23,4,223,0,17,0,0,0,0,0,0,0,3,0,0,0,0,0,0,14,0,0,0,0,0,0,0,0,0,0,0,0,111,12,16,0,0,0,0,0,0,0,0,0,0,0,0,5925,2800,1757,6757,186,47,8,817,62,3,54,123,496,171,0,830,1360,433,123,1430,2,20,11,262,21,0,0,195,101,7,1,56,1943,876,1149,2968,287,5,14,1214,133,17,3,360,124,63,6,237,463,16,0,134,0,0,0,0,0,0,0,0,0,6,0,11,5722,2689,1731,7113,292,0,3,340,620,216,475,721,213,64,37,158,0,0,3,26,0,162,0,5,0,0,0,0,0,0,0,0,231,0,3,15,0,0,0,0,3,0,0,1,0,0,0,0,3338,890,261,874,466,26,30,270,35,0,16,183,6,305,0,59,1176,434,440,706,124,22,0,30,97,2,4,88,25,3,0
0,22,0,242,133,0,0,0,0,0,0,0,0,0,0,0,0,436,0,0,128,5,153,0,22,0,0,0,0,0,0,0,0,12,75,25,57,0,0,0,0,0,2,0,0,0,0,4,19,294,240,228,307,32,285,8,20,0,0,0,0,0,0,0,0,22,22,14,38,0,12,0,0,0,0,8,0,0,0,0,0,15,114,0,7,0,0,0,13,0,0,0,0,0,0,0,0,545,24,81,55,173,53,13,13,0,0,0,0,0,0,0,0,62,53,0,83,0,0,0,9,0,0,0,0,0,0,0,9,265,7,1,36,2,0,0,0,0,3,0,0,0,0,0,0,0,4,0,0,0,0,0,0,0,0,0,0,0,0,0,0,712,155,0,3,0,0,0,2,0,0,0,0,0,0,0,0,256,477,2,151,0,0,0,49,0,0,0,8,0,8,0,0,0,0,0,0,0,0,0,0,0,0,0,0,0,0,0,1,15,1,26,34,0,0,0,26,6,10,0,90,0,0,0,0,159,12,6,54,0,1,0,0,2,2,0,6,14,0,0,5,0,13,0,0,0,0,0,0,7,0,0,0,0,0,0,0,441,20,0,31,0,5,0,0,6,0,0,1,0,0,0,0,19,18,0,35,0,0,0,1,23,1,0,0,0,1,0,9,55,22,10,89,8,0,0,1,0,0,0,0,17,0,0,0,3,1,3,0,1,1,0,0,0,0,0,0,0,0,0,0,4,168,101,57,0,0,0,0,0,6,0,0,0,0,0,0,8,1,1,115,11,65,2,14,16,0,0,0,0,0,0,0,140,44,2,121,0,0,0,5,0,0,0,0,0,0,0,0,9,0,0,3,0,0,0,0,0,0,0,0,13,0,0,0,36,4,2,36,0,0,10,6,0,0,0,4,0,0,0,64,24,1,0,19,0,0,0,109,0,0,0,1,0,0,0,2,35,8,0,10,1,0,0,0,0,1,0,0,0,0,0,0,0,0,0,17,0,0,0,0,0,0,0,0,0,0,0,0,0,0,0,0,0,0,0,2,0,0,0,0,0,0,2,0,39,39,16,156,0,0,0,0,0,0,0,6,0,0,0,0,32,987,27,56,0,13,0,4,0,0,0,0,0,0,0,0,131,0,1,36,113,0,0,0,0,0,0,0,0,0,0,0,0,0,10,304,0,0,0,128,0,0,0,0,0,0,0,0,143,70,0,95,0,0,0,0,0,0,0,0,0,0,0,0,297,33,0,37,19,0,0,0,0,0,0,0,0,0,0,0,25,3,0,16,0,0,1,0,8,0,0,12,0,0,0,0,634,22,22,69,11,14,0,3,200,0,0,39,0,0,0,0,57,7,0,197,36,0,0,2,0,4,0,0,0,0,0,109,1,0,21,18,1,0,0,4,0,0,0,0,0,0,0,0,11,0,0,4,0,0,0,3,0,0,0,0,0,0,0,0,1997,980,454,1290,36,14,13,418,220,0,0,53,2,35,0,168,291,12,125,93,0,0,4,2,1,0,0,6,0,0,0,2,2737,584,696,1671,500,112,464,192,41,504,66,270,0,0,0,4,198,11,6,204,183,10,17,25,0,0,2,11,0,0,0,0,4521,881,1855,2447,410,134,212,76,424,5,163,0,342,3,0,260,4360,2192,2323,6469,367,5,575,1028,33,20,379,271,376,0,0,5,0,16,3,4,0,0,0,6,2,0,0,0,0,0,0,0,753,34,12,115,19,1,0,22,1,0,0,2,0,0,0,0,371,6,8,30,184,3,3,4,5,1,13,13,4,2,0,10,1350,1292,535,417,501,183,6,5,13,2,12,5,5,0,2,0,755,14,19,574,173,282,2,121,11,158,2,8,57,37,0,5,119,74,2,251,29,0,0,17,0,2,0,41,16,1,0,8,545,23,4,223,0,17,0,0,0,0,0,0,0,3,0,0,0,0,0,0,14,0,0,0,0,0,0,0,0,0,0,0,0,111,12,16,0,0,0,0,0,0,0,0,0,0,0,0,5924,2800,1757,6757,186,47,8,817,62,3,54,123,496,171,0,830,1359,433,123,1430,2,20,11,262,21,0,0,195,101,7,1,56,1943,876,1149,2968,287,5,14,1214,133,17,3,360,124,63,6,237,462,16,0,134,0,0,0,0,0,0,0,0,0,6,0,11,5722,2689,1731,7114,292,0,3,340,620,216,475,720,213,64,37,158,0,0,3,26,0,162,0,5,0,0,0,0,0,0,0,0,231,0,3,15,0,0,0,0,3,0,0,1,0,0,0,0,3338,890,261,874,466,26,30,270,35,0,16,183,6,305,0,59,1176,434,440,706,124,22,0,30,97,2,4,88,25,3,0
0,22,0,242,133,0,0,0,0,0,0,0,0,0,0,0,0,436,0,0,128,5,153,0,22,0,0,0,0,0,0,0,0,12,75,25,57,0,0,0,0,0,2,0,0,0,0,4,19,294,240,228,307,32,285,8,20,0,0,0,0,0,0,0,0,22,22,14,38,0,12,0,0,0,0,8,0,0,0,0,0,15,114,0,7,0,0,0,13,0,0,0,0,0,0,0,0,545,24,81,55,173,53,13,13,0,0,0,0,0,0,0,0,62,53,0,83,0,0,0,9,0,0,0,0,0,0,0,9,265,7,1,36,2,0,0,0,0,3,0,0,0,0,0,0,0,4,0,0,0,0,0,0,0,0,0,0,0,0,0,0,712,155,0,3,0,0,0,2,0,0,0,0,0,0,0,0,256,477,2,151,0,0,0,49,0,0,0,8,0,8,0,0,0,0,0,0,0,0,0,0,0,0,0,0,0,0,0,1,15,1,26,34,0,0,0,26,6,10,0,90,0,0,0,0,159,12,6,54,0,1,0,0,2,2,0,6,14,0,0,5,0,13,0,0,0,0,0,0,7,0,0,0,0,0,0,0,441,20,0,31,0,5,0,0,6,0,0,1,0,0,0,0,19,18,0,35,0,0,0,1,23,1,0,0,0,1,0,9,55,22,10,89,8,0,0,1,0,0,0,0,17,0,0,0,3,1,3,0,1,1,0,0,0,0,0,0,0,0,0,0,4,168,101,57,0,0,0,0,0,6,0,0,0,0,0,0,8,1,1,115,11,65,2,14,16,0,0,0,0,0,0,0,140,44,2,121,0,0,0,5,0,0,0,0,0,0,0,0,9,0,0,3,0,0,0,0,0,0,0,0,13,0,0,0,36,4,2,36,0,0,10,6,0,0,0,4,0,0,0,64,24,1,0,19,0,0,0,109,0,0,0,1,0,0,0,2,35,8,0,10,1,0,0,0,0,1,0,0,0,0,0,0,0,0,0,17,0,0,0,0,0,0,0,0,0,0,0,0,0,0,0,0,0,0,0,2,0,0,0,0,0,0,2,0,39,39,16,156,0,0,0,0,0,0,0,6,0,0,0,0,32,987,27,56,0,13,0,4,0,0,0,0,0,0,0,0,131,0,1,36,113,0,0,0,0,0,0,0,0,0,0,0,0,0,10,304,0,0,0,128,0,0,0,0,0,0,0,0,143,70,0,95,0,0,0,0,0,0,0,0,0,0,0,0,297,33,0,37,19,0,0,0,0,0,0,0,0,0,0,0,25,3,0,16,0,0,1,0,8,0,0,12,0,0,0,0,634,22,22,69,11,14,0,3,200,0,0,39,0,0,0,0,57,7,0,197,36,0,0,2,0,4,0,0,0,0,0,109,1,0,21,18,1,0,0,4,0,0,0,0,0,0,0,0,11,0,0,4,0,0,0,3,0,0,0,0,0,0,0,0,1997,980,454,1290,36,14,13,418,220,0,0,53,2,35,0,168,291,12,125,93,0,0,4,2,1,0,0,6,0,0,0,2,2737,584,696,1672,500,112,464,192,41,504,66,270,0,0,0,4,198,11,6,204,183,10,17,25,0,0,2,11,0,0,0,0,4521,881,1855,2447,410,134,212,76,424,5,163,0,342,3,0,260,4360,2192,2323,6469,367,5,575,1028,33,20,379,271,376,0,0,5,0,16,3,4,0,0,0,6,2,0,0,0,0,0,0,0,753,34,12,115,19,1,0,22,1,0,0,2,0,0,0,0,371,6,8,30,184,3,3,4,5,1,13,13,4,2,0,10,1350,1292,535,417,501,183,6,5,13,2,12,5,5,0,2,0,755,14,19,574,173,282,2,121,11,158,2,8,57,37,0,5,119,74,2,251,29,0,0,17,0,2,0,41,16,1,0,8,545,23,4,223,0,17,0,0,0,0,0,0,0,3,0,0,0,0,0,0,14,0,0,0,0,0,0,0,0,0,0,0,0,111,12,16,0,0,0,0,0,0,0,0,0,0,0,0,5924,2800,1757,6758,186,47,8,817,62,3,54,123,496,171,0,830,1359,434,123,1430,2,20,11,262,21,0,0,195,101,7,1,56,1943,876,1149,2968,287,5,14,1214,133,17,3,360,124,63,6,237,462,16,0,135,0,0,0,0,0,0,0,0,0,6,0,11,5722,2689,1731,7113,292,0,3,340,620,216,475,720,213,64,37,158,0,0,3,26,0,162,0,5,0,0,0,0,0,0,0,0,231,0,3,15,0,0,0,0,3,0,0,1,0,0,0,0,3338,890,261,874,466,26,30,270,35,0,16,183,6,305,0,59,1176,434,440,706,124,22,0,30,97,2,4,88,25,3,0
0,22,0,242,133,0,0,0,0,0,0,0,0,0,0,0,0,436,0,0,128,5,153,0,22,0,0,0,0,0,0,0,0,12,75,25,57,0,0,0,0,0,2,0,0,0,0,4,19,294,240,228,307,32,285,8,20,0,0,0,0,0,0,0,0,22,22,14,38,0,12,0,0,0,0,8,0,0,0,0,0,15,114,0,7,0,0,0,13,0,0,0,0,0,0,0,0,545,24,81,55,173,53,13,13,0,0,0,0,0,0,0,0,62,53,0,83,0,0,0,9,0,0,0,0,0,0,0,9,265,7,1,36,2,0,0,0,0,3,0,0,0,0,0,0,0,4,0,0,0,0,0,0,0,0,0,0,0,0,0,0,712,155,0,3,0,0,0,2,0,0,0,0,0,0,0,0,256,478,2,151,0,0,0,49,0,0,0,8,0,8,0,0,0,0,0,0,0,0,0,0,0,0,0,0,0,0,0,1,15,1,26,34,0,0,0,26,6,10,0,90,0,0,0,0,159,12,6,54,0,1,0,0,2,2,0,6,14,0,0,5,0,13,0,0,0,0,0,0,7,0,0,0,0,0,0,0,441,20,0,31,0,5,0,0,6,0,0,1,0,0,0,0,19,18,0,35,0,0,0,1,23,1,0,0,0,1,0,9,55,22,10,89,8,0,0,1,0,0,0,0,17,0,0,0,3,1,3,0,1,1,0,0,0,0,0,0,0,0,0,0,4,168,101,57,0,0,0,0,0,6,0,0,0,0,0,0,8,1,1,115,11,65,2,14,16,0,0,0,0,0,0,0,140,44,2,121,0,0,0,5,0,0,0,0,0,0,0,0,9,0,0,3,0,0,0,0,0,0,0,0,13,0,0,0,36,4,2,36,0,0,10,6,0,0,0,4,0,0,0,64,24,1,0,19,0,0,0,109,0,0,0,1,0,0,0,2,35,8,0,10,1,0,0,0,0,1,0,0,0,0,0,0,0,0,0,17,0,0,0,0,0,0,0,0,0,0,0,0,0,0,0,0,0,0,0,2,0,0,0,0,0,0,2,0,39,39,16,156,0,0,0,0,0,0,0,6,0,0,0,0,32,987,27,56,0,13,0,4,0,0,0,0,0,0,0,0,131,0,1,36,113,0,0,0,0,0,0,0,0,0,0,0,0,0,10,304,0,0,0,128,0,0,0,0,0,0,0,0,143,70,0,95,0,0,0,0,0,0,0,0,0,0,0,0,297,33,0,37,19,0,0,0,0,0,0,0,0,0,0,0,25,3,0,16,0,0,1,0,8,0,0,12,0,0,0,0,634,22,22,69,11,14,0,3,200,0,0,39,0,0,0,0,57,7,0,197,36,0,0,2,0,4,0,0,0,0,0,109,1,0,21,18,1,0,0,4,0,0,0,0,0,0,0,0,11,0,0,4,0,0,0,3,0,0,0,0,0,0,0,0,1999,980,454,1290,36,14,13,418,220,0,0,53,2,35,0,168,291,12,125,93,0,0,4,2,1,0,0,6,0,0,0,2,2737,584,696,1671,500,112,464,192,41,504,66,270,0,0,0,4,198,11,6,204,183,10,17,25,0,0,2,11,0,0,0,0,4521,881,1855,2447,410,134,212,76,424,5,163,0,342,3,0,260,4360,2192,2323,6469,367,5,575,1028,33,20,379,271,376,0,0,5,0,16,3,4,0,0,0,6,2,0,0,0,0,0,0,0,753,34,12,115,19,1,0,22,1,0,0,2,0,0,0,0,371,6,8,30,184,3,3,4,5,1,13,13,4,2,0,10,1350,1293,535,417,501,183,6,5,13,2,12,5,5,0,2,0,755,14,19,574,173,282,2,121,11,158,2,8,57,37,0,5,119,74,2,251,29,0,0,17,0,2,0,41,16,1,0,8,545,23,4,223,0,17,0,0,0,0,0,0,0,3,0,0,0,0,0,0,14,0,0,0,0,0,0,0,0,0,0,0,0,111,12,16,0,0,0,0,0,0,0,0,0,0,0,0,5925,2800,1757,6757,186,47,8,817,62,3,54,123,496,171,0,830,1359,433,123,1430,2,20,11,262,21,0,0,195,101,7,1,56,1943,876,1149,2968,287,5,14,1214,133,17,3,360,124,63,6,237,462,16,0,134,0,0,0,0,0,0,0,0,0,6,0,11,5722,2689,1731,7113,292,0,3,340,620,216,475,720,213,64,37,158,0,0,3,26,0,162,0,5,0,0,0,0,0,0,0,0,231,0,3,15,0,0,0,0,3,0,0,1,0,0,0,0,3338,890,261,874,466,26,30,270,35,0,16,183,6,305,0,59,1176,434,440,706,124,22,0,30,97,2,4,88,25,3,0
0,22,0,242,133,0,0,0,0,0,0,0,0,0,0,0,0,436,0,0,128,5,153,0,22,0,0,0,0,0,0,0,0,12,75,25,57,0,0,0,0,0,2,0,0,0,0,4,19,294,240,228,308,32,285,8,20,0,0,0,0,0,0,0,0,22,22,14,38,0,12,0,0,0,0,8,0,0,0,0,0,15,114,0,7,0,0,0,13,0,0,0,0,0,0,0,0,545,24,81,55,173,53,13,13,0,0,0,0,0,0,0,0,62,53,0,83,0,0,0,9,0,0,0,0,0,0,0,9,265,7,1,36,2,0,0,0,0,3,0,0,0,0,0,0,0,4,0,0,0,0,0,0,0,0,0,0,0,0,0,0,712,155,0,3,0,0,0,2,0,0,0,0,0,0,0,0,256,477,2,151,0,0,0,50,0,0,0,8,0,8,0,0,0,0,0,0,0,0,0,0,0,0,0,0,0,0,0,1,15,1,26,34,0,0,0,27,6,10,0,90,0,0,0,0,159,12,6,55,0,1,0,0,2,2,0,6,14,0,0,5,0,13,0,0,0,0,0,0,7,0,0,0,0,0,0,0,441,20,0,32,0,5,0,0,6,0,0,1,0,0,0,0,19,18,0,35,0,0,0,1,23,1,0,0,0,1,0,9,55,22,10,89,8,0,0,1,0,0,0,0,17,0,0,0,3,1,3,0,1,1,0,0,0,0,0,0,0,0,0,0,4,168,101,57,0,0,0,0,0,6,0,0,0,0,0,0,8,1,1,115,11,65,2,14,16,0,0,0,0,0,0,0,140,45,2,121,0,0,0,5,0,0,0,0,0,0,0,0,9,0,0,3,0,0,0,0,0,0,0,0,13,0,0,0,36,4,2,36,0,0,10,6,0,0,0,4,0,0,0,64,24,1,0,19,0,0,0,109,0,0,0,1,0,0,0,2,35,8,0,10,1,0,0,0,0,1,0,0,0,0,0,0,0,0,0,17,0,0,0,0,0,0,0,0,0,0,0,0,0,0,0,0,0,0,0,2,0,0,0,0,0,0,2,0,39,40,16,156,0,0,0,0,0,0,0,6,0,0,0,0,32,987,27,56,0,13,0,4,0,0,0,0,0,0,0,0,131,0,1,36,113,0,0,0,0,0,0,0,0,0,0,0,0,0,10,304,0,0,0,128,0,0,0,0,0,0,0,0,143,70,0,95,0,0,0,0,0,0,0,0,0,0,0,0,297,33,0,37,19,0,0,0,0,0,0,0,0,0,0,0,25,3,0,16,0,0,1,0,8,0,0,12,0,0,0,0,634,22,22,69,11,14,0,3,200,0,0,39,0,0,0,0,57,7,0,197,36,0,0,2,0,4,0,0,0,0,0,109,1,0,21,18,1,0,0,4,0,0,0,0,0,0,0,0,11,0,0,4,0,0,0,3,0,0,0,0,0,0,0,0,1997,980,454,1290,36,14,13,418,220,0,0,53,2,35,0,168,291,12,125,93,0,0,4,2,1,0,0,6,0,0,0,2,2738,584,696,1671,500,112,464,193,41,504,66,270,0,0,0,4,198,11,6,204,183,10,17,25,0,0,2,11,0,0,0,0,4521,881,1855,2447,410,134,212,76,424,5,163,0,342,3,0,260,4360,2192,2323,6469,367,5,575,1028,33,20,379,271,376,0,0,5,0,16,3,4,0,0,0,6,2,0,0,0,0,0,0,0,753,34,12,115,19,1,0,22,1,0,0,2,0,0,0,0,371,6,8,30,184,3,3,4,5,1,13,13,4,2,0,10,1350,1292,535,417,501,183,6,5,13,2,12,5,5,0,2,0,755,14,19,574,173,282,2,121,11,158,2,8,57,37,0,5,119,74,2,251,29,0,0,17,0,2,0,41,16,1,0,8,545,23,4,223,0,17,0,0,0,0,0,0,0,3,0,0,0,0,0,0,14,0,0,0,0,0,0,0,0,0,0,0,0,111,12,16,0,0,0,0,0,0,0,0,0,0,0,0,5926,2800,1757,6758,186,47,8,817,62,3,54,123,497,171,0,830,1359,433,123,1430,2,20,11,262,21,0,0,195,101,7,1,56,1943,876,1149,2968,287,5,14,1214,133,17,3,360,124,63,6,237,462,16,0,134,0,0,0,0,0,0,0,0,0,6,0,11,5722,2689,1731,7113,292,0,3,340,620,216,475,720,213,64,37,158,0,0,3,26,0,162,0,5,0,0,0,0,0,0,0,0,231,0,3,15,0,0,0,0,3,0,0,1,0,0,0,0,3338,890,261,874,466,26,30,270,35,0,16,183,6,305,0,59,1176,434,440,706,124,22,0,30,97,2,4,88,25,3,0
0,22,0,242,133,0,0,0,0,0,0,0,0,0,0,0,0,436,0,0,128,5,153,0,22,0,0,0,0,0,0,0,0,12,75,25,57,0,0,0,0,0,2,0,0,0,0,4,19,294,240,228,307,32,285,8,20,0,0,0,0,0,0,0,0,22,22,14,38,0,12,0,0,0,0,8,0,0,0,0,0,15,114,0,7,0,0,0,13,0,0,0,0,0,0,0,0,545,24,81,55,173,53,13,13,0,0,0,0,0,0,0,0,62,53,0,83,0,0,0,9,0,0,0,0,0,0,0,9,265,7,1,36,2,0,0,0,0,3,0,0,0,0,0,0,0,4,0,0,0,0,0,0,0,0,0,0,0,0,0,0,712,155,0,3,0,0,0,2,0,0,0,0,0,0,0,0,256,477,2,151,0,0,0,49,0,0,0,8,0,8,0,0,0,0,0,0,0,0,0,0,0,0,0,0,0,0,0,1,15,1,26,34,0,0,0,26,6,10,0,90,0,0,0,0,159,12,6,54,0,1,0,0,2,2,0,6,14,0,0,5,0,13,0,0,0,0,0,0,7,0,0,0,0,0,0,0,441,20,0,31,0,5,0,0,6,0,0,1,0,0,0,0,19,18,0,35,0,0,0,1,23,1,0,0,0,1,0,9,55,22,10,89,8,0,0,1,0,0,0,0,17,0,0,0,3,1,3,0,1,1,0,0,0,0,0,0,0,0,0,0,4,168,101,57,0,0,0,0,0,6,0,0,0,0,0,0,8,1,1,115,11,65,2,14,16,0,0,0,0,0,0,0,140,44,2,121,0,0,0,5,0,0,0,0,0,0,0,0,9,0,0,3,0,0,0,0,0,0,0,0,13,0,0,0,36,4,2,36,0,0,10,6,0,0,0,4,0,0,0,64,24,1,0,19,0,0,0,109,0,0,0,1,0,0,0,2,35,8,0,10,1,0,0,0,0,1,0,0,0,0,0,0,0,0,0,17,0,0,0,0,0,0,0,0,0,0,0,0,0,0,0,0,0,0,0,2,0,0,0,0,0,0,2,0,39,39,16,156,0,0,0,0,0,0,0,6,0,0,0,0,32,987,27,56,0,13,0,4,0,0,0,0,0,0,0,0,131,0,1,36,113,0,0,0,0,0,0,0,0,0,0,0,0,0,10,304,0,0,0,128,0,0,0,0,0,0,0,0,143,70,0,95,0,0,0,0,0,0,0,0,0,0,0,0,297,33,0,37,19,0,0,0,0,0,0,0,0,0,0,0,25,3,0,16,0,0,1,0,8,0,0,12,0,0,0,0,634,22,22,69,11,14,0,3,200,0,0,39,0,0,0,0,57,7,0,197,36,0,0,2,0,4,0,0,0,0,0,109,1,0,21,18,1,0,0,4,0,0,0,0,0,0,0,0,11,0,0,4,0,0,0,3,0,0,0,0,0,0,0,0,1997,980,454,1290,36,14,13,418,220,0,0,53,2,35,0,168,291,12,125,93,0,0,4,2,1,0,0,6,0,0,0,2,2737,584,696,1671,500,112,464,192,41,504,66,270,0,0,0,4,198,11,6,204,183,10,17,25,0,0,2,11,0,0,0,0,4521,882,1855,2448,410,134,212,76,424,5,163,0,342,3,0,260,4361,2192,2323,6469,367,5,575,1028,33,20,379,271,376,0,0,5,0,16,3,4,0,0,0,6,2,0,0,0,0,0,0,0,753,34,12,115,19,1,0,22,1,0,0,2,0,0,0,0,371,6,8,30,184,3,3,4,5,1,13,13,4,2,0,10,1350,1292,535,417,501,183,6,5,13,2,12,5,5,0,2,0,755,14,19,574,173,282,2,121,11,158,2,8,57,37,0,5,119,74,2,251,29,0,0,17,0,2,0,41,16,1,0,8,545,23,4,223,0,17,0,0,0,0,0,0,0,3,0,0,0,0,0,0,14,0,0,0,0,0,0,0,0,0,0,0,0,111,12,16,0,0,0,0,0,0,0,0,0,0,0,0,5925,2800,1757,6757,186,47,8,817,62,3,54,123,496,171,0,830,1359,433,123,1430,2,20,11,262,21,0,0,195,101,7,1,56,1943,876,1149,2968,287,5,14,1214,133,17,3,360,124,63,6,237,462,16,0,134,0,0,0,0,0,0,0,0,0,6,0,11,5722,2689,1731,7114,292,0,3,340,620,216,475,720,213,64,37,159,0,0,3,26,0,162,0,5,0,0,0,0,0,0,0,0,231,0,3,15,0,0,0,0,3,0,0,1,0,0,0,0,3339,890,261,874,466,26,30,270,35,0,16,183,6,305,0,59,1176,434,440,706,124,22,0,30,97,2,4,88,25,3,0
0,22,0,242,133,0,0,0,0,0,0,0,0,0,0,0,0,436,0,0,128,5,153,0,22,0,0,0,0,0,0,0,0,12,75,25,57,0,0,0,0,0,2,0,0,0,0,4,19,294,240,228,307,32,285,8,20,0,0,0,0,0,0,0,0,22,22,14,38,0,12,0,0,0,0,8,0,0,0,0,0,15,114,0,7,0,0,0,13,0,0,0,0,0,0,0,0,545,24,81,55,173,53,13,13,0,0,0,0,0,0,0,0,62,53,0,83,0,0,0,9,0,0,0,0,0,0,0,9,265,7,1,36,2,0,0,0,0,3,0,0,0,0,0,0,0,4,0,0,0,0,0,0,0,0,0,0,0,0,0,0,712,155,0,3,0,0,0,2,0,0,0,0,0,0,0,0,256,478,2,151,0,0,0,49,0,0,0,8,0,8,0,0,0,0,0,0,0,0,0,0,0,0,0,0,0,0,0,1,15,1,26,34,0,0,0,26,6,10,0,90,0,0,0,0,159,12,6,54,0,1,0,0,2,2,0,6,14,0,0,5,0,13,0,0,0,0,0,0,7,0,0,0,0,0,0,0,441,20,0,31,0,5,0,0,6,0,0,1,0,0,0,0,19,18,0,35,0,0,0,1,23,1,0,0,0,1,0,9,55,22,10,89,8,0,0,1,0,0,0,0,17,0,0,0,3,1,3,0,1,1,0,0,0,0,0,0,0,0,0,0,4,168,101,57,0,0,0,0,0,6,0,0,0,0,0,0,8,1,1,115,11,65,2,14,16,0,0,0,0,0,0,0,140,44,2,121,0,0,0,5,0,0,0,0,0,0,0,0,9,0,0,3,0,0,0,0,0,0,0,0,13,0,0,0,36,4,2,36,0,0,10,6,0,0,0,4,0,0,0,64,24,1,0,19,0,0,0,109,0,0,0,1,0,0,0,2,35,8,0,10,1,0,0,0,0,1,0,0,0,0,0,0,0,0,0,17,0,0,0,0,0,0,0,0,0,0,0,0,0,0,0,0,0,0,0,2,0,0,0,0,0,0,2,0,39,39,16,156,0,0,0,0,0,0,0,6,0,0,0,0,32,987,27,56,0,13,0,4,0,0,0,0,0,0,0,0,131,0,1,36,113,0,0,0,0,0,0,0,0,0,0,0,0,0,10,304,0,0,0,128,0,0,0,0,0,0,0,0,143,70,0,95,0,0,0,0,0,0,0,0,0,0,0,0,297,33,0,37,19,0,0,0,0,0,0,0,0,0,0,0,25,3,0,16,0,0,1,0,8,0,0,12,0,0,0,0,634,22,22,69,11,14,0,3,200,0,0,39,0,0,0,0,57,7,0,197,36,0,0,2,0,4,0,0,0,0,0,109,1,0,21,18,1,0,0,4,0,0,0,0,0,0,0,0,11,0,0,4,0,0,0,3,0,0,0,0,0,0,0,0,1999,980,454,1290,36,14,13,418,220,0,0,53,2,35,0,168,291,12,125,93,0,0,4,2,1,0,0,6,0,0,0,2,2737,584,696,1671,500,112,464,192,41,504,66,270,0,0,0,4,198,11,6,204,183,10,17,25,0,0,2,11,0,0,0,0,4521,881,1855,2447,410,134,212,76,424,5,163,0,342,3,0,260,4360,2192,2323,6469,367,5,575,1028,33,20,379,271,376,0,0,5,0,16,3,4,0,0,0,6,2,0,0,0,0,0,0,0,753,34,12,115,19,1,0,22,1,0,0,2,0,0,0,0,371,6,8,30,184,3,3,4,5,1,13,13,4,2,0,10,1350,1293,535,417,501,183,6,5,13,2,12,5,5,0,2,0,755,14,19,574,173,282,2,121,11,158,2,8,57,37,0,5,119,74,2,251,29,0,0,17,0,2,0,41,16,1,0,8,545,23,4,223,0,17,0,0,0,0,0,0,0,3,0,0,0,0,0,0,14,0,0,0,0,0,0,0,0,0,0,0,0,111,12,16,0,0,0,0,0,0,0,0,0,0,0,0,5925,2800,1757,6757,186,47,8,817,62,3,54,123,496,171,0,830,1359,433,123,1430,2,20,11,262,21,0,0,195,101,7,1,56,1943,876,1149,2968,287,5,14,1214,133,17,3,360,124,63,6,237,462,16,0,134,0,0,0,0,0,0,0,0,0,6,0,11,5722,2689,1731,7113,292,0,3,340,620,216,475,720,213,64,37,158,0,0,3,26,0,162,0,5,0,0,0,0,0,0,0,0,231,0,3,15,0,0,0,0,3,0,0,1,0,0,0,0,3338,890,261,874,466,26,30,270,35,0,16,183,6,305,0,59,1176,434,440,706,124,22,0,30,97,2,4,88,25,3,0
0,22,0,242,133,0,0,0,0,0,0,0,0,0,0,0,0,436,0,0,128,5,153,0,22,0,0,0,0,0,0,0,0,12,75,25,57,0,0,0,0,0,2,0,0,0,0,4,19,294,240,228,307,32,285,8,20,0,0,0,0,0,0,0,0,22,22,14,38,0,12,0,0,0,0,8,0,0,0,0,0,15,114,0,7,0,0,0,13,0,0,0,0,0,0,0,0,545,24,81,55,173,53,13,13,0,0,0,0,0,0,0,0,62,53,0,83,0,0,0,9,0,0,0,0,0,0,0,9,265,7,1,36,2,0,0,0,0,3,0,0,0,0,0,0,0,4,0,0,0,0,0,0,0,0,0,0,0,0,0,0,712,155,0,3,0,0,0,2,0,0,0,0,0,0,0,0,256,477,2,151,0,0,0,49,0,0,0,8,0,8,0,0,0,0,0,0,0,0,0,0,0,0,0,0,0,0,0,1,15,1,26,34,0,0,0,26,6,10,0,90,0,0,0,0,159,12,6,54,0,1,0,0,2,2,0,6,14,0,0,5,0,13,0,0,0,0,0,0,7,0,0,0,0,0,0,0,441,20,0,31,0,5,0,0,6,0,0,1,0,0,0,0,19,18,0,35,0,0,0,1,23,1,0,0,0,1,0,9,55,22,10,89,8,0,0,1,0,0,0,0,17,0,0,0,3,1,3,0,1,1,0,0,0,0,0,0,0,0,0,0,4,168,101,57,0,0,0,0,0,6,0,0,0,0,0,0,8,1,1,115,11,65,2,14,16,0,0,0,0,0,0,0,140,44,2,121,0,0,0,5,0,0,0,0,0,0,0,0,9,0,0,3,0,0,0,0,0,0,0,0,13,0,0,0,36,4,2,36,0,0,10,6,0,0,0,4,0,0,0,64,24,1,0,19,0,0,0,109,0,0,0,1,0,0,0,2,35,8,0,10,1,0,0,0,0,1,0,0,0,0,0,0,0,0,0,17,0,0,0,0,0,0,0,0,0,0,0,0,0,0,0,0,0,0,0,2,0,0,0,0,0,0,2,0,39,39,16,156,0,0,0,0,0,0,0,6,0,0,0,0,32,987,27,56,0,13,0,4,0,0,0,0,0,0,0,0,131,0,1,36,113,0,0,0,0,0,0,0,0,0,0,0,0,0,10,304,0,0,0,128,0,0,0,0,0,0,0,0,143,70,0,95,0,0,0,0,0,0,0,0,0,0,0,0,297,33,0,37,19,0,0,0,0,0,0,0,0,0,0,0,25,3,0,16,0,0,1,0,8,0,0,12,0,0,0,0,634,22,22,69,11,14,0,3,200,0,0,39,0,0,0,0,57,7,0,197,36,0,0,2,0,4,0,0,0,0,0,109,1,0,21,18,1,0,0,4,0,0,0,0,0,0,0,0,11,0,0,4,0,0,0,3,0,0,0,0,0,0,0,0,1997,980,454,1290,36,14,13,418,220,0,0,53,2,35,0,168,291,12,125,93,0,0,4,2,1,0,0,6,0,0,0,2,2737,584,696,1671,500,112,464,192,41,504,66,270,0,0,0,4,198,11,6,204,183,10,17,25,0,0,2,11,0,0,0,0,4521,881,1855,2447,410,134,212,76,424,5,163,0,342,3,0,260,4360,2192,2324,6471,367,5,575,1028,33,20,380,271,377,0,0,5,0,16,3,4,0,0,0,6,2,0,0,0,0,0,0,0,753,34,12,115,19,1,0,22,1,0,0,2,0,0,0,0,371,6,8,30,184,3,3,4,5,1,13,13,4,2,0,10,1350,1292,535,417,501,183,6,5,13,2,12,5,5,0,2,0,755,14,19,574,173,282,2,121,11,158,2,8,57,37,0,5,119,74,2,251,29,0,0,17,0,2,0,41,16,1,0,8,545,23,4,223,0,17,0,0,0,0,0,0,0,3,0,0,0,0,0,0,14,0,0,0,0,0,0,0,0,0,0,0,0,111,12,16,0,0,0,0,0,0,0,0,0,0,0,0,5924,2800,1757,6757,186,47,8,817,62,3,54,123,496,171,0,830,1359,433,123,1430,2,20,11,262,21,0,0,195,101,7,1,56,1943,876,1150,2968,287,5,14,1214,133,17,3,360,124,63,6,237,462,16,0,134,0,0,0,0,0,0,0,0,0,6,0,11,5722,2689,1732,7114,292,0,3,340,620,216,475,720,213,64,37,158,0,0,3,26,0,162,0,5,0,0,0,0,0,0,0,0,231,0,3,15,0,0,0,0,3,0,0,1,0,0,0,0,3338,890,261,874,466,26,30,270,35,0,16,183,6,305,0,59,1176,434,440,706,124,22,0,30,97,2,4,88,25,3,0
0,22,0,242,133,0,0,0,0,0,0,0,0,0,0,0,0,436,0,0,128,5,153,0,22,0,0,0,0,0,0,0,0,12,75,25,57,0,0,0,0,0,2,0,0,0,0,4,19,294,240,228,307,32,285,8,20,0,0,0,0,0,0,0,0,22,22,14,38,0,12,0,0,0,0,8,0,0,0,0,0,15,114,0,7,0,0,0,13,0,0,0,0,0,0,0,0,545,24,81,55,173,53,13,13,0,0,0,0,0,0,0,0,62,53,0,83,0,0,0,9,0,0,0,0,0,0,0,9,265,7,1,36,2,0,0,0,0,3,0,0,0,0,0,0,0,4,0,0,0,0,0,0,0,0,0,0,0,0,0,0,712,155,0,3,0,0,0,2,0,0,0,0,0,0,0,0,256,477,2,151,0,0,0,49,0,0,0,8,0,8,0,0,0,0,0,0,0,0,0,0,0,0,0,0,0,0,0,1,15,1,26,34,0,0,0,26,6,10,0,90,0,0,0,0,159,12,6,54,0,1,0,0,2,2,0,6,14,0,0,5,0,13,0,0,0,0,0,0,7,0,0,0,0,0,0,0,441,20,0,31,0,5,0,0,6,0,0,1,0,0,0,0,19,18,0,35,0,0,0,1,23,1,0,0,0,1,0,9,55,22,10,89,8,0,0,1,0,0,0,0,17,0,0,0,3,1,3,0,1,1,0,0,0,0,0,0,0,0,0,0,4,168,101,57,0,0,0,0,0,6,0,0,0,0,0,0,8,1,1,115,11,65,2,14,16,0,0,0,0,0,0,0,140,44,2,121,0,0,0,5,0,0,0,0,0,0,0,0,9,0,0,3,0,0,0,0,0,0,0,0,13,0,0,0,36,4,2,36,0,0,10,6,0,0,0,4,0,0,0,64,24,1,0,19,0,0,0,109,0,0,0,1,0,0,0,2,35,8,0,10,1,0,0,0,0,1,0,0,0,0,0,0,0,0,0,17,0,0,0,0,0,0,0,0,0,0,0,0,0,0,0,0,0,0,0,2,0,0,0,0,0,0,2,0,39,39,16,156,0,0,0,0,0,0,0,6,0,0,0,0,32,987,27,56,0,13,0,4,0,0,0,0,0,0,0,0,131,0,1,36,113,0,0,0,0,0,0,0,0,0,0,0,0,0,10,304,0,0,0,128,0,0,0,0,0,0,0,0,143,70,0,95,0,0,0,0,0,0,0,0,0,0,0,0,297,33,0,37,19,0,0,0,0,0,0,0,0,0,0,0,25,3,0,16,0,0,1,0,8,0,0,12,0,0,0,0,634,22,22,69,11,14,0,3,200,0,0,39,0,0,0,0,57,7,0,197,36,0,0,2,0,4,0,0,0,0,0,109,1,0,21,18,1,0,0,4,0,0,0,0,0,0,0,0,11,0,0,4,0,0,0,3,0,0,0,0,0,0,0,0,1997,980,454,1291,36,14,13,418,220,0,0,53,2,35,0,168,292,12,126,93,0,0,4,2,1,0,0,6,0,0,0,2,2737,584,696,1671,500,112,464,192,41,504,66,270,0,0,0,4,198,11,6,204,183,10,17,25,0,0,2,11,0,0,0,0,4521,881,1855,2447,410,134,212,76,424,5,163,0,342,3,0,260,4360,2192,2323,6469,367,5,575,1028,33,20,379,271,376,0,0,5,0,16,3,4,0,0,0,6,2,0,0,0,0,0,0,0,753,34,12,115,19,1,0,22,1,0,0,2,0,0,0,0,374,6,8,30,184,3,3,4,5,1,13,13,4,2,0,10,1350,1292,535,417,501,183,6,5,13,2,12,5,5,0,2,0,755,14,19,574,173,282,2,121,11,158,2,8,57,37,0,5,119,74,2,251,29,0,0,17,0,2,0,41,16,1,0,8,545,23,4,223,0,17,0,0,0,0,0,0,0,3,0,0,0,0,0,0,14,0,0,0,0,0,0,0,0,0,0,0,0,112,12,16,0,0,0,0,0,0,0,0,0,0,0,0,5924,2800,1757,6757,186,47,8,817,62,3,54,123,496,171,0,830,1360,433,123,1432,2,20,11,262,21,0,0,195,101,7,1,56,1943,876,1149,2968,287,5,14,1214,133,17,3,360,124,63,6,237,462,16,0,134,0,0,0,0,0,0,0,0,0,6,0,11,5722,2689,1731,7113,292,0,3,340,620,216,475,720,213,64,37,158,0,0,3,26,0,162,0,5,0,0,0,0,0,0,0,0,233,0,3,15,0,0,0,0,3,0,0,1,0,0,0,0,3338,890,261,875,466,26,30,270,35,0,16,183,6,305,0,59,1176,436,440,707,124,22,0,30,97,2,4,88,25,3,0
0,22,0,242,133,0,0,0,0,0,0,0,0,0,0,0,0,436,0,0,128,5,153,0,22,0,0,0,0,0,0,0,0,12,75,25,57,0,0,0,0,0,2,0,0,0,0,4,19,294,240,228,307,32,285,8,20,0,0,0,0,0,0,0,0,22,22,14,38,0,12,0,0,0,0,8,0,0,0,0,0,15,114,0,7,0,0,0,13,0,0,0,0,0,0,0,0,545,24,81,55,173,53,13,13,0,0,0,0,0,0,0,0,62,53,0,83,0,0,0,9,0,0,0,0,0,0,0,9,265,7,1,36,2,0,0,0,0,3,0,0,0,0,0,0,0,4,0,0,0,0,0,0,0,0,0,0,0,0,0,0,712,155,0,3,0,0,0,2,0,0,0,0,0,0,0,0,256,477,2,151,0,0,0,49,0,0,0,8,0,8,0,0,0,0,0,0,0,0,0,0,0,0,0,0,0,0,0,1,15,1,26,34,0,0,0,26,6,10,0,90,0,0,0,0,159,12,6,54,0,1,0,0,2,2,0,6,14,0,0,5,0,13,0,0,0,0,0,0,7,0,0,0,0,0,0,0,441,20,0,31,0,5,0,0,6,0,0,1,0,0,0,0,19,18,0,35,0,0,0,1,23,1,0,0,0,1,0,9,55,22,10,89,8,0,0,1,0,0,0,0,17,0,0,0,3,1,3,0,1,1,0,0,0,0,0,0,0,0,0,0,4,168,101,57,0,0,0,0,0,6,0,0,0,0,0,0,8,1,1,115,11,65,2,14,16,0,0,0,0,0,0,0,140,44,2,121,0,0,0,5,0,0,0,0,0,0,0,0,9,0,0,3,0,0,0,0,0,0,0,0,13,0,0,0,36,4,2,36,0,0,10,6,0,0,0,4,0,0,0,64,24,1,0,19,0,0,0,109,0,0,0,1,0,0,0,2,35,8,0,10,1,0,0,0,0,1,0,0,0,0,0,0,0,0,0,17,0,0,0,0,0,0,0,0,0,0,0,0,0,0,0,0,0,0,0,2,0,0,0,0,0,0,2,0,39,39,16,156,0,0,0,0,0,0,0,6,0,0,0,0,32,988,27,56,0,13,0,4,0,0,0,0,0,0,0,0,131,0,1,36,113,0,0,0,0,0,0,0,0,0,0,0,0,0,10,304,0,0,0,128,0,0,0,0,0,0,0,0,143,70,0,95,0,0,0,0,0,0,0,0,0,0,0,0,297,33,0,37,19,0,0,0,0,0,0,0,0,0,0,0,25,3,0,16,0,0,1,0,8,0,0,12,0,0,0,0,634,22,22,69,11,14,0,3,200,0,0,39,0,0,0,0,57,7,0,197,36,0,0,2,0,4,0,0,0,0,0,109,1,0,21,18,1,0,0,4,0,0,0,0,0,0,0,0,11,0,0,4,0,0,0,3,0,0,0,0,0,0,0,0,1997,980,454,1290,36,14,13,418,220,0,0,53,2,35,0,168,291,12,125,93,0,0,4,2,1,0,0,6,0,0,0,2,2738,584,696,1671,500,112,465,192,41,505,66,270,0,0,0,4,198,11,6,204,183,10,17,25,0,0,2,11,0,0,0,0,4522,881,1855,2447,410,134,212,76,424,5,163,0,342,3,0,260,4360,2192,2324,6469,367,5,576,1029,33,20,379,271,376,0,0,5,0,16,3,4,0,0,0,6,2,0,0,0,0,0,0,0,753,34,12,115,19,1,0,22,1,0,0,2,0,0,0,0,371,6,8,30,184,3,3,4,5,1,13,13,4,2,0,10,1350,1293,535,417,501,183,6,5,13,2,12,5,5,0,2,0,756,14,19,575,173,282,2,121,11,158,2,8,57,37,0,5,119,74,2,251,29,0,0,17,0,2,0,41,16,1,0,8,545,23,4,223,0,17,0,0,0,0,0,0,0,3,0,0,0,0,0,0,14,0,0,0,0,0,0,0,0,0,0,0,0,111,12,16,0,0,0,0,0,0,0,0,0,0,0,0,5926,2800,1758,6759,186,47,8,818,62,3,54,123,496,171,0,830,1359,433,123,1430,2,20,11,262,21,0,0,195,101,7,1,56,1944,876,1149,2968,287,5,14,1216,133,17,3,360,124,63,6,237,462,16,0,134,0,0,0,0,0,0,0,0,0,6,0,11,5722,2689,1731,7114,292,0,3,340,620,216,475,720,213,64,37,158,0,0,3,26,0,162,0,5,0,0,0,0,0,0,0,0,231,0,3,15,0,0,0,0,3,0,0,1,0,0,0,0,3338,890,261,874,466,26,30,270,35,0,16,183,6,305,0,59,1176,434,440,706,124,22,0,30,97,2,4,88,25,3,0
0,22,0,242,133,0,0,0,0,0,0,0,0,0,0,0,0,436,0,0,128,5,153,0,22,0,0,0,0,0,0,0,0,12,75,25,57,0,0,0,0,0,2,0,0,0,0,4,19,294,240,228,307,32,285,8,20,0,0,0,0,0,0,0,0,22,22,14,38,0,12,0,0,0,0,8,0,0,0,0,0,15,114,0,7,0,0,0,13,0,0,0,0,0,0,0,0,545,24,81,55,173,53,13,13,0,0,0,0,0,0,0,0,62,53,0,83,0,0,0,9,0,0,0,0,0,0,0,9,265,7,1,36,2,0,0,0,0,3,0,0,0,0,0,0,0,4,0,0,0,0,0,0,0,0,0,0,0,0,0,0,712,155,0,3,0,0,0,2,0,0,0,0,0,0,0,0,256,477,2,151,0,0,0,49,0,0,0,8,0,8,0,0,0,0,0,0,0,0,0,0,0,0,0,0,0,0,0,1,15,1,26,34,0,0,0,26,6,10,0,90,0,0,0,0,159,12,6,54,0,1,0,0,2,2,0,6,14,0,0,5,0,13,0,0,0,0,0,0,7,0,0,0,0,0,0,0,441,20,0,31,0,5,0,0,6,0,0,1,0,0,0,0,19,18,0,35,0,0,0,1,23,1,0,0,0,1,0,9,55,22,10,89,8,0,0,1,0,0,0,0,17,0,0,0,3,1,3,0,1,1,0,0,0,0,0,0,0,0,0,0,4,168,101,57,0,0,0,0,0,6,0,0,0,0,0,0,8,1,1,115,11,65,2,14,16,0,0,0,0,0,0,0,140,44,2,121,0,0,0,5,0,0,0,0,0,0,0,0,9,0,0,3,0,0,0,0,0,0,0,0,13,0,0,0,36,4,2,36,0,0,10,6,0,0,0,4,0,0,0,64,24,1,0,19,0,0,0,109,0,0,0,1,0,0,0,2,35,8,0,10,1,0,0,0,0,1,0,0,0,0,0,0,0,0,0,17,0,0,0,0,0,0,0,0,0,0,0,0,0,0,0,0,0,0,0,2,0,0,0,0,0,0,2,0,39,39,16,156,0,0,0,0,0,0,0,6,0,0,0,0,32,987,27,56,0,13,0,4,0,0,0,0,0,0,0,0,131,0,1,36,113,0,0,0,0,0,0,0,0,0,0,0,0,0,10,304,0,0,0,128,0,0,0,0,0,0,0,0,143,70,0,95,0,0,0,0,0,0,0,0,0,0,0,0,297,33,0,37,19,0,0,0,0,0,0,0,0,0,0,0,25,3,0,16,0,0,1,0,8,0,0,12,0,0,0,0,634,22,22,69,11,14,0,3,200,0,0,39,0,0,0,0,57,7,0,197,36,0,0,2,0,4,0,0,0,0,0,109,1,0,21,18,1,0,0,4,0,0,0,0,0,0,0,0,11,0,0,4,0,0,0,3,0,0,0,0,0,0,0,0,1997,980,454,1290,36,14,13,418,220,0,0,53,2,35,0,168,291,12,125,93,0,0,4,2,1,0,0,6,0,0,0,2,2737,584,696,1671,500,112,464,192,41,504,66,270,0,0,0,4,198,11,6,204,183,10,17,25,0,0,2,11,0,0,0,0,4521,881,1855,2448,410,134,212,76,424,5,163,0,342,3,0,260,4361,2192,2323,6470,367,5,575,1028,33,20,379,271,376,0,0,5,0,16,3,4,0,0,0,6,2,0,0,0,0,0,0,0,753,34,12,115,19,1,0,22,1,0,0,2,0,0,0,0,371,6,8,30,184,3,3,4,5,1,13,13,4,2,0,10,1350,1292,535,417,501,183,6,5,13,2,12,5,5,0,2,0,755,14,19,574,173,282,2,121,11,158,2,8,57,37,0,5,119,74,2,251,29,0,0,17,0,2,0,41,16,1,0,8,545,23,4,223,0,17,0,0,0,0,0,0,0,3,0,0,0,0,0,0,14,0,0,0,0,0,0,0,0,0,0,0,0,111,12,16,0,0,0,0,0,0,0,0,0,0,0,0,5924,2800,1757,6757,186,47,8,817,62,3,54,123,496,171,0,830,1359,433,123,1430,2,20,11,262,21,0,0,195,101,7,1,56,1943,876,1149,2969,287,5,14,1214,133,17,3,360,124,63,6,237,462,16,0,134,0,0,0,0,0,0,0,0,0,6,0,11,5722,2691,1731,7115,292,0,3,340,620,216,475,720,213,64,37,158,0,0,3,26,0,162,0,5,0,0,0,0,0,0,0,0,231,0,3,15,0,0,0,0,3,0,0,1,0,0,0,0,3338,890,261,874,466,26,30,270,35,0,16,183,6,305,0,59,1176,434,440,706,124,22,0,30,97,2,4,88,25,3,0
0,22,0,242,133,0,0,0,0,0,0,0,0,0,0,0,0,436,0,0,128,5,153,0,22,0,0,0,0,0,0,0,0,12,75,25,57,0,0,0,0,0,2,0,0,0,0,4,19,294,240,228,307,32,285,8,20,0,0,0,0,0,0,0,0,22,22,14,38,0,12,0,0,0,0,8,0,0,0,0,0,15,114,0,7,0,0,0,13,0,0,0,0,0,0,0,0,545,24,82,55,173,53,13,13,0,0,0,0,0,0,0,0,62,53,0,83,0,0,0,9,0,0,0,0,0,0,0,9,265,7,1,36,2,0,0,0,0,3,0,0,0,0,0,0,0,4,0,0,0,0,0,0,0,0,0,0,0,0,0,0,712,155,0,3,0,0,0,2,0,0,0,0,0,0,0,0,256,477,2,151,0,0,0,49,0,0,0,8,0,8,0,0,0,0,0,0,0,0,0,0,0,0,0,0,0,0,0,1,15,1,26,34,0,0,0,26,6,10,0,90,0,0,0,0,159,12,6,54,0,1,0,0,2,2,0,6,14,0,0,5,0,13,0,0,0,0,0,0,7,0,0,0,0,0,0,0,441,20,0,31,0,5,0,0,6,0,0,1,0,0,0,0,19,18,0,35,0,0,0,1,23,1,0,0,0,1,0,9,56,22,11,89,9,0,0,1,0,0,0,0,17,0,0,0,3,1,3,0,1,1,0,0,0,0,0,0,0,0,0,0,4,168,101,57,0,0,0,0,0,6,0,0,0,0,0,0,8,1,1,115,11,65,2,14,16,0,0,0,0,0,0,0,140,44,2,121,0,0,0,5,0,0,0,0,0,0,0,0,9,0,0,3,0,0,0,0,0,0,0,0,13,0,0,0,36,4,2,36,0,0,10,6,0,0,0,4,0,0,0,64,24,1,0,19,0,0,0,109,0,0,0,1,0,0,0,2,35,8,0,10,1,0,0,0,0,1,0,0,0,0,0,0,0,0,0,17,0,0,0,0,0,0,0,0,0,0,0,0,0,0,0,0,0,0,0,2,0,0,0,0,0,0,2,0,39,39,16,156,0,0,0,0,0,0,0,6,0,0,0,0,32,987,27,56,0,13,0,4,0,0,0,0,0,0,0,0,131,0,1,36,113,0,0,0,0,0,0,0,0,0,0,0,0,0,10,304,0,0,0,128,0,0,0,0,0,0,0,0,143,70,0,95,0,0,0,0,0,0,0,0,0,0,0,0,297,33,0,37,19,0,0,0,0,0,0,0,0,0,0,0,25,3,0,16,0,0,1,0,8,0,0,12,0,0,0,0,634,22,22,69,11,14,0,3,200,0,0,39,0,0,0,0,57,7,0,197,36,0,0,2,0,4,0,0,0,0,0,109,1,0,21,18,1,0,0,4,0,0,0,0,0,0,0,0,11,0,0,4,0,0,0,3,0,0,0,0,0,0,0,0,1997,980,454,1291,36,14,13,418,220,0,0,53,2,35,0,169,291,12,125,93,0,0,4,2,1,0,0,6,0,0,0,2,2737,584,696,1671,500,112,464,192,41,504,66,270,0,0,0,4,198,11,6,204,183,10,17,25,0,0,2,11,0,0,0,0,4521,881,1855,2447,410,134,212,76,424,5,163,0,342,3,0,260,4360,2192,2323,6469,367,5,575,1028,33,20,379,271,376,0,0,5,0,16,3,4,0,0,0,6,2,0,0,0,0,0,0,0,753,34,12,115,19,1,0,22,1,0,0,2,0,0,0,0,371,6,8,30,184,3,3,4,5,1,13,13,4,2,0,10,1350,1292,535,417,501,183,6,5,13,2,12,5,5,0,2,0,755,14,19,574,173,282,2,121,11,158,2,8,57,37,0,5,119,74,2,251,29,0,0,17,0,2,0,41,16,1,0,8,545,23,4,223,0,17,0,0,0,0,0,0,0,3,0,0,0,0,0,0,14,0,0,0,0,0,0,0,0,0,0,0,0,111,12,16,0,0,0,0,0,0,0,0,0,0,0,0,5925,2800,1759,6759,186,47,8,817,62,3,54,123,496,171,0,830,1359,433,123,1430,2,20,11,262,21,0,0,195,101,7,1,56,1943,876,1149,2968,287,5,14,1214,133,17,3,360,124,63,6,237,462,16,0,134,0,0,0,0,0,0,0,0,0,6,0,11,5722,2689,1731,7113,292,0,3,340,620,216,475,720,213,64,37,158,0,0,3,26,0,162,0,5,0,0,0,0,0,0,0,0,231,0,3,15,0,0,0,0,3,0,0,1,0,0,0,0,3338,891,262,874,466,26,30,270,35,0,16,183,6,305,0,59,1176,434,440,706,124,22,0,30,97,2,4,88,25,3,0
0,22,0,242,133,0,0,0,0,0,0,0,0,0,0,0,0,436,0,0,128,5,153,0,22,0,0,0,0,0,0,0,0,12,75,25,57,0,0,0,0,0,2,0,0,0,0,4,19,294,240,228,307,32,285,8,20,0,0,0,0,0,0,0,0,22,22,14,38,0,12,0,0,0,0,8,0,0,0,0,0,15,114,0,7,0,0,0,13,0,0,0,0,0,0,0,0,545,24,81,55,173,53,13,13,0,0,0,0,0,0,0,0,62,53,0,83,0,0,0,9,0,0,0,0,0,0,0,9,265,7,1,36,2,0,0,0,0,3,0,0,0,0,0,0,0,4,0,0,0,0,0,0,0,0,0,0,0,0,0,0,712,155,0,3,0,0,0,2,0,0,0,0,0,0,0,0,256,478,2,151,0,0,0,49,0,0,0,8,0,8,0,0,0,0,0,0,0,0,0,0,0,0,0,0,0,0,0,1,15,1,26,34,0,0,0,26,6,10,0,90,0,0,0,0,159,12,6,54,0,1,0,0,2,2,0,6,14,0,0,5,0,13,0,0,0,0,0,0,7,0,0,0,0,0,0,0,441,20,0,31,0,5,0,0,6,0,0,1,0,0,0,0,19,18,0,35,0,0,0,1,23,1,0,0,0,1,0,9,55,22,10,89,8,0,0,1,0,0,0,0,17,0,0,0,3,1,3,0,1,1,0,0,0,0,0,0,0,0,0,0,4,168,101,57,0,0,0,0,0,6,0,0,0,0,0,0,8,1,1,115,11,65,2,14,16,0,0,0,0,0,0,0,140,44,2,121,0,0,0,5,0,0,0,0,0,0,0,0,9,0,0,3,0,0,0,0,0,0,0,0,13,0,0,0,36,4,2,36,0,0,10,6,0,0,0,4,0,0,0,64,24,1,0,19,0,0,0,109,0,0,0,1,0,0,0,2,35,8,0,10,1,0,0,0,0,1,0,0,0,0,0,0,0,0,0,17,0,0,0,0,0,0,0,0,0,0,0,0,0,0,0,0,0,0,0,2,0,0,0,0,0,0,2,0,39,39,16,156,0,0,0,0,0,0,0,6,0,0,0,0,32,987,27,56,0,13,0,4,0,0,0,0,0,0,0,0,131,0,1,36,113,0,0,0,0,0,0,0,0,0,0,0,0,0,10,304,0,0,0,128,0,0,0,0,0,0,0,0,143,70,0,95,0,0,0,0,0,0,0,0,0,0,0,0,297,33,0,37,19,0,0,0,0,0,0,0,0,0,0,0,25,3,0,16,0,0,1,0,8,0,0,12,0,0,0,0,634,22,22,69,11,14,0,3,200,0,0,39,0,0,0,0,57,7,0,197,36,0,0,2,0,4,0,0,0,0,0,109,1,0,21,18,1,0,0,4,0,0,0,0,0,0,0,0,11,0,0,4,0,0,0,3,0,0,0,0,0,0,0,0,1999,980,454,1290,36,14,13,418,220,0,0,53,2,35,0,168,291,12,125,93,0,0,4,2,1,0,0,6,0,0,0,2,2737,584,696,1671,500,112,464,192,41,504,66,270,0,0,0,4,198,11,6,204,183,10,17,25,0,0,2,11,0,0,0,0,4521,881,1855,2447,410,134,212,76,424,5,163,0,342,3,0,260,4360,2192,2323,6469,367,5,575,1028,33,20,379,271,376,0,0,5,0,16,3,4,0,0,0,6,2,0,0,0,0,0,0,0,753,34,12,115,19,1,0,22,1,0,0,2,0,0,0,0,371,6,8,30,184,3,3,4,5,1,13,13,4,2,0,10,1350,1293,535,417,501,183,6,5,13,2,12,5,5,0,2,0,755,14,19,574,173,282,2,121,11,158,2,8,57,37,0,5,119,74,2,251,29,0,0,17,0,2,0,41,16,1,0,8,545,23,4,223,0,17,0,0,0,0,0,0,0,3,0,0,0,0,0,0,14,0,0,0,0,0,0,0,0,0,0,0,0,111,12,16,0,0,0,0,0,0,0,0,0,0,0,0,5925,2800,1757,6757,186,47,8,817,62,3,54,123,496,171,0,830,1359,433,123,1430,2,20,11,262,21,0,0,195,101,7,1,56,1943,876,1149,2968,287,5,14,1214,133,17,3,360,124,63,6,237,462,16,0,134,0,0,0,0,0,0,0,0,0,6,0,11,5722,2689,1731,7113,292,0,3,340,620,216,475,720,213,64,37,158,0,0,3,26,0,162,0,5,0,0,0,0,0,0,0,0,231,0,3,15,0,0,0,0,3,0,0,1,0,0,0,0,3338,890,261,874,466,26,30,270,35,0,16,183,6,305,0,59,1176,434,440,706,124,22,0,30,97,2,4,88,25,3,0
0,22,0,242,133,0,0,0,0,0,0,0,0,0,0,0,0,436,0,0,128,5,153,0,22,0,0,0,0,0,0,0,0,12,75,25,57,0,0,0,0,0,2,0,0,0,0,4,19,294,240,228,307,32,285,8,20,0,0,0,0,0,0,0,0,22,22,14,38,0,12,0,0,0,0,8,0,0,0,0,0,15,114,0,7,0,0,0,13,0,0,0,0,0,0,0,0,545,24,81,55,173,53,13,13,0,0,0,0,0,0,0,0,62,53,0,83,0,0,0,9,0,0,0,0,0,0,0,9,265,7,1,36,2,0,0,0,0,3,0,0,0,0,0,0,0,4,0,0,0,0,0,0,0,0,0,0,0,0,0,0,712,155,0,3,0,0,0,2,0,0,0,0,0,0,0,0,256,477,2,151,0,0,0,49,0,0,0,8,0,8,0,0,0,0,0,0,0,0,0,0,0,0,0,0,0,0,0,1,15,1,26,34,0,0,0,26,6,10,0,90,0,0,0,0,159,12,6,54,0,1,0,0,2,2,0,6,14,0,0,5,0,13,0,0,0,0,0,0,7,0,0,0,0,0,0,0,441,20,0,31,0,5,0,0,6,0,0,1,0,0,0,0,19,18,0,35,0,0,0,1,23,1,0,0,0,1,0,9,55,22,10,89,8,0,0,1,0,0,0,0,17,0,0,0,3,1,3,0,1,1,0,0,0,0,0,0,0,0,0,0,4,168,101,57,0,0,0,0,0,6,0,0,0,0,0,0,8,1,1,115,11,65,2,14,16,0,0,0,0,0,0,0,140,44,2,121,0,0,0,5,0,0,0,0,0,0,0,0,9,0,0,3,0,0,0,0,0,0,0,0,13,0,0,0,36,4,2,36,0,0,10,6,0,0,0,4,0,0,0,64,24,1,0,19,0,0,0,109,0,0,0,1,0,0,0,2,35,8,0,10,1,0,0,0,0,1,0,0,0,0,0,0,0,0,0,17,0,0,0,0,0,0,0,0,0,0,0,0,0,0,0,0,0,0,0,2,0,0,0,0,0,0,2,0,39,39,16,156,0,0,0,0,0,0,0,6,0,0,0,0,32,987,27,56,0,13,0,4,0,0,0,0,0,0,0,0,131,0,1,36,113,0,0,0,0,0,0,0,0,0,0,0,0,0,10,304,0,0,0,128,0,0,0,0,0,0,0,0,143,70,0,95,0,0,0,0,0,0,0,0,0,0,0,0,297,33,0,37,19,0,0,0,0,0,0,0,0,0,0,0,25,3,0,16,0,0,1,0,8,0,0,12,0,0,0,0,634,22,22,69,11,14,0,3,201,0,0,39,0,0,0,0,57,7,0,197,36,0,0,2,0,4,0,0,0,0,0,109,1,0,21,18,1,0,0,4,0,0,0,0,0,0,0,0,11,0,0,4,0,0,0,3,0,0,0,0,0,0,0,0,1997,980,454,1290,36,14,13,418,220,0,0,53,2,35,0,168,291,12,125,93,0,0,4,2,1,0,0,6,0,0,0,2,2737,584,696,1671,500,112,464,192,41,504,66,270,0,0,0,4,198,11,6,204,183,10,17,25,0,0,2,11,0,0,0,0,4521,881,1855,2447,410,134,212,76,424,5,163,0,342,3,0,260,4362,2192,2323,6469,367,5,575,1028,33,20,379,271,376,0,0,5,0,16,3,4,0,0,0,6,2,0,0,0,0,0,0,0,753,34,12,115,19,1,0,22,1,0,0,2,0,0,0,0,371,6,8,30,184,3,3,4,5,1,13,13,4,2,0,10,1350,1293,535,417,501,183,6,5,13,2,12,5,5,0,2,0,755,14,19,574,173,282,2,121,11,158,2,8,57,37,0,5,119,74,2,251,29,0,0,17,0,2,0,41,16,1,0,8,545,23,4,223,0,17,0,0,0,0,0,0,0,3,0,0,0,0,0,0,14,0,0,0,0,0,0,0,0,0,0,0,0,111,12,16,0,0,0,0,0,0,0,0,0,0,0,0,5924,2800,1757,6758,186,47,8,817,62,3,54,123,496,171,0,830,1359,433,123,1430,2,20,11,262,21,0,0,195,101,7,1,56,1944,876,1149,2968,287,5,14,1214,133,17,3,360,124,63,6,237,462,16,0,134,0,0,0,0,0,0,0,0,0,6,0,11,5722,2690,1731,7113,292,0,3,340,620,216,475,720,214,64,37,158,0,0,3,26,0,162,0,5,0,0,0,0,0,0,0,0,231,0,3,15,0,0,0,0,3,0,0,1,0,0,0,0,3338,890,261,874,466,26,30,270,35,0,16,183,6,305,0,59,1176,434,440,706,124,22,0,30,97,2,4,88,25,3,0
0,22,0,242,133,0,0,0,0,0,0,0,0,0,0,0,0,436,0,0,128,5,153,0,22,0,0,0,0,0,0,0,0,12,75,25,57,0,0,0,0,0,2,0,0,0,0,4,19,294,240,228,307,32,285,8,20,0,0,0,0,0,0,0,0,22,22,14,38,0,12,0,0,0,0,8,0,0,0,0,0,15,114,0,7,0,0,0,13,0,0,0,0,0,0,0,0,545,24,81,55,173,53,13,13,0,0,0,0,0,0,0,0,62,53,0,83,0,0,0,9,0,0,0,0,0,0,0,9,265,7,1,36,2,0,0,0,0,3,0,0,0,0,0,0,0,4,0,0,0,0,0,0,0,0,0,0,0,0,0,0,712,155,0,3,0,0,0,2,0,0,0,0,0,0,0,0,256,477,2,151,0,0,0,49,0,0,0,8,0,8,0,0,0,0,0,0,0,0,0,0,0,0,0,0,0,0,0,1,15,1,26,34,0,0,0,26,6,10,0,90,0,0,0,0,159,12,6,54,0,1,0,0,2,2,0,6,14,0,0,5,0,13,0,0,0,0,0,0,7,0,0,0,0,0,0,0,441,20,0,31,0,5,0,0,6,0,0,1,0,0,0,0,19,18,0,35,0,0,0,1,23,1,0,0,0,1,0,9,55,22,10,89,8,0,0,1,0,0,0,0,17,0,0,0,3,1,3,0,1,1,0,0,0,0,0,0,0,0,0,0,4,168,101,57,0,0,0,0,0,6,0,0,0,0,0,0,8,1,1,115,11,65,2,14,16,0,0,0,0,0,0,0,140,44,2,121,0,0,0,5,0,0,0,0,0,0,0,0,9,0,0,3,0,0,0,0,0,0,0,0,13,0,0,0,36,4,2,36,0,0,10,6,0,0,0,4,0,0,0,64,24,1,0,19,0,0,0,109,0,0,0,1,0,0,0,2,35,8,0,10,1,0,0,0,0,1,0,0,0,0,0,0,0,0,0,17,0,0,0,0,0,0,0,0,0,0,0,0,0,0,0,0,0,0,0,2,0,0,0,0,0,0,2,0,39,39,16,156,0,0,0,0,0,0,0,6,0,0,0,0,32,987,27,56,0,13,0,4,0,0,0,0,0,0,0,0,131,0,1,36,113,0,0,0,0,0,0,0,0,0,0,0,0,0,10,304,0,0,0,128,0,0,0,0,0,0,0,0,143,70,0,95,0,0,0,0,0,0,0,0,0,0,0,0,297,33,0,37,19,0,0,0,0,0,0,0,0,0,0,0,25,3,0,16,0,0,1,0,8,0,0,12,0,0,0,0,634,22,22,69,11,14,0,3,200,0,0,39,0,0,0,0,57,7,0,197,36,0,0,2,0,4,0,0,0,0,0,109,1,0,21,18,1,0,0,4,0,0,0,0,0,0,0,0,11,0,0,4,0,0,0,3,0,0,0,0,0,0,0,0,1997,980,454,1290,36,14,13,418,220,0,0,53,2,35,0,168,291,12,125,93,0,0,4,2,1,0,0,6,0,0,0,2,2737,584,696,1671,500,112,464,192,41,504,66,270,0,0,0,4,198,11,6,204,183,10,17,25,0,0,2,11,0,0,0,0,4521,881,1855,2447,410,134,212,76,424,5,163,0,342,3,0,260,4360,2192,2323,6469,367,5,575,1028,33,20,379,271,376,0,0,5,0,16,3,4,0,0,0,6,2,0,0,0,0,0,0,0,753,34,12,115,19,1,0,22,1,0,0,2,0,0,0,0,371,6,8,30,184,3,3,4,5,1,13,13,4,2,0,10,1350,1292,535,417,501,183,6,5,13,2,12,5,5,0,2,0,755,14,19,574,173,282,2,121,11,158,2,8,57,37,0,5,119,74,2,251,29,0,0,17,0,2,0,41,16,1,0,8,545,23,4,223,0,17,0,0,0,0,0,0,0,3,0,0,0,0,0,0,14,0,0,0,0,0,0,0,0,0,0,0,0,111,12,16,0,0,0,0,0,0,0,0,0,0,0,0,5924,2800,1757,6757,186,47,8,817,62,3,54,123,496,171,0,830,1359,433,123,1430,2,20,11,262,21,0,0,195,101,7,1,56,1943,876,1149,2968,287,5,14,1214,133,17,3,360,124,63,6,237,462,16,0,134,0,0,0,0,0,0,0,0,0,6,0,11,5722,2689,1731,7113,292,0,3,340,620,216,475,720,213,64,37,158,0,0,3,26,0,162,0,5,0,0,0,0,0,0,0,0,231,0,3,15,0,0,0,0,3,0,0,1,0,0,0,0,3338,890,261,874,466,26,30,270,35,0,16,183,6,305,0,59,1176,434,440,706,124,22,0,30,97,2,4,88,25,3,0
0,22,0,242,133,0,0,0,0,0,0,0,0,0,0,0,0,436,0,0,128,5,153,0,22,0,0,0,0,0,0,0,0,12,75,25,57,0,0,0,0,0,2,0,0,0,0,4,19,294,240,228,307,32,285,8,20,0,0,0,0,0,0,0,0,22,22,14,38,0,12,0,0,0,0,8,0,0,0,0,0,15,114,0,7,0,0,0,13,0,0,0,0,0,0,0,0,545,24,81,55,173,53,13,13,0,0,0,0,0,0,0,0,62,53,0,83,0,0,0,9,0,0,0,0,0,0,0,9,265,7,1,36,2,0,0,0,0,3,0,0,0,0,0,0,0,4,0,0,0,0,0,0,0,0,0,0,0,0,0,0,712,155,0,3,0,0,0,2,0,0,0,0,0,0,0,0,256,478,2,151,0,0,0,49,0,0,0,8,0,8,0,0,0,0,0,0,0,0,0,0,0,0,0,0,0,0,0,1,15,1,26,34,0,0,0,26,6,10,0,90,0,0,0,0,159,12,6,54,0,1,0,0,2,2,0,6,14,0,0,5,0,13,0,0,0,0,0,0,7,0,0,0,0,0,0,0,441,20,0,31,0,5,0,0,6,0,0,1,0,0,0,0,19,18,0,35,0,0,0,1,23,1,0,0,0,1,0,9,55,22,10,89,8,0,0,1,0,0,0,0,17,0,0,0,3,1,3,0,1,1,0,0,0,0,0,0,0,0,0,0,4,168,101,57,0,0,0,0,0,6,0,0,0,0,0,0,8,1,1,115,11,65,2,14,16,0,0,0,0,0,0,0,140,44,2,121,0,0,0,5,0,0,0,0,0,0,0,0,9,0,0,3,0,0,0,0,0,0,0,0,13,0,0,0,36,4,2,36,0,0,10,6,0,0,0,4,0,0,0,64,24,1,0,19,0,0,0,109,0,0,0,1,0,0,0,2,35,8,0,10,1,0,0,0,0,1,0,0,0,0,0,0,0,0,0,17,0,0,0,0,0,0,0,0,0,0,0,0,0,0,0,0,0,0,0,2,0,0,0,0,0,0,2,0,39,39,16,156,0,0,0,0,0,0,0,6,0,0,0,0,32,987,27,56,0,13,0,4,0,0,0,0,0,0,0,0,131,0,1,36,113,0,0,0,0,0,0,0,0,0,0,0,0,0,10,304,0,0,0,128,0,0,0,0,0,0,0,0,143,70,0,95,0,0,0,0,0,0,0,0,0,0,0,0,297,33,0,37,19,0,0,0,0,0,0,0,0,0,0,0,25,3,0,16,0,0,1,0,8,0,0,12,0,0,0,0,634,22,22,69,11,14,0,3,200,0,0,39,0,0,0,0,57,7,0,197,36,0,0,2,0,4,0,0,0,0,0,109,1,0,21,18,1,0,0,4,0,0,0,0,0,0,0,0,11,0,0,4,0,0,0,3,0,0,0,0,0,0,0,0,1999,980,454,1290,36,14,13,418,220,0,0,53,2,35,0,168,291,12,125,93,0,0,4,2,1,0,0,6,0,0,0,2,2737,584,696,1671,500,112,464,192,41,504,66,270,0,0,0,4,198,11,6,204,183,10,17,25,0,0,2,11,0,0,0,0,4521,881,1855,2447,410,134,212,76,424,5,163,0,342,3,0,260,4360,2192,2323,6469,367,5,575,1028,33,20,379,271,376,0,0,5,0,16,3,4,0,0,0,6,2,0,0,0,0,0,0,0,753,34,12,115,19,1,0,22,1,0,0,2,0,0,0,0,371,6,8,30,184,3,3,4,5,1,13,13,4,2,0,10,1350,1293,535,417,501,183,6,5,13,2,12,5,5,0,2,0,755,14,19,574,173,282,2,121,11,158,2,8,57,37,0,5,119,74,2,251,29,0,0,17,0,2,0,41,16,1,0,8,545,23,4,223,0,17,0,0,0,0,0,0,0,3,0,0,0,0,0,0,14,0,0,0,0,0,0,0,0,0,0,0,0,111,12,16,0,0,0,0,0,0,0,0,0,0,0,0,5925,2800,1757,6757,186,47,8,817,62,3,54,123,496,171,0,830,1359,433,123,1430,2,20,11,262,21,0,0,195,101,7,1,56,1943,876,1149,2968,287,5,14,1214,133,17,3,360,124,63,6,237,462,16,0,134,0,0,0,0,0,0,0,0,0,6,0,11,5722,2689,1731,7113,292,0,3,340,620,216,475,720,213,64,37,158,0,0,3,26,0,162,0,5,0,0,0,0,0,0,0,0,231,0,3,15,0,0,0,0,3,0,0,1,0,0,0,0,3338,890,261,874,466,26,30,270,35,0,16,183,6,305,0,59,1176,434,440,706,124,22,0,30,97,2,4,88,25,3,0
0,22,0,242,133,0,0,0,0,0,0,0,0,0,0,0,0,436,0,0,128,5,153,0,22,0,0,0,0,0,0,0,0,12,75,25,57,0,0,0,0,0,2,0,0,0,0,4,19,294,240,228,307,32,285,8,20,0,0,0,0,0,0,0,0,22,22,14,38,0,12,0,0,0,0,8,0,0,0,0,0,15,114,0,7,0,0,0,13,0,0,0,0,0,0,0,0,545,24,81,55,173,53,13,13,0,0,0,0,0,0,0,0,62,53,0,83,0,0,0,9,0,0,0,0,0,0,0,9,265,7,1,36,2,0,0,0,0,3,0,0,0,0,0,0,0,4,0,0,0,0,0,0,0,0,0,0,0,0,0,0,712,155,0,3,0,0,0,2,0,0,0,0,0,0,0,0,256,477,2,151,0,0,0,49,0,0,0,8,0,8,0,0,0,0,0,0,0,0,0,0,0,0,0,0,0,0,0,1,15,1,26,34,0,0,0,26,6,10,0,90,0,0,0,0,159,12,6,54,0,1,0,0,2,2,0,6,14,0,0,5,0,13,0,0,0,0,0,0,7,0,0,0,0,0,0,0,441,20,0,31,0,5,0,0,6,0,0,1,0,0,0,0,19,18,0,35,0,0,0,1,23,1,0,0,0,1,0,9,55,22,10,89,8,0,0,1,0,0,0,0,17,0,0,0,3,1,3,0,1,1,0,0,0,0,0,0,0,0,0,0,4,168,101,57,0,0,0,0,0,6,0,0,0,0,0,0,8,1,1,115,11,65,2,14,16,0,0,0,0,0,0,0,140,44,2,121,0,0,0,5,0,0,0,0,0,0,0,0,9,0,0,3,0,0,0,0,0,0,0,0,13,0,0,0,36,4,2,36,0,0,10,6,0,0,0,4,0,0,0,64,24,1,0,19,0,0,0,109,0,0,0,1,0,0,0,2,35,8,0,10,1,0,0,0,0,1,0,0,0,0,0,0,0,0,0,17,0,0,0,0,0,0,0,0,0,0,0,0,0,0,0,0,0,0,0,2,0,0,0,0,0,0,2,0,39,39,16,156,0,0,0,0,0,0,0,6,0,0,0,0,32,987,27,56,0,13,0,4,0,0,0,0,0,0,0,0,131,0,1,36,113,0,0,0,0,0,0,0,0,0,0,0,0,0,10,304,0,0,0,128,0,0,0,0,0,0,0,0,143,70,0,95,0,0,0,0,0,0,0,0,0,0,0,0,297,33,0,37,19,0,0,0,0,0,0,0,0,0,0,0,25,3,0,16,0,0,1,0,8,0,0,12,0,0,0,0,634,22,22,69,11,14,0,3,200,0,0,39,0,0,0,0,57,7,0,197,36,0,0,2,0,4,0,0,0,0,0,109,1,0,21,18,1,0,0,4,0,0,0,0,0,0,0,0,11,0,0,4,0,0,0,3,0,0,0,0,0,0,0,0,1997,980,454,1290,36,14,13,418,220,0,0,53,2,35,0,168,291,12,125,93,0,0,4,2,1,0,0,6,0,0,0,2,2737,584,696,1671,500,112,464,192,41,504,66,270,0,0,0,4,198,11,6,204,183,10,17,25,0,0,2,11,0,0,0,0,4521,881,1855,2447,410,134,212,76,424,5,163,0,342,3,0,260,4360,2192,2323,6469,367,5,575,1028,33,20,379,271,376,0,0,5,0,16,3,4,0,0,0,6,2,0,0,0,0,0,0,0,753,34,12,115,19,1,0,22,1,0,0,2,0,0,0,0,371,6,8,30,184,3,3,4,5,1,13,13,4,2,0,10,1350,1292,535,417,501,183,6,5,13,2,12,5,5,0,2,0,755,14,19,574,173,282,2,121,11,158,2,8,57,37,0,5,119,74,2,251,29,0,0,17,0,2,0,41,16,1,0,8,545,23,4,223,0,17,0,0,0,0,0,0,0,3,0,0,0,0,0,0,14,0,0,0,0,0,0,0,0,0,0,0,0,111,12,16,0,0,0,0,0,0,0,0,0,0,0,0,5924,2800,1757,6757,186,47,8,817,62,3,54,123,496,171,0,830,1359,433,123,1430,2,20,11,262,21,0,0,195,101,7,1,56,1943,876,1149,2968,287,5,14,1214,133,17,3,360,124,63,6,237,462,16,0,134,0,0,0,0,0,0,0,0,0,6,0,11,5722,2689,1731,7113,292,0,3,340,620,216,475,720,213,64,37,158,0,0,3,26,0,162,0,5,0,0,0,0,0,0,0,0,231,0,3,15,0,0,0,0,3,0,0,1,0,0,0,0,3338,890,261,874,466,26,30,270,35,0,16,183,6,305,0,59,1176,434,440,706,124,22,0,30,97,2,4,88,25,3,0
0,22,0,242,133,0,0,0,0,0,0,0,0,0,0,0,0,436,0,0,128,5,153,0,22,0,0,0,0,0,0,0,0,12,75,25,57,0,0,0,0,0,2,0,0,0,0,4,19,294,240,228,307,32,285,8,20,0,0,0,0,0,0,0,0,22,22,14,38,0,12,0,0,0,0,8,0,0,0,0,0,15,114,0,7,0,0,0,13,0,0,0,0,0,0,0,0,545,24,81,55,173,53,13,13,0,0,0,0,0,0,0,0,62,53,0,83,0,0,0,9,0,0,0,0,0,0,0,9,265,7,1,36,2,0,0,0,0,3,0,0,0,0,0,0,0,4,0,0,0,0,0,0,0,0,0,0,0,0,0,0,712,155,0,3,0,0,0,2,0,0,0,0,0,0,0,0,256,477,2,151,0,0,0,49,0,0,0,8,0,8,0,0,0,0,0,0,0,0,0,0,0,0,0,0,0,0,0,1,15,1,26,34,0,0,0,26,6,10,0,90,0,0,0,0,159,12,6,54,0,1,0,0,2,2,0,6,14,0,0,5,0,13,0,0,0,0,0,0,7,0,0,0,0,0,0,0,441,20,0,31,0,5,0,0,6,0,0,1,0,0,0,0,19,18,0,35,0,0,0,1,23,1,0,0,0,1,0,9,55,22,10,89,8,0,0,1,0,0,0,0,17,0,0,0,3,1,3,0,1,1,0,0,0,0,0,0,0,0,0,0,4,168,101,57,0,0,0,0,0,6,0,0,0,0,0,0,8,1,1,115,11,65,2,14,16,0,0,0,0,0,0,0,140,44,2,121,0,0,0,5,0,0,0,0,0,0,0,0,9,0,0,3,0,0,0,0,0,0,0,0,13,0,0,0,36,4,2,36,0,0,10,6,0,0,0,4,0,0,0,64,24,1,0,19,0,0,0,109,0,0,0,1,0,0,0,2,35,8,0,10,1,0,0,0,0,1,0,0,0,0,0,0,0,0,0,17,0,0,0,0,0,0,0,0,0,0,0,0,0,0,0,0,0,0,0,2,0,0,0,0,0,0,2,0,39,39,16,156,0,0,0,0,0,0,0,6,0,0,0,0,32,987,27,56,0,13,0,4,0,0,0,0,0,0,0,0,131,0,1,36,113,0,0,0,0,0,0,0,0,0,0,0,0,0,10,304,0,0,0,128,0,0,0,0,0,0,0,0,143,70,0,95,0,0,0,0,0,0,0,0,0,0,0,0,297,33,0,37,19,0,0,0,0,0,0,0,0,0,0,0,25,3,0,16,0,0,1,0,8,0,0,12,0,0,0,0,634,22,22,69,11,14,0,3,200,0,0,39,0,0,0,0,57,7,0,197,36,0,0,2,0,4,0,0,0,0,0,109,1,0,21,18,1,0,0,4,0,0,0,0,0,0,0,0,11,0,0,4,0,0,0,3,0,0,0,0,0,0,0,0,1997,980,454,1290,36,14,13,418,220,0,0,53,2,35,0,168,291,12,125,93,0,0,4,2,1,0,0,6,0,0,0,2,2738,584,696,1671,500,112,464,192,41,504,66,270,0,0,0,4,198,11,6,204,183,10,17,25,0,0,2,11,0,0,0,0,4522,881,1855,2447,410,134,212,76,424,5,163,0,342,3,0,260,4360,2192,2323,6471,367,5,575,1029,33,20,379,271,376,0,0,5,0,16,3,4,0,0,0,6,2,0,0,0,0,0,0,0,753,34,12,115,19,1,0,22,1,0,0,2,0,0,0,0,371,6,8,30,184,3,3,4,5,1,13,13,4,2,0,10,1350,1292,535,417,501,183,6,5,13,2,12,5,5,0,2,0,755,14,19,574,173,282,2,121,11,158,2,8,57,37,0,5,119,74,2,251,29,0,0,17,0,2,0,41,16,1,0,8,545,23,4,223,0,17,0,0,0,0,0,0,0,3,0,0,0,0,0,0,14,0,0,0,0,0,0,0,0,0,0,0,0,111,12,16,0,0,0,0,0,0,0,0,0,0,0,0,5924,2801,1757,6757,186,47,8,817,62,3,54,123,496,171,0,830,1359,433,123,1430,2,20,11,262,21,0,0,195,101,7,1,56,1943,876,1149,2968,288,5,14,1214,133,17,3,360,124,63,6,237,462,16,0,134,0,0,0,0,0,0,0,0,0,6,0,11,5722,2689,1732,7115,293,0,3,340,620,216,475,720,213,64,37,158,0,0,3,26,0,162,0,5,0,0,0,0,0,0,0,0,231,0,3,15,0,0,0,0,3,0,0,1,0,0,0,0,3338,890,261,874,466,26,30,270,35,0,16,183,6,305,0,59,1176,434,440,706,124,22,0,30,97,2,4,88,25,3,0
0,22,0,242,133,0,0,0,0,0,0,0,0,0,0,0,0,436,0,0,128,5,153,0,22,0,0,0,0,0,0,0,0,12,75,25,57,0,0,0,0,0,2,0,0,0,0,4,19,294,240,228,307,32,285,8,20,0,0,0,0,0,0,0,0,22,22,14,38,0,12,0,0,0,0,8,0,0,0,0,0,15,114,0,7,0,0,0,13,0,0,0,0,0,0,0,0,545,24,81,55,173,53,13,13,0,0,0,0,0,0,0,0,62,53,0,83,0,0,0,9,0,0,0,0,0,0,0,9,265,7,1,36,2,0,0,0,0,3,0,0,0,0,0,0,0,4,0,0,0,0,0,0,0,0,0,0,0,0,0,0,712,155,0,3,0,0,0,2,0,0,0,0,0,0,0,0,256,477,2,151,0,0,0,49,0,0,0,8,0,8,0,0,0,0,0,0,0,0,0,0,0,0,0,0,0,0,0,1,15,1,26,34,0,0,0,26,6,10,0,90,0,0,0,0,159,12,6,54,0,1,0,0,2,2,0,6,14,0,0,5,0,13,0,0,0,0,0,0,7,0,0,0,0,0,0,0,441,20,0,31,0,5,0,0,6,0,0,1,0,0,0,0,19,18,0,35,0,0,0,1,23,1,0,0,0,1,0,9,55,22,10,89,8,0,0,1,0,0,0,0,17,0,0,0,3,1,3,0,1,1,0,0,0,0,0,0,0,0,0,0,4,168,101,57,0,0,0,0,0,6,0,0,0,0,0,0,8,1,1,115,11,65,2,14,16,0,0,0,0,0,0,0,140,44,2,121,0,0,0,5,0,0,0,0,0,0,0,0,9,0,0,3,0,0,0,0,0,0,0,0,13,0,0,0,36,4,2,36,0,0,10,6,0,0,0,4,0,0,0,64,24,1,0,19,0,0,0,109,0,0,0,1,0,0,0,2,35,8,0,10,1,0,0,0,0,1,0,0,0,0,0,0,0,0,0,17,0,0,0,0,0,0,0,0,0,0,0,0,0,0,0,0,0,0,0,2,0,0,0,0,0,0,2,0,39,39,16,156,0,0,0,0,0,0,0,6,0,0,0,0,32,987,27,56,0,13,0,4,0,0,0,0,0,0,0,0,131,0,1,36,113,0,0,0,0,0,0,0,0,0,0,0,0,0,10,304,0,0,0,128,0,0,0,0,0,0,0,0,143,70,0,95,0,0,0,0,0,0,0,0,0,0,0,0,297,33,0,37,19,0,0,0,0,0,0,0,0,0,0,0,25,3,0,16,0,0,1,0,8,0,0,12,0,0,0,0,634,22,22,69,11,14,0,3,200,0,0,39,0,0,0,0,57,7,0,197,36,0,0,2,0,4,0,0,0,0,0,109,1,0,21,18,1,0,0,4,0,0,0,0,0,0,0,0,11,0,0,4,0,0,0,3,0,0,0,0,0,0,0,0,1997,980,454,1290,36,14,13,418,220,0,0,53,2,35,0,168,291,12,125,93,0,0,4,2,1,0,0,6,0,0,0,2,2738,584,696,1671,500,112,464,192,41,504,66,270,0,0,0,4,198,11,6,204,183,10,17,25,0,0,2,11,0,0,0,0,4522,881,1855,2447,410,134,212,76,424,5,163,0,342,3,0,260,4360,2192,2323,6469,367,5,575,1028,33,20,379,271,376,0,0,5,0,16,3,4,0,0,0,6,2,0,0,0,0,0,0,0,753,34,12,115,19,1,0,22,1,0,0,2,0,0,0,0,371,6,8,30,184,3,3,4,5,1,13,13,4,2,0,10,1350,1292,535,417,501,183,6,5,13,2,12,5,5,0,2,0,755,14,19,574,173,282,2,121,11,158,2,8,57,37,0,5,119,74,2,251,29,0,0,17,0,2,0,41,16,1,0,8,545,23,4,223,0,17,0,0,0,0,0,0,0,3,0,0,0,0,0,0,14,0,0,0,0,0,0,0,0,0,0,0,0,111,12,16,0,0,0,0,0,0,0,0,0,0,0,0,5924,2800,1757,6757,186,47,8,817,62,3,54,123,496,171,0,830,1359,433,123,1430,2,20,11,262,21,0,0,195,101,7,1,56,1943,876,1149,2968,287,5,14,1214,133,17,3,360,124,63,6,237,462,16,0,134,0,0,0,0,0,0,0,0,0,6,0,11,5722,2689,1731,7113,292,0,3,340,621,216,475,721,213,64,37,158,0,0,3,26,0,162,0,5,0,0,0,0,0,0,0,0,231,0,3,15,0,0,0,0,3,0,0,1,0,0,0,0,3338,890,261,874,466,26,30,270,35,0,16,183,6,305,0,59,1176,434,440,706,124,22,0,30,97,2,4,88,25,3,0
0,22,0,242,133,0,0,0,0,0,0,0,0,0,0,0,0,436,0,0,128,5,153,0,22,0,0,0,0,0,0,0,0,12,75,25,57,0,0,0,0,0,2,0,0,0,0,4,19,294,240,228,307,32,285,8,20,0,0,0,0,0,0,0,0,22,22,14,38,0,12,0,0,0,0,8,0,0,0,0,0,15,114,0,7,0,0,0,13,0,0,0,0,0,0,0,0,545,24,81,55,173,53,13,13,0,0,0,0,0,0,0,0,62,53,0,83,0,0,0,9,0,0,0,0,0,0,0,9,265,7,1,36,2,0,0,0,0,3,0,0,0,0,0,0,0,4,0,0,0,0,0,0,0,0,0,0,0,0,0,0,712,155,0,3,0,0,0,2,0,0,0,0,0,0,0,0,256,477,2,151,0,0,0,49,0,0,0,8,0,8,0,0,0,0,0,0,0,0,0,0,0,0,0,0,0,0,0,1,15,1,26,34,0,0,0,26,6,10,0,90,0,0,0,0,159,12,6,54,0,1,0,0,2,2,0,6,14,0,0,5,0,13,0,0,0,0,0,0,7,0,0,0,0,0,0,0,441,20,0,31,0,5,0,0,6,0,0,1,0,0,0,0,19,18,0,35,0,0,0,1,23,1,0,0,0,1,0,9,55,22,10,89,8,0,0,1,0,0,0,0,17,0,0,0,3,1,3,0,1,1,0,0,0,0,0,0,0,0,0,0,4,168,101,57,0,0,0,0,0,6,0,0,0,0,0,0,8,1,1,115,11,65,2,14,16,0,0,0,0,0,0,0,140,44,2,121,0,0,0,5,0,0,0,0,0,0,0,0,9,0,0,3,0,0,0,0,0,0,0,0,13,0,0,0,36,4,2,36,0,0,10,6,0,0,0,4,0,0,0,64,24,1,0,19,0,0,0,109,0,0,0,1,0,0,0,2,35,8,0,10,1,0,0,0,0,1,0,0,0,0,0,0,0,0,0,17,0,0,0,0,0,0,0,0,0,0,0,0,0,0,0,0,0,0,0,2,0,0,0,0,0,0,2,0,39,39,16,156,0,0,0,0,0,0,0,6,0,0,0,0,32,988,27,56,0,13,0,4,0,0,0,0,0,0,0,0,131,0,1,36,113,0,0,0,0,0,0,0,0,0,0,0,0,0,10,304,0,0,0,128,0,0,0,0,0,0,0,0,143,70,0,95,0,0,0,0,0,0,0,0,0,0,0,0,297,33,0,37,19,0,0,0,0,0,0,0,0,0,0,0,25,3,0,16,0,0,1,0,8,0,0,12,0,0,0,0,634,22,22,69,11,14,0,3,200,0,0,39,0,0,0,0,57,7,0,197,36,0,0,2,0,4,0,0,0,0,0,109,1,0,21,18,1,0,0,4,0,0,0,0,0,0,0,0,11,0,0,4,0,0,0,3,0,0,0,0,0,0,0,0,1997,980,454,1290,36,14,13,418,220,0,0,53,2,35,0,168,291,12,125,93,0,0,4,2,1,0,0,6,0,0,0,2,2738,584,696,1671,500,112,465,192,41,505,66,270,0,0,0,4,198,11,6,204,183,10,17,25,0,0,2,11,0,0,0,0,4522,881,1855,2447,410,134,212,76,424,5,163,0,342,3,0,260,4360,2192,2324,6469,367,5,576,1029,33,20,379,271,376,0,0,5,0,16,3,4,0,0,0,6,2,0,0,0,0,0,0,0,753,34,12,115,19,1,0,22,1,0,0,2,0,0,0,0,371,6,8,30,184,3,3,4,5,1,13,13,4,2,0,10,1350,1293,535,417,501,183,6,5,13,2,12,5,5,0,2,0,756,14,19,575,173,282,2,121,11,158,2,8,57,37,0,5,119,74,2,251,29,0,0,17,0,2,0,41,16,1,0,8,545,23,4,223,0,17,0,0,0,0,0,0,0,3,0,0,0,0,0,0,14,0,0,0,0,0,0,0,0,0,0,0,0,111,12,16,0,0,0,0,0,0,0,0,0,0,0,0,5926,2800,1758,6759,186,47,8,818,62,3,54,123,496,171,0,830,1359,433,123,1430,2,20,11,262,21,0,0,195,101,7,1,56,1944,876,1149,2968,287,5,14,1216,133,17,3,360,124,63,6,237,462,16,0,134,0,0,0,0,0,0,0,0,0,6,0,11,5722,2689,1731,7114,292,0,3,340,620,216,475,720,213,64,37,158,0,0,3,26,0,162,0,5,0,0,0,0,0,0,0,0,231,0,3,15,0,0,0,0,3,0,0,1,0,0,0,0,3338,890,261,874,466,26,30,270,35,0,16,183,6,305,0,59,1176,434,440,706,124,22,0,30,97,2,4,88,25,3,0
0,22,0,242,133,0,0,0,0,0,0,0,0,0,0,0,0,436,0,0,128,5,153,0,22,0,0,0,0,0,0,0,0,12,75,25,57,0,0,0,0,0,2,0,0,0,0,4,19,294,240,228,307,32,285,8,20,0,0,0,0,0,0,0,0,22,22,14,38,0,12,0,0,0,0,8,0,0,0,0,0,15,114,0,7,0,0,0,13,0,0,0,0,0,0,0,0,545,24,81,55,173,53,13,13,0,0,0,0,0,0,0,0,62,53,0,83,0,0,0,9,0,0,0,0,0,0,0,9,265,7,1,36,2,0,0,0,0,3,0,0,0,0,0,0,0,4,0,0,0,0,0,0,0,0,0,0,0,0,0,0,712,155,0,3,0,0,0,2,0,0,0,0,0,0,0,0,256,477,2,151,0,0,0,49,0,0,0,8,0,8,0,0,0,0,0,0,0,0,0,0,0,0,0,0,0,0,0,1,15,1,26,34,0,0,0,26,6,10,0,90,0,0,0,0,159,12,6,54,0,1,0,0,2,2,0,6,14,0,0,5,0,13,0,0,0,0,0,0,7,0,0,0,0,0,0,0,441,20,0,31,0,5,0,0,6,0,0,1,0,0,0,0,19,18,0,35,0,0,0,1,23,1,0,0,0,1,0,9,55,22,10,89,8,0,0,1,0,0,0,0,17,0,0,0,3,1,3,0,1,1,0,0,0,0,0,0,0,0,0,0,4,168,101,57,0,0,0,0,0,6,0,0,0,0,0,0,8,1,1,115,11,65,2,14,16,0,0,0,0,0,0,0,140,44,2,121,0,0,0,5,0,0,0,0,0,0,0,0,9,0,0,3,0,0,0,0,0,0,0,0,13,0,0,0,36,4,2,36,0,0,10,6,0,0,0,4,0,0,0,64,24,1,0,19,0,0,0,109,0,0,0,1,0,0,0,2,35,8,0,10,1,0,0,0,0,1,0,0,0,0,0,0,0,0,0,17,0,0,0,0,0,0,0,0,0,0,0,0,0,0,0,0,0,0,0,2,0,0,0,0,0,0,2,0,39,39,16,156,0,0,0,0,0,0,0,6,0,0,0,0,32,987,27,56,0,13,0,4,0,0,0,0,0,0,0,0,131,0,1,36,113,0,0,0,0,0,0,0,0,0,0,0,0,0,10,304,0,0,0,128,0,0,0,0,0,0,0,0,143,70,0,95,0,0,0,0,0,0,0,0,0,0,0,0,297,33,0,37,19,0,0,0,0,0,0,0,0,0,0,0,25,3,0,16,0,0,1,0,8,0,0,12,0,0,0,0,634,22,22,69,11,14,0,3,200,0,0,39,0,0,0,0,57,7,0,197,36,0,0,2,0,4,0,0,0,0,0,109,1,0,21,18,1,0,0,4,0,0,0,0,0,0,0,0,11,0,0,4,0,0,0,3,0,0,0,0,0,0,0,0,1997,980,454,1290,36,14,13,418,220,0,0,53,2,35,0,168,291,12,125,93,0,0,4,2,1,0,0,6,0,0,0,2,2737,584,696,1671,500,112,464,192,41,504,66,270,0,0,0,4,198,11,6,204,183,10,17,25,0,0,2,11,0,0,0,0,4521,881,1855,2447,410,134,212,76,424,5,163,0,342,3,0,260,4360,2192,2323,6469,367,5,575,1028,33,20,379,271,376,0,0,5,0,16,3,4,0,0,0,6,2,0,0,0,0,0,0,0,753,34,12,115,19,1,0,22,1,0,0,2,0,0,0,0,371,6,8,30,184,3,3,4,5,1,13,13,4,2,0,10,1350,1292,535,417,501,183,6,5,13,2,12,5,5,0,2,0,755,14,19,574,173,282,2,121,11,158,2,8,57,37,0,5,119,74,2,251,29,0,0,17,0,2,0,41,16,1,0,8,545,23,4,223,0,17,0,0,0,0,0,0,0,3,0,0,0,0,0,0,14,0,0,0,0,0,0,0,0,0,0,0,0,111,12,16,0,0,0,0,0,0,0,0,0,0,0,0,5924,2800,1757,6757,186,47,8,817,62,3,54,123,496,171,0,830,1359,433,123,1430,2,20,11,262,21,0,0,195,101,7,1,56,1943,876,1149,2968,287,5,14,1214,133,17,3,360,124,63,6,237,462,16,0,134,0,0,0,0,0,0,0,0,0,6,0,11,5722,2689,1731,7113,292,0,3,340,620,216,475,720,213,64,37,158,0,0,3,26,0,162,0,5,0,0,0,0,0,0,0,0,231,0,3,15,0,0,0,0,3,0,0,1,0,0,0,0,3338,890,261,874,466,26,30,270,35,0,16,183,6,305,0,59,1176,434,440,706,124,22,0,30,97,2,4,88,25,3,0
0,22,0,242,133,0,0,0,0,0,0,0,0,0,0,0,0,436,0,0,128,5,153,0,22,0,0,0,0,0,0,0,0,12,75,25,57,0,0,0,0,0,2,0,0,0,0,4,19,294,240,228,307,32,285,8,20,0,0,0,0,0,0,0,0,22,22,14,38,0,12,0,0,0,0,8,0,0,0,0,0,15,114,0,7,0,0,0,13,0,0,0,0,0,0,0,0,545,24,81,55,173,53,13,13,0,0,0,0,0,0,0,0,62,53,0,83,0,0,0,9,0,0,0,0,0,0,0,9,265,7,1,36,2,0,0,0,0,3,0,0,0,0,0,0,0,4,0,0,0,0,0,0,0,0,0,0,0,0,0,0,712,155,0,3,0,0,0,2,0,0,0,0,0,0,0,0,256,477,2,151,0,0,0,49,0,0,0,8,0,8,0,0,0,0,0,0,0,0,0,0,0,0,0,0,0,0,0,1,15,1,26,34,0,0,0,26,6,10,0,90,0,0,0,0,159,12,6,54,0,1,0,0,2,2,0,6,14,0,0,5,0,13,0,0,0,0,0,0,7,0,0,0,0,0,0,0,441,20,0,31,0,5,0,0,6,0,0,1,0,0,0,0,19,18,0,35,0,0,0,1,23,1,0,0,0,1,0,9,55,22,10,89,8,0,0,1,0,0,0,0,17,0,0,0,3,1,3,0,1,1,0,0,0,0,0,0,0,0,0,0,4,168,101,57,0,0,0,0,0,6,0,0,0,0,0,0,8,1,1,115,11,65,2,14,16,0,0,0,0,0,0,0,140,44,2,121,0,0,0,5,0,0,0,0,0,0,0,0,9,0,0,3,0,0,0,0,0,0,0,0,13,0,0,0,36,4,2,36,0,0,10,6,0,0,0,4,0,0,0,64,24,1,0,19,0,0,0,109,0,0,0,1,0,0,0,2,35,8,0,10,1,0,0,0,0,1,0,0,0,0,0,0,0,0,0,17,0,0,0,0,0,0,0,0,0,0,0,0,0,0,0,0,0,0,0,2,0,0,0,0,0,0,2,0,39,39,16,156,0,0,0,0,0,0,0,6,0,0,0,0,32,987,27,56,0,13,0,4,0,0,0,0,0,0,0,0,131,0,1,36,113,0,0,0,0,0,0,0,0,0,0,0,0,0,10,304,0,0,0,128,0,0,0,0,0,0,0,0,143,70,0,95,0,0,0,0,0,0,0,0,0,0,0,0,297,33,0,37,19,0,0,0,0,0,0,0,0,0,0,0,25,3,0,16,0,0,1,0,8,0,0,12,0,0,0,0,634,22,22,69,11,14,0,3,200,0,0,39,0,0,0,0,57,7,0,197,36,0,0,2,0,4,0,0,0,0,0,109,1,0,21,18,1,0,0,4,0,0,0,0,0,0,0,0,11,0,0,4,0,0,0,3,0,0,0,0,0,0,0,0,1997,980,454,1290,36,14,13,418,220,0,0,53,2,35,0,168,291,12,125,93,0,0,4,2,1,0,0,6,0,0,0,2,2738,584,696,1671,500,112,464,192,41,504,66,270,0,0,0,4,198,11,6,204,183,10,17,25,0,0,2,11,0,0,0,0,4521,881,1855,2447,411,134,212,76,425,5,163,0,342,3,0,260,4361,2192,2323,6470,367,5,575,1028,33,20,379,271,376,0,0,5,0,16,3,4,0,0,0,6,2,0,0,0,0,0,0,0,753,34,12,115,19,1,0,22,1,0,0,2,0,0,0,0,371,6,8,30,184,3,3,4,5,1,13,13,4,2,0,10,1350,1292,535,417,501,183,6,5,13,2,12,5,5,0,2,0,755,14,19,574,173,282,2,121,11,158,2,8,57,37,0,5,119,74,2,251,29,0,0,17,0,2,0,41,16,1,0,8,545,23,4,223,0,17,0,0,0,0,0,0,0,3,0,0,0,0,0,0,14,0,0,0,0,0,0,0,0,0,0,0,0,111,12,16,0,0,0,0,0,0,0,0,0,0,0,0,5924,2800,1757,6757,186,47,8,817,62,3,54,123,496,171,0,830,1359,433,123,1430,2,20,11,262,21,0,0,195,101,7,1,56,1943,876,1149,2968,287,5,14,1214,133,17,3,360,124,63,6,237,462,16,0,134,0,0,0,0,0,0,0,0,0,6,0,11,5722,2689,1733,7114,292,0,3,340,620,216,475,720,213,64,37,158,0,0,3,26,0,162,0,5,0,0,0,0,0,0,0,0,231,0,3,15,0,0,0,0,3,0,0,1,0,0,0,0,3338,890,261,874,466,26,30,270,35,0,16,183,6,305,0,59,1176,434,440,706,124,22,0,30,97,2,4,88,25,3,0
0,22,0,242,133,0,0,0,0,0,0,0,0,0,0,0,0,436,0,0,128,5,153,0,22,0,0,0,0,0,0,0,0,12,75,25,57,0,0,0,0,0,2,0,0,0,0,4,19,294,240,228,307,32,285,8,20,0,0,0,0,0,0,0,0,22,22,14,38,0,12,0,0,0,0,8,0,0,0,0,0,15,114,0,7,0,0,0,13,0,0,0,0,0,0,0,0,545,24,81,55,173,53,13,13,0,0,0,0,0,0,0,0,62,53,0,83,0,0,0,9,0,0,0,0,0,0,0,9,265,7,1,36,2,0,0,0,0,3,0,0,0,0,0,0,0,4,0,0,0,0,0,0,0,0,0,0,0,0,0,0,712,155,0,3,0,0,0,2,0,0,0,0,0,0,0,0,256,477,2,151,0,0,0,49,0,0,0,8,0,8,0,0,0,0,0,0,0,0,0,0,0,0,0,0,0,0,0,1,15,1,26,34,0,0,0,26,6,10,0,90,0,0,0,0,159,12,6,54,0,1,0,0,2,2,0,6,14,0,0,5,0,13,0,0,0,0,0,0,7,0,0,0,0,0,0,0,441,20,0,31,0,5,0,0,6,0,0,1,0,0,0,0,19,18,0,35,0,0,0,1,23,1,0,0,0,1,0,9,55,22,10,89,8,0,0,1,0,0,0,0,17,0,0,0,3,1,3,0,1,1,0,0,0,0,0,0,0,0,0,0,4,168,101,57,0,0,0,0,0,6,0,0,0,0,0,0,8,1,1,115,11,65,2,14,16,0,0,0,0,0,0,0,140,44,2,121,0,0,0,5,0,0,0,0,0,0,0,0,9,0,0,3,0,0,0,0,0,0,0,0,13,0,0,0,36,4,2,36,0,0,10,6,0,0,0,4,0,0,0,64,24,1,0,19,0,0,0,109,0,0,0,1,0,0,0,2,35,8,0,10,1,0,0,0,0,1,0,0,0,0,0,0,0,0,0,17,0,0,0,0,0,0,0,0,0,0,0,0,0,0,0,0,0,0,0,2,0,0,0,0,0,0,2,0,39,39,16,156,0,0,0,0,0,0,0,6,0,0,0,0,32,987,27,56,0,13,0,4,0,0,0,0,0,0,0,0,131,0,1,36,113,0,0,0,0,0,0,0,0,0,0,0,0,0,10,304,0,0,0,128,0,0,0,0,0,0,0,0,143,70,0,95,0,0,0,0,0,0,0,0,0,0,0,0,297,33,0,37,19,0,0,0,0,0,0,0,0,0,0,0,25,3,0,16,0,0,1,0,8,0,0,12,0,0,0,0,634,22,22,69,11,14,0,3,200,0,0,39,0,0,0,0,57,7,0,197,36,0,0,2,0,4,0,0,0,0,0,109,1,0,21,18,1,0,0,4,0,0,0,0,0,0,0,0,11,0,0,4,0,0,0,3,0,0,0,0,0,0,0,0,1997,980,454,1290,36,14,13,418,220,0,0,53,2,35,0,168,291,12,125,93,0,0,4,2,1,0,0,6,0,0,0,2,2737,584,696,1671,500,112,464,192,41,504,66,270,0,0,0,4,198,11,6,204,183,10,17,25,0,0,2,11,0,0,0,0,4523,881,1855,2447,410,134,212,76,424,5,163,0,342,3,0,260,4361,2193,2323,6469,367,5,575,1028,33,20,379,271,376,0,0,5,0,16,3,4,0,0,0,6,2,0,0,0,0,0,0,0,753,34,12,115,19,1,0,22,1,0,0,2,0,0,0,0,371,6,8,30,184,3,3,4,5,1,13,13,4,2,0,10,1350,1292,535,417,501,183,6,5,13,2,12,5,5,0,2,0,755,14,19,574,173,282,2,121,11,158,2,8,57,37,0,5,119,74,2,251,29,0,0,17,0,2,0,41,16,1,0,8,545,23,4,223,0,17,0,0,0,0,0,0,0,3,0,0,0,0,0,0,14,0,0,0,0,0,0,0,0,0,0,0,0,111,12,16,0,0,0,0,0,0,0,0,0,0,0,0,5924,2800,1757,6757,186,47,8,817,62,3,54,123,496,171,0,830,1359,433,123,1430,2,20,11,262,21,0,0,195,101,7,1,56,1943,876,1149,2968,287,5,14,1214,133,17,3,360,124,63,6,237,462,16,0,134,0,0,0,0,0,0,0,0,0,6,0,11,5724,2689,1731,7113,292,0,3,340,620,216,475,720,213,64,37,158,0,0,3,26,0,162,0,5,0,0,0,0,0,0,0,0,231,0,3,15,0,0,0,0,3,0,0,1,0,0,0,0,3338,890,261,874,466,26,30,270,35,0,16,183,6,305,0,59,1176,434,440,706,124,22,0,30,97,2,4,88,25,3,0
0,22,0,242,133,0,0,0,0,0,0,0,0,0,0,0,0,436,0,0,128,5,153,0,22,0,0,0,0,0,0,0,0,12,75,25,57,0,0,0,0,0,2,0,0,0,0,4,19,294,240,228,307,32,285,8,20,0,0,0,0,0,0,0,0,22,22,14,38,0,12,0,0,0,0,8,0,0,0,0,0,15,114,0,7,0,0,0,13,0,0,0,0,0,0,0,0,545,24,81,55,173,53,13,13,0,0,0,0,0,0,0,0,62,53,0,83,0,0,0,9,0,0,0,0,0,0,0,9,265,7,1,36,2,0,0,0,0,3,0,0,0,0,0,0,0,4,0,0,0,0,0,0,0,0,0,0,0,0,0,0,712,155,0,3,0,0,0,2,0,0,0,0,0,0,0,0,256,477,2,151,0,0,0,49,0,0,0,8,0,8,0,0,0,0,0,0,0,0,0,0,0,0,0,0,0,0,0,1,15,1,26,34,0,0,0,26,6,10,0,90,0,0,0,0,159,12,6,54,0,1,0,0,2,2,0,6,14,0,0,5,0,13,0,0,0,0,0,0,7,0,0,0,0,0,0,0,441,20,0,31,0,5,0,0,6,0,0,1,0,0,0,0,19,18,0,35,0,0,0,1,23,1,0,0,0,1,0,9,55,22,10,89,8,0,0,1,0,0,0,0,17,0,0,0,3,1,3,0,1,1,0,0,0,0,0,0,0,0,0,0,4,168,101,57,0,0,0,0,0,6,0,0,0,0,0,0,8,1,1,115,11,65,2,14,16,0,0,0,0,0,0,0,140,44,2,121,0,0,0,5,0,0,0,0,0,0,0,0,9,0,0,3,0,0,0,0,0,0,0,0,13,0,0,0,36,4,2,36,0,0,10,6,0,0,0,4,0,0,0,64,24,1,0,19,0,0,0,109,0,0,0,1,0,0,0,2,35,8,0,10,1,0,0,0,0,1,0,0,0,0,0,0,0,0,0,17,0,0,0,0,0,0,0,0,0,0,0,0,0,0,0,0,0,0,0,2,0,0,0,0,0,0,2,0,39,39,16,156,0,0,0,0,0,0,0,6,0,0,0,0,32,987,27,56,0,13,0,4,0,0,0,0,0,0,0,0,131,0,1,36,113,0,0,0,0,0,0,0,0,0,0,0,0,0,10,304,0,0,0,128,0,0,0,0,0,0,0,0,143,70,0,95,0,0,0,0,0,0,0,0,0,0,0,0,297,33,0,37,19,0,0,0,0,0,0,0,0,0,0,0,25,3,0,16,0,0,1,0,8,0,0,12,0,0,0,0,634,22,22,69,11,14,0,3,200,0,0,39,0,0,0,0,57,7,0,197,36,0,0,2,0,4,0,0,0,0,0,109,1,0,21,18,1,0,0,4,0,0,0,0,0,0,0,0,11,0,0,4,0,0,0,3,0,0,0,0,0,0,0,0,1997,980,454,1290,36,14,13,418,220,0,0,53,2,35,0,168,291,12,125,93,0,0,4,2,1,0,0,6,0,0,0,2,2737,584,696,1671,500,112,464,192,41,504,66,270,0,0,0,4,198,11,6,204,183,10,17,25,0,0,2,11,0,0,0,0,4521,881,1855,2447,410,134,212,76,424,5,163,0,342,3,0,260,4360,2192,2323,6469,367,5,575,1028,33,20,379,271,376,0,0,5,0,16,3,4,0,0,0,6,2,0,0,0,0,0,0,0,753,34,12,115,19,1,0,22,1,0,0,2,0,0,0,0,371,6,8,30,184,3,3,4,5,1,13,13,4,2,0,10,1350,1292,535,417,501,183,6,5,13,2,12,5,5,0,2,0,755,14,19,574,173,282,2,121,11,158,2,8,57,37,0,5,119,74,2,251,29,0,0,17,0,2,0,41,16,1,0,8,545,23,4,223,0,17,0,0,0,0,0,0,0,3,0,0,0,0,0,0,14,0,0,0,0,0,0,0,0,0,0,0,0,111,12,16,0,0,0,0,0,0,0,0,0,0,0,0,5924,2800,1757,6757,186,47,8,817,62,3,54,123,496,171,0,830,1359,433,123,1430,2,20,11,262,21,0,0,195,101,7,1,56,1943,876,1149,2968,287,5,14,1214,133,17,3,360,124,63,6,237,462,16,0,134,0,0,0,0,0,0,0,0,0,6,0,11,5722,2689,1731,7113,292,0,3,340,620,216,475,720,213,64,37,158,0,0,3,26,0,162,0,5,0,0,0,0,0,0,0,0,231,0,3,15,0,0,0,0,3,0,0,1,0,0,0,0,3338,890,261,874,466,26,30,270,35,0,16,183,6,305,0,59,1176,434,440,706,124,22,0,30,97,2,4,88,25,3,0
0,22,0,242,133,0,0,0,0,0,0,0,0,0,0,0,0,436,0,0,128,5,153,0,22,0,0,0,0,0,0,0,0,12,75,25,57,0,0,0,0,0,2,0,0,0,0,4,19,294,240,228,307,32,285,8,20,0,0,0,0,0,0,0,0,22,22,14,38,0,12,0,0,0,0,8,0,0,0,0,0,15,114,0,7,0,0,0,13,0,0,0,0,0,0,0,0,545,24,81,55,173,53,13,13,0,0,0,0,0,0,0,0,62,53,0,83,0,0,0,9,0,0,0,0,0,0,0,9,265,7,1,36,2,0,0,0,0,3,0,0,0,0,0,0,0,4,0,0,0,0,0,0,0,0,0,0,0,0,0,0,712,155,0,3,0,0,0,2,0,0,0,0,0,0,0,0,256,477,2,151,0,0,0,49,0,0,0,8,0,8,0,0,0,0,0,0,0,0,0,0,0,0,0,0,0,0,0,1,15,1,26,34,0,0,0,26,6,10,0,90,0,0,0,0,159,12,6,54,0,1,0,0,2,2,0,6,14,0,0,5,0,13,0,0,0,0,0,0,7,0,0,0,0,0,0,0,441,20,0,31,0,5,0,0,6,0,0,1,0,0,0,0,19,18,0,35,0,0,0,1,23,1,0,0,0,1,0,9,55,22,10,89,8,0,0,1,0,0,0,0,17,0,0,0,3,1,3,0,1,1,0,0,0,0,0,0,0,0,0,0,4,168,101,57,0,0,0,0,0,6,0,0,0,0,0,0,8,1,1,115,11,65,2,14,16,0,0,0,0,0,0,0,140,44,2,121,0,0,0,5,0,0,0,0,0,0,0,0,9,0,0,3,0,0,0,0,0,0,0,0,13,0,0,0,36,4,2,36,0,0,10,6,0,0,0,4,0,0,0,64,24,1,0,19,0,0,0,109,0,0,0,1,0,0,0,2,35,8,0,10,1,0,0,0,0,1,0,0,0,0,0,0,0,0,0,17,0,0,0,0,0,0,0,0,0,0,0,0,0,0,0,0,0,0,0,2,0,0,0,0,0,0,2,0,39,39,16,156,0,0,0,0,0,0,0,6,0,0,0,0,32,987,27,56,0,13,0,4,0,0,0,0,0,0,0,0,131,0,1,36,113,0,0,0,0,0,0,0,0,0,0,0,0,0,10,304,0,0,0,128,0,0,0,0,0,0,0,0,143,70,0,95,0,0,0,0,0,0,0,0,0,0,0,0,297,33,0,37,19,0,0,0,0,0,0,0,0,0,0,0,25,3,0,16,0,0,1,0,8,0,0,12,0,0,0,0,634,22,22,69,11,14,0,3,200,0,0,39,0,0,0,0,57,7,0,197,36,0,0,2,0,4,0,0,0,0,0,109,1,0,21,18,1,0,0,4,0,0,0,0,0,0,0,0,11,0,0,4,0,0,0,3,0,0,0,0,0,0,0,0,1997,980,454,1290,36,14,13,418,220,0,0,53,2,35,0,168,291,12,125,93,0,0,4,2,1,0,0,6,0,0,0,2,2737,584,696,1671,500,112,464,192,41,504,66,270,0,0,0,4,198,11,6,204,183,10,17,25,0,0,2,11,0,0,0,0,4521,881,1855,2447,410,134,212,76,424,5,163,0,342,3,0,260,4360,2192,2323,6469,367,5,575,1028,33,20,379,271,376,0,0,5,0,16,3,4,0,0,0,6,2,0,0,0,0,0,0,0,753,34,12,115,19,1,0,22,1,0,0,2,0,0,0,0,371,6,8,30,184,3,3,4,5,1,13,13,4,2,0,10,1350,1292,535,417,501,183,6,5,13,2,12,5,5,0,2,0,755,14,19,574,173,282,2,121,11,158,2,8,57,37,0,5,119,74,2,251,29,0,0,17,0,2,0,41,16,1,0,8,545,23,4,223,0,17,0,0,0,0,0,0,0,3,0,0,0,0,0,0,14,0,0,0,0,0,0,0,0,0,0,0,0,111,12,16,0,0,0,0,0,0,0,0,0,0,0,0,5924,2800,1757,6757,186,47,8,817,62,3,54,123,496,171,0,830,1359,433,123,1430,2,20,11,262,21,0,0,195,101,7,1,56,1943,876,1149,2968,287,5,14,1214,133,17,3,360,124,63,6,237,462,16,0,134,0,0,0,0,0,0,0,0,0,6,0,11,5722,2689,1731,7113,292,0,3,340,620,216,475,720,213,64,37,158,0,0,3,26,0,162,0,5,0,0,0,0,0,0,0,0,231,0,3,15,0,0,0,0,3,0,0,1,0,0,0,0,3338,890,261,874,466,26,30,270,35,0,16,183,6,305,0,59,1176,434,440,706,124,22,0,30,97,2,4,88,25,3,0
0,22,0,242,133,0,0,0,0,0,0,0,0,0,0,0,0,436,0,0,128,5,153,0,22,0,0,0,0,0,0,0,0,12,75,25,57,0,0,0,0,0,2,0,0,0,0,4,19,294,240,228,307,32,285,8,20,0,0,0,0,0,0,0,0,22,22,14,38,0,12,0,0,0,0,8,0,0,0,0,0,15,114,0,7,0,0,0,13,0,0,0,0,0,0,0,0,545,24,81,55,173,53,13,13,0,0,0,0,0,0,0,0,62,53,0,83,0,0,0,9,0,0,0,0,0,0,0,9,265,7,1,36,2,0,0,0,0,3,0,0,0,0,0,0,0,4,0,0,0,0,0,0,0,0,0,0,0,0,0,0,712,155,0,3,0,0,0,2,0,0,0,0,0,0,0,0,256,477,2,151,0,0,0,49,0,0,0,8,0,8,0,0,0,0,0,0,0,0,0,0,0,0,0,0,0,0,0,1,15,1,26,34,0,0,0,26,6,10,0,90,0,0,0,0,159,12,6,54,0,1,0,0,2,2,0,6,14,0,0,5,0,13,0,0,0,0,0,0,7,0,0,0,0,0,0,0,441,20,0,31,0,5,0,0,6,0,0,1,0,0,0,0,19,18,0,35,0,0,0,1,23,1,0,0,0,1,0,9,55,22,10,89,8,0,0,1,0,0,0,0,17,0,0,0,3,1,3,0,1,1,0,0,0,0,0,0,0,0,0,0,4,168,101,57,0,0,0,0,0,6,0,0,0,0,0,0,8,1,1,115,11,65,2,14,16,0,0,0,0,0,0,0,140,44,2,121,0,0,0,5,0,0,0,0,0,0,0,0,9,0,0,3,0,0,0,0,0,0,0,0,13,0,0,0,36,4,2,36,0,0,10,6,0,0,0,4,0,0,0,64,24,1,0,19,0,0,0,109,0,0,0,1,0,0,0,2,35,8,0,10,1,0,0,0,0,1,0,0,0,0,0,0,0,0,0,17,0,0,0,0,0,0,0,0,0,0,0,0,0,0,0,0,0,0,0,2,0,0,0,0,0,0,2,0,39,39,16,156,0,0,0,0,0,0,0,6,0,0,0,0,32,987,27,56,0,13,0,4,0,0,0,0,0,0,0,0,131,0,1,36,113,0,0,0,0,0,0,0,0,0,0,0,0,0,10,304,0,0,0,128,0,0,0,0,0,0,0,0,143,70,0,95,0,0,0,0,0,0,0,0,0,0,0,0,297,33,0,37,19,0,0,0,0,0,0,0,0,0,0,0,25,3,0,16,0,0,1,0,8,0,0,12,0,0,0,0,634,22,22,69,11,14,0,3,200,0,0,39,0,0,0,0,57,7,0,197,36,0,0,2,0,4,0,0,0,0,0,109,1,0,21,18,1,0,0,4,0,0,0,0,0,0,0,0,11,0,0,4,0,0,0,3,0,0,0,0,0,0,0,0,1997,981,454,1290,36,14,13,418,220,0,0,53,2,35,0,169,292,12,125,93,0,0,4,2,1,0,0,6,0,0,0,2,2737,585,696,1671,500,112,464,192,41,504,66,270,0,0,0,4,198,11,6,204,183,10,17,25,0,0,2,11,0,0,0,0,4521,882,1856,2447,410,134,212,76,424,5,163,0,342,3,0,260,4360,2192,2323,6469,367,5,575,1028,33,20,379,271,376,0,0,5,0,16,3,4,0,0,0,6,2,0,0,0,0,0,0,0,753,34,12,115,19,1,0,22,1,0,0,2,0,0,0,0,371,6,8,30,184,3,3,4,5,1,13,13,4,2,0,10,1350,1292,535,417,501,183,6,5,13,2,12,5,5,0,2,0,755,14,19,574,173,282,2,121,11,158,2,8,57,37,0,5,119,74,2,251,29,0,0,17,0,2,0,41,16,1,0,8,545,23,4,223,0,17,0,0,0,0,0,0,0,3,0,0,0,0,0,0,14,0,0,0,0,0,0,0,0,0,0,0,0,111,12,16,0,0,0,0,0,0,0,0,0,0,0,0,5924,2800,1758,6758,186,47,8,818,62,3,54,123,496,171,0,830,1360,433,123,1432,2,20,11,262,21,0,0,195,102,7,1,56,1943,876,1149,2968,287,5,14,1214,133,17,3,360,124,63,6,237,462,16,0,134,0,0,0,0,0,0,0,0,0,6,0,11,5722,2689,1731,7113,292,0,3,340,620,216,475,720,213,64,37,158,0,0,3,26,0,162,0,5,0,0,0,0,0,0,0,0,231,0,3,15,0,0,0,0,3,0,0,1,0,0,0,0,3338,890,261,874,466,26,30,270,35,0,16,183,6,305,0,59,1176,434,440,706,124,22,0,30,97,2,4,88,25,3,0
0,22,0,242,133,0,0,0,0,0,0,0,0,0,0,0,0,436,0,0,128,5,153,0,22,0,0,0,0,0,0,0,0,12,75,25,57,0,0,0,0,0,2,0,0,0,0,4,19,294,240,228,307,32,285,8,20,0,0,0,0,0,0,0,0,22,22,14,38,0,12,0,0,0,0,8,0,0,0,0,0,15,114,0,7,0,0,0,13,0,0,0,0,0,0,0,0,545,24,81,55,173,53,13,13,0,0,0,0,0,0,0,0,62,53,0,83,0,0,0,9,0,0,0,0,0,0,0,9,265,7,1,36,2,0,0,0,0,3,0,0,0,0,0,0,0,4,0,0,0,0,0,0,0,0,0,0,0,0,0,0,712,155,0,3,0,0,0,2,0,0,0,0,0,0,0,0,256,477,2,151,0,0,0,49,0,0,0,8,0,8,0,0,0,0,0,0,0,0,0,0,0,0,0,0,0,0,0,1,15,1,26,34,0,0,0,26,6,10,0,90,0,0,0,0,159,12,6,54,0,1,0,0,2,2,0,6,14,0,0,5,0,13,0,0,0,0,0,0,7,0,0,0,0,0,0,0,441,20,0,31,0,5,0,0,6,0,0,1,0,0,0,0,19,18,0,35,0,0,0,1,23,1,0,0,0,1,0,9,55,22,10,89,8,0,0,1,0,0,0,0,17,0,0,0,3,1,3,0,1,1,0,0,0,0,0,0,0,0,0,0,4,168,101,57,0,0,0,0,0,6,0,0,0,0,0,0,8,1,1,115,11,65,2,14,16,0,0,0,0,0,0,0,140,44,2,121,0,0,0,5,0,0,0,0,0,0,0,0,9,0,0,3,0,0,0,0,0,0,0,0,13,0,0,0,36,4,2,36,0,0,10,6,0,0,0,4,0,0,0,64,24,1,0,19,0,0,0,109,0,0,0,1,0,0,0,2,35,8,0,10,1,0,0,0,0,1,0,0,0,0,0,0,0,0,0,17,0,0,0,0,0,0,0,0,0,0,0,0,0,0,0,0,0,0,0,2,0,0,0,0,0,0,2,0,39,39,16,156,0,0,0,0,0,0,0,6,0,0,0,0,32,987,27,56,0,13,0,4,0,0,0,0,0,0,0,0,131,0,1,36,113,0,0,0,0,0,0,0,0,0,0,0,0,0,10,304,0,0,0,128,0,0,0,0,0,0,0,0,143,70,0,95,0,0,0,0,0,0,0,0,0,0,0,0,297,33,0,37,19,0,0,0,0,0,0,0,0,0,0,0,25,3,0,16,0,0,1,0,8,0,0,12,0,0,0,0,634,22,22,69,11,14,0,3,200,0,0,39,0,0,0,0,57,7,0,197,36,0,0,2,0,4,0,0,0,0,0,109,1,0,21,18,1,0,0,4,0,0,0,0,0,0,0,0,11,0,0,4,0,0,0,3,0,0,0,0,0,0,0,0,1997,980,454,1290,36,14,13,418,220,0,0,53,2,35,0,168,291,12,125,93,0,0,4,2,1,0,0,6,0,0,0,2,2738,584,696,1671,500,112,464,192,41,504,66,270,0,0,0,4,198,11,6,204,183,10,17,25,0,0,2,11,0,0,0,0,4522,881,1855,2447,410,134,212,76,424,5,163,0,342,3,0,260,4360,2192,2323,6469,367,5,575,1028,33,20,379,271,376,0,0,5,0,16,3,4,0,0,0,6,2,0,0,0,0,0,0,0,753,34,12,115,19,1,0,22,1,0,0,2,0,0,0,0,371,6,8,30,184,3,3,4,5,1,13,13,4,2,0,10,1350,1292,535,417,501,183,6,5,13,2,12,5,5,0,2,0,755,14,19,574,173,282,2,121,11,158,2,8,57,37,0,5,119,74,2,251,29,0,0,17,0,2,0,41,16,1,0,8,545,23,4,223,0,17,0,0,0,0,0,0,0,3,0,0,0,0,0,0,14,0,0,0,0,0,0,0,0,0,0,0,0,111,12,16,0,0,0,0,0,0,0,0,0,0,0,0,5924,2800,1757,6757,186,47,8,817,62,3,54,123,496,171,0,830,1359,433,123,1430,2,20,11,262,21,0,0,195,101,7,1,56,1943,876,1149,2968,287,5,14,1214,133,17,3,360,124,63,6,237,462,16,0,134,0,0,0,0,0,0,0,0,0,6,0,11,5722,2689,1731,7113,292,0,3,340,621,216,475,721,213,64,37,158,0,0,3,26,0,162,0,5,0,0,0,0,0,0,0,0,231,0,3,15,0,0,0,0,3,0,0,1,0,0,0,0,3338,890,261,874,466,26,30,270,35,0,16,183,6,305,0,59,1176,434,440,706,124,22,0,30,97,2,4,88,25,3,0
0,22,0,242,133,0,0,0,0,0,0,0,0,0,0,0,0,436,0,0,128,5,153,0,22,0,0,0,0,0,0,0,0,12,75,25,57,0,0,0,0,0,2,0,0,0,0,4,19,294,240,228,307,32,285,8,20,0,0,0,0,0,0,0,0,22,22,14,38,0,12,0,0,0,0,8,0,0,0,0,0,15,114,0,7,0,0,0,13,0,0,0,0,0,0,0,0,545,24,81,55,173,53,13,13,0,0,0,0,0,0,0,0,62,53,0,83,0,0,0,9,0,0,0,0,0,0,0,9,265,7,1,36,2,0,0,0,0,3,0,0,0,0,0,0,0,4,0,0,0,0,0,0,0,0,0,0,0,0,0,0,712,155,0,3,0,0,0,2,0,0,0,0,0,0,0,0,256,477,2,151,0,0,0,49,0,0,0,8,0,8,0,0,0,0,0,0,0,0,0,0,0,0,0,0,0,0,0,1,15,1,26,34,0,0,0,26,6,10,0,90,0,0,0,0,159,12,6,54,0,1,0,0,2,2,0,6,14,0,0,5,0,13,0,0,0,0,0,0,7,0,0,0,0,0,0,0,441,20,0,31,0,5,0,0,6,0,0,1,0,0,0,0,19,18,0,35,0,0,0,1,23,1,0,0,0,1,0,9,55,22,10,89,8,0,0,1,0,0,0,0,17,0,0,0,3,1,3,0,1,1,0,0,0,0,0,0,0,0,0,0,4,168,101,57,0,0,0,0,0,6,0,0,0,0,0,0,8,1,1,115,11,65,2,14,16,0,0,0,0,0,0,0,140,44,2,121,0,0,0,5,0,0,0,0,0,0,0,0,9,0,0,3,0,0,0,0,0,0,0,0,13,0,0,0,36,4,2,36,0,0,10,6,0,0,0,4,0,0,0,64,24,1,0,19,0,0,0,109,0,0,0,1,0,0,0,2,35,8,0,10,1,0,0,0,0,1,0,0,0,0,0,0,0,0,0,17,0,0,0,0,0,0,0,0,0,0,0,0,0,0,0,0,0,0,0,2,0,0,0,0,0,0,2,0,39,39,16,156,0,0,0,0,0,0,0,6,0,0,0,0,32,987,27,56,0,13,0,4,0,0,0,0,0,0,0,0,131,0,1,36,113,0,0,0,0,0,0,0,0,0,0,0,0,0,10,304,0,0,0,128,0,0,0,0,0,0,0,0,143,70,0,95,0,0,0,0,0,0,0,0,0,0,0,0,297,33,0,37,19,0,0,0,0,0,0,0,0,0,0,0,25,3,0,16,0,0,1,0,8,0,0,12,0,0,0,0,634,22,22,69,11,14,0,3,200,0,0,39,0,0,0,0,57,7,0,197,36,0,0,2,0,4,0,0,0,0,0,109,1,0,21,18,1,0,0,4,0,0,0,0,0,0,0,0,11,0,0,4,0,0,0,3,0,0,0,0,0,0,0,0,1997,980,454,1290,36,14,13,418,220,0,0,53,2,35,0,168,291,12,125,93,0,0,4,2,1,0,0,6,0,0,0,2,2737,584,696,1671,500,112,464,192,41,504,66,270,0,0,0,4,198,11,6,204,183,10,17,25,0,0,2,11,0,0,0,0,4521,881,1855,2447,410,134,212,76,424,5,163,0,342,3,0,260,4360,2192,2323,6469,367,5,575,1028,33,20,379,271,376,0,0,5,0,16,3,4,0,0,0,6,2,0,0,0,0,0,0,0,753,34,12,115,19,1,0,22,1,0,0,2,0,0,0,0,371,6,8,30,184,3,3,4,5,1,13,13,4,2,0,10,1350,1292,535,417,501,183,6,5,13,2,12,5,5,0,2,0,755,14,19,574,173,282,2,121,11,158,2,8,57,37,0,5,119,74,2,251,29,0,0,17,0,2,0,41,16,1,0,8,545,23,4,223,0,17,0,0,0,0,0,0,0,3,0,0,0,0,0,0,14,0,0,0,0,0,0,0,0,0,0,0,0,111,12,16,0,0,0,0,0,0,0,0,0,0,0,0,5924,2800,1757,6757,186,47,8,817,62,3,54,123,496,171,0,830,1359,433,123,1430,2,20,11,262,21,0,0,195,101,7,1,56,1943,876,1149,2968,287,5,14,1214,133,17,3,360,124,63,6,237,462,16,0,134,0,0,0,0,0,0,0,0,0,6,0,11,5722,2689,1731,7113,292,0,3,340,620,216,475,720,213,64,37,158,0,0,3,26,0,162,0,5,0,0,0,0,0,0,0,0,231,0,3,15,0,0,0,0,3,0,0,1,0,0,0,0,3338,890,261,874,466,26,30,270,35,0,16,183,6,305,0,59,1176,434,440,706,124,22,0,30,97,2,4,88,25,3,0
0,22,0,242,133,0,0,0,0,0,0,0,0,0,0,0,0,436,0,0,128,5,153,0,22,0,0,0,0,0,0,0,0,12,75,25,57,0,0,0,0,0,2,0,0,0,0,4,19,294,240,228,307,32,285,8,20,0,0,0,0,0,0,0,0,22,22,14,38,0,12,0,0,0,0,8,0,0,0,0,0,15,114,0,7,0,0,0,13,0,0,0,0,0,0,0,0,545,24,81,55,173,53,13,13,0,0,0,0,0,0,0,0,62,53,0,83,0,0,0,9,0,0,0,0,0,0,0,9,265,7,1,36,2,0,0,0,0,3,0,0,0,0,0,0,0,4,0,0,0,0,0,0,0,0,0,0,0,0,0,0,712,155,0,3,0,0,0,2,0,0,0,0,0,0,0,0,256,478,2,151,0,0,0,49,0,0,0,8,0,8,0,0,0,0,0,0,0,0,0,0,0,0,0,0,0,0,0,1,15,1,26,34,0,0,0,26,6,10,0,90,0,0,0,0,159,12,6,54,0,1,0,0,2,2,0,6,14,0,0,5,0,13,0,0,0,0,0,0,7,0,0,0,0,0,0,0,441,20,0,31,0,5,0,0,6,0,0,1,0,0,0,0,19,18,0,35,0,0,0,1,23,1,0,0,0,1,0,9,55,22,10,89,8,0,0,1,0,0,0,0,17,0,0,0,3,1,3,0,1,1,0,0,0,0,0,0,0,0,0,0,4,168,101,57,0,0,0,0,0,6,0,0,0,0,0,0,8,1,1,115,11,65,2,14,16,0,0,0,0,0,0,0,140,44,2,121,0,0,0,5,0,0,0,0,0,0,0,0,9,0,0,3,0,0,0,0,0,0,0,0,13,0,0,0,36,4,2,36,0,0,10,6,0,0,0,4,0,0,0,64,24,1,0,19,0,0,0,109,0,0,0,1,0,0,0,2,35,8,0,10,1,0,0,0,0,1,0,0,0,0,0,0,0,0,0,17,0,0,0,0,0,0,0,0,0,0,0,0,0,0,0,0,0,0,0,2,0,0,0,0,0,0,2,0,39,39,16,156,0,0,0,0,0,0,0,6,0,0,0,0,32,987,27,56,0,13,0,4,0,0,0,0,0,0,0,0,131,0,1,36,113,0,0,0,0,0,0,0,0,0,0,0,0,0,10,304,0,0,0,128,0,0,0,0,0,0,0,0,143,70,0,95,0,0,0,0,0,0,0,0,0,0,0,0,297,33,0,37,19,0,0,0,0,0,0,0,0,0,0,0,25,3,0,16,0,0,1,0,8,0,0,12,0,0,0,0,634,22,22,69,11,14,0,3,200,0,0,39,0,0,0,0,57,7,0,197,36,0,0,2,0,4,0,0,0,0,0,109,1,0,21,18,1,0,0,4,0,0,0,0,0,0,0,0,11,0,0,4,0,0,0,3,0,0,0,0,0,0,0,0,1999,980,454,1290,36,14,13,418,220,0,0,53,2,35,0,168,291,12,125,93,0,0,4,2,1,0,0,6,0,0,0,2,2737,584,696,1671,500,112,464,192,41,504,66,270,0,0,0,4,198,11,6,204,183,10,17,25,0,0,2,11,0,0,0,0,4521,881,1855,2447,410,134,212,76,424,5,163,0,342,3,0,260,4360,2192,2323,6469,367,5,575,1028,33,20,379,271,376,0,0,5,0,16,3,4,0,0,0,6,2,0,0,0,0,0,0,0,753,34,12,115,19,1,0,22,1,0,0,2,0,0,0,0,371,6,8,30,184,3,3,4,5,1,13,13,4,2,0,10,1350,1293,535,417,501,183,6,5,13,2,12,5,5,0,2,0,755,14,19,574,173,282,2,121,11,158,2,8,57,37,0,5,119,74,2,251,29,0,0,17,0,2,0,41,16,1,0,8,545,23,4,223,0,17,0,0,0,0,0,0,0,3,0,0,0,0,0,0,14,0,0,0,0,0,0,0,0,0,0,0,0,111,12,16,0,0,0,0,0,0,0,0,0,0,0,0,5925,2800,1757,6757,186,47,8,817,62,3,54,123,496,171,0,830,1359,433,123,1430,2,20,11,262,21,0,0,195,101,7,1,56,1943,876,1149,2968,287,5,14,1214,133,17,3,360,124,63,6,237,462,16,0,134,0,0,0,0,0,0,0,0,0,6,0,11,5722,2689,1731,7113,292,0,3,340,620,216,475,720,213,64,37,158,0,0,3,26,0,162,0,5,0,0,0,0,0,0,0,0,231,0,3,15,0,0,0,0,3,0,0,1,0,0,0,0,3338,890,261,874,466,26,30,270,35,0,16,183,6,305,0,59,1176,434,440,706,124,22,0,30,97,2,4,88,25,3,0
0,22,0,242,133,0,0,0,0,0,0,0,0,0,0,0,0,436,0,0,128,5,153,0,22,0,0,0,0,0,0,0,0,12,75,25,57,0,0,0,0,0,2,0,0,0,0,4,19,294,240,228,307,32,285,8,20,0,0,0,0,0,0,0,0,22,22,14,38,0,12,0,0,0,0,8,0,0,0,0,0,15,114,0,7,0,0,0,13,0,0,0,0,0,0,0,0,545,24,81,55,173,53,13,13,0,0,0,0,0,0,0,0,62,53,0,83,0,0,0,9,0,0,0,0,0,0,0,9,265,7,1,36,2,0,0,0,0,3,0,0,0,0,0,0,0,4,0,0,0,0,0,0,0,0,0,0,0,0,0,0,712,155,0,3,0,0,0,2,0,0,0,0,0,0,0,0,256,477,2,151,0,0,0,49,0,0,0,8,0,8,0,0,0,0,0,0,0,0,0,0,0,0,0,0,0,0,0,1,15,1,26,34,0,0,0,26,6,10,0,90,0,0,0,0,159,12,6,54,0,1,0,0,2,2,0,6,14,0,0,5,0,13,0,0,0,0,0,0,7,0,0,0,0,0,0,0,441,20,0,31,0,5,0,0,6,0,0,1,0,0,0,0,19,18,0,35,0,0,0,1,23,1,0,0,0,1,0,9,55,22,10,89,8,0,0,1,0,0,0,0,17,0,0,0,3,1,3,0,1,1,0,0,0,0,0,0,0,0,0,0,4,168,101,57,0,0,0,0,0,6,0,0,0,0,0,0,8,1,1,115,11,65,2,14,16,0,0,0,0,0,0,0,140,44,2,121,0,0,0,5,0,0,0,0,0,0,0,0,9,0,0,3,0,0,0,0,0,0,0,0,13,0,0,0,36,4,2,36,0,0,10,6,0,0,0,4,0,0,0,64,24,1,0,19,0,0,0,109,0,0,0,1,0,0,0,2,35,8,0,10,1,0,0,0,0,1,0,0,0,0,0,0,0,0,0,17,0,0,0,0,0,0,0,0,0,0,0,0,0,0,0,0,0,0,0,2,0,0,0,0,0,0,2,0,39,39,16,156,0,0,0,0,0,0,0,6,0,0,0,0,32,987,27,56,0,13,0,4,0,0,0,0,0,0,0,0,131,0,1,36,113,0,0,0,0,0,0,0,0,0,0,0,0,0,10,304,0,0,0,128,0,0,0,0,0,0,0,0,143,70,0,95,0,0,0,0,0,0,0,0,0,0,0,0,297,33,0,37,19,0,0,0,0,0,0,0,0,0,0,0,25,3,0,16,0,0,1,0,8,0,0,12,0,0,0,0,634,22,22,69,11,14,0,3,200,0,0,39,0,0,0,0,57,7,0,197,36,0,0,2,0,4,0,0,0,0,0,109,1,0,21,18,1,0,0,4,0,0,0,0,0,0,0,0,11,0,0,4,0,0,0,3,0,0,0,0,0,0,0,0,1997,980,454,1290,36,14,13,418,220,0,0,53,2,35,0,168,291,12,125,93,0,0,4,2,1,0,0,6,0,0,0,2,2737,584,696,1671,500,112,464,192,41,504,66,270,0,0,0,4,198,11,6,204,183,10,17,25,0,0,2,11,0,0,0,0,4521,881,1855,2447,410,134,212,76,424,5,163,0,342,3,0,260,4360,2192,2323,6469,367,5,575,1028,33,20,379,271,376,0,0,5,0,16,3,4,0,0,0,6,2,0,0,0,0,0,0,0,753,34,12,115,19,1,0,22,1,0,0,2,0,0,0,0,371,6,8,30,184,3,3,4,5,1,13,13,4,2,0,10,1350,1292,535,417,501,183,6,5,13,2,12,5,5,0,2,0,755,14,19,574,173,282,2,121,11,158,2,8,57,37,0,5,119,74,2,251,29,0,0,17,0,2,0,41,16,1,0,8,545,23,4,223,0,17,0,0,0,0,0,0,0,3,0,0,0,0,0,0,14,0,0,0,0,0,0,0,0,0,0,0,0,111,12,16,0,0,0,0,0,0,0,0,0,0,0,0,5924,2800,1757,6757,186,47,8,817,62,3,54,123,496,171,0,830,1359,433,123,1430,2,20,11,262,21,0,0,195,101,7,1,56,1943,876,1149,2968,287,5,14,1214,133,17,3,360,124,63,6,237,462,16,0,134,0,0,0,0,0,0,0,0,0,6,0,11,5722,2689,1731,7113,292,0,3,340,620,216,475,720,213,64,37,158,0,0,3,26,0,162,0,5,0,0,0,0,0,0,0,0,231,0,3,15,0,0,0,0,3,0,0,1,0,0,0,0,3338,890,261,874,466,26,30,270,35,0,16,183,6,305,0,59,1176,434,440,706,124,22,0,30,97,2,4,88,25,3,0
0,22,0,242,133,0,0,0,0,0,0,0,0,0,0,0,0,436,0,0,128,5,153,0,22,0,0,0,0,0,0,0,0,12,75,25,57,0,0,0,0,0,2,0,0,0,0,4,19,294,240,228,307,32,285,8,20,0,0,0,0,0,0,0,0,22,22,14,38,0,12,0,0,0,0,8,0,0,0,0,0,15,114,0,7,0,0,0,13,0,0,0,0,0,0,0,0,545,24,81,55,173,53,13,13,0,0,0,0,0,0,0,0,62,53,0,83,0,0,0,9,0,0,0,0,0,0,0,9,265,7,1,36,2,0,0,0,0,3,0,0,0,0,0,0,0,4,0,0,0,0,0,0,0,0,0,0,0,0,0,0,712,155,0,3,0,0,0,2,0,0,0,0,0,0,0,0,256,477,2,151,0,0,0,49,0,0,0,8,0,8,0,0,0,0,0,0,0,0,0,0,0,0,0,0,0,0,0,1,15,1,26,34,0,0,0,26,6,10,0,90,0,0,0,0,159,12,6,54,0,1,0,0,2,2,0,6,14,0,0,5,0,13,0,0,0,0,0,0,7,0,0,0,0,0,0,0,441,20,0,31,0,5,0,0,6,0,0,1,0,0,0,0,19,18,0,35,0,0,0,1,23,1,0,0,0,1,0,9,55,22,10,89,8,0,0,1,0,0,0,0,17,0,0,0,3,1,3,0,1,1,0,0,0,0,0,0,0,0,0,0,4,168,101,57,0,0,0,0,0,6,0,0,0,0,0,0,8,1,1,115,11,65,2,14,16,0,0,0,0,0,0,0,140,44,2,121,0,0,0,5,0,0,0,0,0,0,0,0,9,0,0,3,0,0,0,0,0,0,0,0,13,0,0,0,36,4,2,36,0,0,10,6,0,0,0,4,0,0,0,64,24,1,0,19,0,0,0,109,0,0,0,1,0,0,0,2,35,8,0,10,1,0,0,0,0,1,0,0,0,0,0,0,0,0,0,17,0,0,0,0,0,0,0,0,0,0,0,0,0,0,0,0,0,0,0,2,0,0,0,0,0,0,2,0,39,39,16,156,0,0,0,0,0,0,0,6,0,0,0,0,32,987,27,56,0,13,0,4,0,0,0,0,0,0,0,0,131,0,1,36,113,0,0,0,0,0,0,0,0,0,0,0,0,0,10,304,0,0,0,128,0,0,0,0,0,0,0,0,143,70,0,95,0,0,0,0,0,0,0,0,0,0,0,0,297,33,0,37,19,0,0,0,0,0,0,0,0,0,0,0,25,3,0,16,0,0,1,0,8,0,0,12,0,0,0,0,634,22,22,69,11,14,0,3,200,0,0,39,0,0,0,0,57,7,0,197,36,0,0,2,0,4,0,0,0,0,0,109,1,0,21,18,1,0,0,4,0,0,0,0,0,0,0,0,11,0,0,4,0,0,0,3,0,0,0,0,0,0,0,0,1997,980,454,1290,36,14,13,418,220,0,0,53,2,35,0,168,291,12,125,93,0,0,4,2,1,0,0,6,0,0,0,2,2738,584,696,1671,500,112,464,192,41,504,66,270,0,0,0,4,198,11,6,204,183,10,17,25,0,0,2,11,0,0,0,0,4522,881,1855,2447,410,134,212,76,424,5,163,0,342,3,0,260,4360,2192,2323,6469,367,5,575,1028,33,20,379,271,376,0,0,5,0,16,3,4,0,0,0,6,2,0,0,0,0,0,0,0,753,34,12,115,19,1,0,22,1,0,0,2,0,0,0,0,371,6,8,30,184,3,3,4,5,1,13,13,4,2,0,10,1350,1292,535,417,501,183,6,5,13,2,12,5,5,0,2,0,755,14,19,574,173,282,2,121,11,158,2,8,57,37,0,5,119,74,2,251,29,0,0,17,0,2,0,41,16,1,0,8,545,23,4,223,0,17,0,0,0,0,0,0,0,3,0,0,0,0,0,0,14,0,0,0,0,0,0,0,0,0,0,0,0,111,12,16,0,0,0,0,0,0,0,0,0,0,0,0,5924,2800,1757,6757,186,47,8,817,62,3,54,123,496,171,0,830,1359,433,123,1430,2,20,11,262,21,0,0,195,101,7,1,56,1943,876,1149,2968,287,5,14,1214,133,17,3,360,124,63,6,237,462,16,0,134,0,0,0,0,0,0,0,0,0,6,0,11,5722,2689,1731,7113,292,0,3,340,621,216,475,721,213,64,37,158,0,0,3,26,0,162,0,5,0,0,0,0,0,0,0,0,231,0,3,15,0,0,0,0,3,0,0,1,0,0,0,0,3338,890,261,874,466,26,30,270,35,0,16,183,6,305,0,59,1176,434,440,706,124,22,0,30,97,2,4,88,25,3,0
0,22,0,242,133,0,0,0,0,0,0,0,0,0,0,0,0,436,0,0,128,5,153,0,22,0,0,0,0,0,0,0,0,12,75,25,57,0,0,0,0,0,2,0,0,0,0,4,19,294,240,228,307,32,285,8,20,0,0,0,0,0,0,0,0,22,22,14,38,0,12,0,0,0,0,8,0,0,0,0,0,15,114,0,7,0,0,0,13,0,0,0,0,0,0,0,0,545,24,81,55,173,53,13,13,0,0,0,0,0,0,0,0,62,53,0,83,0,0,0,9,0,0,0,0,0,0,0,9,265,7,1,36,2,0,0,0,0,3,0,0,0,0,0,0,0,4,0,0,0,0,0,0,0,0,0,0,0,0,0,0,712,155,0,3,0,0,0,2,0,0,0,0,0,0,0,0,256,478,2,151,0,0,0,49,0,0,0,8,0,8,0,0,0,0,0,0,0,0,0,0,0,0,0,0,0,0,0,1,15,1,26,34,0,0,0,26,6,10,0,90,0,0,0,0,159,12,6,54,0,1,0,0,2,2,0,6,14,0,0,5,0,13,0,0,0,0,0,0,7,0,0,0,0,0,0,0,441,20,0,31,0,5,0,0,6,0,0,1,0,0,0,0,19,18,0,35,0,0,0,1,23,1,0,0,0,1,0,9,55,22,10,89,8,0,0,1,0,0,0,0,17,0,0,0,3,1,3,0,1,1,0,0,0,0,0,0,0,0,0,0,4,168,101,57,0,0,0,0,0,6,0,0,0,0,0,0,8,1,1,115,11,65,2,14,16,0,0,0,0,0,0,0,140,44,2,121,0,0,0,5,0,0,0,0,0,0,0,0,9,0,0,3,0,0,0,0,0,0,0,0,13,0,0,0,36,4,2,36,0,0,10,6,0,0,0,4,0,0,0,64,24,1,0,19,0,0,0,109,0,0,0,1,0,0,0,2,35,8,0,10,1,0,0,0,0,1,0,0,0,0,0,0,0,0,0,17,0,0,0,0,0,0,0,0,0,0,0,0,0,0,0,0,0,0,0,2,0,0,0,0,0,0,2,0,39,39,16,156,0,0,0,0,0,0,0,6,0,0,0,0,32,987,27,56,0,13,0,4,0,0,0,0,0,0,0,0,131,0,1,36,113,0,0,0,0,0,0,0,0,0,0,0,0,0,10,304,0,0,0,128,0,0,0,0,0,0,0,0,143,70,0,95,0,0,0,0,0,0,0,0,0,0,0,0,297,33,0,37,19,0,0,0,0,0,0,0,0,0,0,0,25,3,0,16,0,0,1,0,8,0,0,12,0,0,0,0,634,22,22,69,11,14,0,3,200,0,0,39,0,0,0,0,57,7,0,197,36,0,0,2,0,4,0,0,0,0,0,109,1,0,21,18,1,0,0,4,0,0,0,0,0,0,0,0,11,0,0,4,0,0,0,3,0,0,0,0,0,0,0,0,1999,980,454,1290,36,14,13,418,220,0,0,53,2,35,0,168,291,12,125,93,0,0,4,2,1,0,0,6,0,0,0,2,2737,584,696,1671,500,112,464,192,41,504,66,270,0,0,0,4,198,11,6,204,183,10,17,25,0,0,2,11,0,0,0,0,4521,881,1855,2447,410,134,212,76,424,5,163,0,342,3,0,260,4360,2192,2323,6469,367,5,575,1028,33,20,379,271,376,0,0,5,0,16,3,4,0,0,0,6,2,0,0,0,0,0,0,0,753,34,12,115,19,1,0,22,1,0,0,2,0,0,0,0,371,6,8,30,184,3,3,4,5,1,13,13,4,2,0,10,1350,1293,535,417,501,183,6,5,13,2,12,5,5,0,2,0,755,14,19,574,173,282,2,121,11,158,2,8,57,37,0,5,119,74,2,251,29,0,0,17,0,2,0,41,16,1,0,8,545,23,4,223,0,17,0,0,0,0,0,0,0,3,0,0,0,0,0,0,14,0,0,0,0,0,0,0,0,0,0,0,0,111,12,16,0,0,0,0,0,0,0,0,0,0,0,0,5925,2800,1757,6757,186,47,8,817,62,3,54,123,496,171,0,830,1359,433,123,1430,2,20,11,262,21,0,0,195,101,7,1,56,1943,876,1149,2968,287,5,14,1214,133,17,3,360,124,63,6,237,462,16,0,134,0,0,0,0,0,0,0,0,0,6,0,11,5722,2689,1731,7113,292,0,3,340,620,216,475,720,213,64,37,158,0,0,3,26,0,162,0,5,0,0,0,0,0,0,0,0,231,0,3,15,0,0,0,0,3,0,0,1,0,0,0,0,3338,890,261,874,466,26,30,270,35,0,16,183,6,305,0,59,1176,434,440,706,124,22,0,30,97,2,4,88,25,3,0
0,22,0,242,133,0,0,0,0,0,0,0,0,0,0,0,0,436,0,0,128,5,153,0,22,0,0,0,0,0,0,0,0,12,75,25,57,0,0,0,0,0,2,0,0,0,0,4,19,294,240,228,307,32,285,8,20,0,0,0,0,0,0,0,0,22,22,14,38,0,12,0,0,0,0,8,0,0,0,0,0,15,114,0,7,0,0,0,13,0,0,0,0,0,0,0,0,545,24,81,55,173,53,13,13,0,0,0,0,0,0,0,0,62,53,0,83,0,0,0,9,0,0,0,0,0,0,0,9,265,7,1,36,2,0,0,0,0,3,0,0,0,0,0,0,0,4,0,0,0,0,0,0,0,0,0,0,0,0,0,0,712,155,0,3,0,0,0,2,0,0,0,0,0,0,0,0,256,477,2,151,0,0,0,49,0,0,0,8,0,8,0,0,0,0,0,0,0,0,0,0,0,0,0,0,0,0,0,1,15,1,26,34,0,0,0,26,6,10,0,90,0,0,0,0,159,12,6,54,0,1,0,0,2,2,0,6,14,0,0,5,0,13,0,0,0,0,0,0,7,0,0,0,0,0,0,0,441,20,0,31,0,5,0,0,6,0,0,1,0,0,0,0,19,18,0,35,0,0,0,1,23,1,0,0,0,1,0,9,55,22,10,89,8,0,0,1,0,0,0,0,17,0,0,0,3,1,3,0,1,1,0,0,0,0,0,0,0,0,0,0,4,168,101,57,0,0,0,0,0,6,0,0,0,0,0,0,8,1,1,115,11,65,2,14,16,0,0,0,0,0,0,0,140,44,2,121,0,0,0,5,0,0,0,0,0,0,0,0,9,0,0,3,0,0,0,0,0,0,0,0,13,0,0,0,36,4,2,36,0,0,10,6,0,0,0,4,0,0,0,64,24,1,0,19,0,0,0,109,0,0,0,1,0,0,0,2,35,8,0,10,1,0,0,0,0,1,0,0,0,0,0,0,0,0,0,17,0,0,0,0,0,0,0,0,0,0,0,0,0,0,0,0,0,0,0,2,0,0,0,0,0,0,2,0,39,39,16,156,0,0,0,0,0,0,0,6,0,0,0,0,32,987,27,56,0,13,0,4,0,0,0,0,0,0,0,0,131,0,1,36,113,0,0,0,0,0,0,0,0,0,0,0,0,0,10,304,0,0,0,128,0,0,0,0,0,0,0,0,143,70,0,95,0,0,0,0,0,0,0,0,0,0,0,0,297,33,0,37,19,0,0,0,0,0,0,0,0,0,0,0,25,3,0,16,0,0,1,0,8,0,0,12,0,0,0,0,634,22,22,69,11,14,0,3,200,0,0,39,0,0,0,0,57,7,0,197,36,0,0,2,0,4,0,0,0,0,0,109,1,0,21,18,1,0,0,4,0,0,0,0,0,0,0,0,11,0,0,4,0,0,0,3,0,0,0,0,0,0,0,0,1997,980,454,1290,36,14,13,418,220,0,0,53,2,35,0,168,291,12,125,93,0,0,4,2,1,0,0,6,0,0,0,2,2737,584,696,1671,500,112,464,192,41,504,66,270,0,0,0,4,198,11,6,204,183,10,17,25,0,0,2,11,0,0,0,0,4521,881,1855,2447,410,134,212,76,424,5,163,0,342,3,0,260,4360,2192,2324,6471,367,5,575,1028,33,20,380,271,377,0,0,5,0,16,3,4,0,0,0,6,2,0,0,0,0,0,0,0,753,34,12,115,19,1,0,22,1,0,0,2,0,0,0,0,371,6,8,30,184,3,3,4,5,1,13,13,4,2,0,10,1350,1292,535,417,501,183,6,5,13,2,12,5,5,0,2,0,755,14,19,574,173,282,2,121,11,158,2,8,57,37,0,5,119,74,2,251,29,0,0,17,0,2,0,41,16,1,0,8,545,23,4,223,0,17,0,0,0,0,0,0,0,3,0,0,0,0,0,0,14,0,0,0,0,0,0,0,0,0,0,0,0,111,12,16,0,0,0,0,0,0,0,0,0,0,0,0,5924,2800,1757,6757,186,47,8,817,62,3,54,123,496,171,0,830,1359,433,123,1430,2,20,11,262,21,0,0,195,101,7,1,56,1943,876,1150,2968,287,5,14,1214,133,17,3,360,124,63,6,237,462,16,0,134,0,0,0,0,0,0,0,0,0,6,0,11,5722,2689,1732,7114,292,0,3,340,620,216,475,720,213,64,37,158,0,0,3,26,0,162,0,5,0,0,0,0,0,0,0,0,231,0,3,15,0,0,0,0,3,0,0,1,0,0,0,0,3338,890,261,874,466,26,30,270,35,0,16,183,6,305,0,59,1176,434,440,706,124,22,0,30,97,2,4,88,25,3,0
0,22,0,242,133,0,0,0,0,0,0,0,0,0,0,0,0,436,0,0,128,5,153,0,22,0,0,0,0,0,0,0,0,12,75,25,57,0,0,0,0,0,2,0,0,0,0,4,19,294,240,228,307,32,285,8,20,0,0,0,0,0,0,0,0,22,22,14,38,0,12,0,0,0,0,8,0,0,0,0,0,15,114,0,7,0,0,0,13,0,0,0,0,0,0,0,0,545,24,81,55,173,53,13,13,0,0,0,0,0,0,0,0,62,53,0,83,0,0,0,9,0,0,0,0,0,0,0,9,265,7,1,36,2,0,0,0,0,3,0,0,0,0,0,0,0,4,0,0,0,0,0,0,0,0,0,0,0,0,0,0,712,155,0,3,0,0,0,2,0,0,0,0,0,0,0,0,256,477,2,151,0,0,0,49,0,0,0,8,0,8,0,0,0,0,0,0,0,0,0,0,0,0,0,0,0,0,0,1,15,1,26,34,0,0,0,26,6,10,0,90,0,0,0,0,159,12,6,54,0,1,0,0,2,2,0,6,14,0,0,5,0,13,0,0,0,0,0,0,7,0,0,0,0,0,0,0,441,20,0,31,0,5,0,0,6,0,0,1,0,0,0,0,19,18,0,35,0,0,0,1,23,1,0,0,0,1,0,9,55,22,10,89,8,0,0,1,0,0,0,0,17,0,0,0,3,1,3,0,1,1,0,0,0,0,0,0,0,0,0,0,4,168,101,57,0,0,0,0,0,6,0,0,0,0,0,0,8,1,1,115,11,65,2,14,16,0,0,0,0,0,0,0,140,44,2,121,0,0,0,5,0,0,0,0,0,0,0,0,9,0,0,3,0,0,0,0,0,0,0,0,13,0,0,0,36,4,2,36,0,0,10,6,0,0,0,4,0,0,0,64,24,1,0,19,0,0,0,109,0,0,0,1,0,0,0,2,35,8,0,10,1,0,0,0,0,1,0,0,0,0,0,0,0,0,0,17,0,0,0,0,0,0,0,0,0,0,0,0,0,0,0,0,0,0,0,2,0,0,0,0,0,0,2,0,39,39,16,156,0,0,0,0,0,0,0,6,0,0,0,0,32,987,27,56,0,13,0,4,0,0,0,0,0,0,0,0,131,0,1,36,113,0,0,0,0,0,0,0,0,0,0,0,0,0,10,304,0,0,0,128,0,0,0,0,0,0,0,0,143,70,0,95,0,0,0,0,0,0,0,0,0,0,0,0,297,33,0,37,19,0,0,0,0,0,0,0,0,0,0,0,25,3,0,16,0,0,1,0,8,0,0,12,0,0,0,0,634,22,22,69,11,14,0,3,200,0,0,39,0,0,0,0,57,7,0,197,36,0,0,2,0,4,0,0,0,0,0,109,1,0,21,18,1,0,0,4,0,0,0,0,0,0,0,0,11,0,0,4,0,0,0,3,0,0,0,0,0,0,0,0,1997,981,454,1290,36,14,13,418,220,0,0,53,2,35,0,169,292,12,125,93,0,0,4,2,1,0,0,6,0,0,0,2,2737,585,696,1671,500,112,464,192,41,504,66,270,0,0,0,4,198,11,6,204,183,10,17,25,0,0,2,11,0,0,0,0,4521,882,1856,2447,410,134,212,76,424,5,163,0,342,3,0,260,4360,2192,2323,6469,367,5,575,1028,33,20,379,271,376,0,0,5,0,16,3,4,0,0,0,6,2,0,0,0,0,0,0,0,753,34,12,115,19,1,0,22,1,0,0,2,0,0,0,0,371,6,8,30,184,3,3,4,5,1,13,13,4,2,0,10,1350,1292,535,417,501,183,6,5,13,2,12,5,5,0,2,0,755,14,19,574,173,282,2,121,11,158,2,8,57,37,0,5,119,74,2,251,29,0,0,17,0,2,0,41,16,1,0,8,545,23,4,223,0,17,0,0,0,0,0,0,0,3,0,0,0,0,0,0,14,0,0,0,0,0,0,0,0,0,0,0,0,111,12,16,0,0,0,0,0,0,0,0,0,0,0,0,5924,2800,1758,6758,186,47,8,818,62,3,54,123,496,171,0,830,1360,433,123,1432,2,20,11,262,21,0,0,195,102,7,1,56,1943,876,1149,2968,287,5,14,1214,133,17,3,360,124,63,6,237,462,16,0,134,0,0,0,0,0,0,0,0,0,6,0,11,5722,2689,1731,7113,292,0,3,340,620,216,475,720,213,64,37,158,0,0,3,26,0,162,0,5,0,0,0,0,0,0,0,0,231,0,3,15,0,0,0,0,3,0,0,1,0,0,0,0,3338,890,261,874,466,26,30,270,35,0,16,183,6,305,0,59,1176,434,440,706,124,22,0,30,97,2,4,88,25,3,0
0,22,0,242,133,0,0,0,0,0,0,0,0,0,0,0,0,436,0,0,128,5,153,0,22,0,0,0,0,0,0,0,0,12,75,25,57,0,0,0,0,0,2,0,0,0,0,4,19,294,240,228,307,32,285,8,20,0,0,0,0,0,0,0,0,22,22,14,38,0,12,0,0,0,0,8,0,0,0,0,0,15,114,0,7,0,0,0,13,0,0,0,0,0,0,0,0,545,24,81,55,173,53,13,13,0,0,0,0,0,0,0,0,62,53,0,83,0,0,0,9,0,0,0,0,0,0,0,9,265,7,1,36,2,0,0,0,0,3,0,0,0,0,0,0,0,4,0,0,0,0,0,0,0,0,0,0,0,0,0,0,712,155,0,3,0,0,0,2,0,0,0,0,0,0,0,0,256,477,2,151,0,0,0,49,0,0,0,8,0,8,0,0,0,0,0,0,0,0,0,0,0,0,0,0,0,0,0,1,15,1,26,34,0,0,0,26,6,10,0,90,0,0,0,0,159,12,6,54,0,1,0,0,2,2,0,6,14,0,0,5,0,13,0,0,0,0,0,0,7,0,0,0,0,0,0,0,441,20,0,31,0,5,0,0,6,0,0,1,0,0,0,0,19,18,0,35,0,0,0,1,23,1,0,0,0,1,0,9,55,22,10,89,8,0,0,1,0,0,0,0,17,0,0,0,3,1,3,0,1,1,0,0,0,0,0,0,0,0,0,0,4,168,101,57,0,0,0,0,0,6,0,0,0,0,0,0,8,1,1,115,11,65,2,14,16,0,0,0,0,0,0,0,140,44,2,121,0,0,0,5,0,0,0,0,0,0,0,0,9,0,0,3,0,0,0,0,0,0,0,0,13,0,0,0,36,4,2,36,0,0,10,6,0,0,0,4,0,0,0,64,24,1,0,19,0,0,0,109,0,0,0,1,0,0,0,2,35,8,0,10,1,0,0,0,0,1,0,0,0,0,0,0,0,0,0,17,0,0,0,0,0,0,0,0,0,0,0,0,0,0,0,0,0,0,0,2,0,0,0,0,0,0,2,0,39,39,16,156,0,0,0,0,0,0,0,6,0,0,0,0,32,987,27,56,0,13,0,4,0,0,0,0,0,0,0,0,131,0,1,36,113,0,0,0,0,0,0,0,0,0,0,0,0,0,10,304,0,0,0,128,0,0,0,0,0,0,0,0,143,70,0,95,0,0,0,0,0,0,0,0,0,0,0,0,297,33,0,37,19,0,0,0,0,0,0,0,0,0,0,0,25,3,0,16,0,0,1,0,8,0,0,12,0,0,0,0,634,22,22,69,11,14,0,3,201,0,0,39,0,0,0,0,57,7,0,197,36,0,0,2,0,4,0,0,0,0,0,109,1,0,21,18,1,0,0,4,0,0,0,0,0,0,0,0,11,0,0,4,0,0,0,3,0,0,0,0,0,0,0,0,1997,980,454,1290,36,14,13,418,220,0,0,53,2,35,0,168,291,12,125,93,0,0,4,2,1,0,0,6,0,0,0,2,2737,584,696,1671,500,112,464,192,41,504,66,270,0,0,0,4,198,11,6,204,183,10,17,25,0,0,2,11,0,0,0,0,4521,881,1855,2447,410,134,212,76,424,5,163,0,342,3,0,260,4362,2192,2323,6469,367,5,575,1028,33,20,379,271,376,0,0,5,0,16,3,4,0,0,0,6,2,0,0,0,0,0,0,0,753,34,12,115,19,1,0,22,1,0,0,2,0,0,0,0,371,6,8,30,184,3,3,4,5,1,13,13,4,2,0,10,1350,1293,535,417,501,183,6,5,13,2,12,5,5,0,2,0,755,14,19,574,173,282,2,121,11,158,2,8,57,37,0,5,119,74,2,251,29,0,0,17,0,2,0,41,16,1,0,8,545,23,4,223,0,17,0,0,0,0,0,0,0,3,0,0,0,0,0,0,14,0,0,0,0,0,0,0,0,0,0,0,0,111,12,16,0,0,0,0,0,0,0,0,0,0,0,0,5924,2800,1757,6758,186,47,8,817,62,3,54,123,496,171,0,830,1359,433,123,1430,2,20,11,262,21,0,0,195,101,7,1,56,1944,876,1149,2968,287,5,14,1214,133,17,3,360,124,63,6,237,462,16,0,134,0,0,0,0,0,0,0,0,0,6,0,11,5722,2690,1731,7113,292,0,3,340,620,216,475,720,214,64,37,158,0,0,3,26,0,162,0,5,0,0,0,0,0,0,0,0,231,0,3,15,0,0,0,0,3,0,0,1,0,0,0,0,3338,890,261,874,466,26,30,270,35,0,16,183,6,305,0,59,1176,434,440,706,124,22,0,30,97,2,4,88,25,3,0
0,22,0,242,133,0,0,0,0,0,0,0,0,0,0,0,0,436,0,0,128,5,153,0,22,0,0,0,0,0,0,0,0,12,75,25,57,0,0,0,0,0,2,0,0,0,0,4,19,294,240,228,307,32,285,8,20,0,0,0,0,0,0,0,0,22,22,14,38,0,12,0,0,0,0,8,0,0,0,0,0,15,114,0,7,0,0,0,13,0,0,0,0,0,0,0,0,545,24,81,55,173,53,13,13,0,0,0,0,0,0,0,0,62,53,0,83,0,0,0,9,0,0,0,0,0,0,0,9,265,7,1,36,2,0,0,0,0,3,0,0,0,0,0,0,0,4,0,0,0,0,0,0,0,0,0,0,0,0,0,0,712,155,0,3,0,0,0,2,0,0,0,0,0,0,0,0,256,477,2,151,0,0,0,49,0,0,0,8,0,8,0,0,0,0,0,0,0,0,0,0,0,0,0,0,0,0,0,1,15,1,26,34,0,0,0,26,6,10,0,90,0,0,0,0,159,12,6,54,0,1,0,0,2,2,0,6,14,0,0,5,0,13,0,0,0,0,0,0,7,0,0,0,0,0,0,0,441,20,0,31,0,5,0,0,6,0,0,1,0,0,0,0,19,18,0,35,0,0,0,1,23,1,0,0,0,1,0,9,55,22,10,89,8,0,0,1,0,0,0,0,17,0,0,0,3,1,3,0,1,1,0,0,0,0,0,0,0,0,0,0,4,168,101,57,0,0,0,0,0,6,0,0,0,0,0,0,8,1,1,115,11,65,2,14,16,0,0,0,0,0,0,0,140,44,2,121,0,0,0,5,0,0,0,0,0,0,0,0,9,0,0,3,0,0,0,0,0,0,0,0,13,0,0,0,36,4,2,36,0,0,10,6,0,0,0,4,0,0,0,64,24,1,0,19,0,0,0,109,0,0,0,1,0,0,0,2,35,8,0,10,1,0,0,0,0,1,0,0,0,0,0,0,0,0,0,17,0,0,0,0,0,0,0,0,0,0,0,0,0,0,0,0,0,0,0,2,0,0,0,0,0,0,2,0,39,39,16,156,0,0,0,0,0,0,0,6,0,0,0,0,32,987,27,56,0,13,0,4,0,0,0,0,0,0,0,0,131,0,1,36,113,0,0,0,0,0,0,0,0,0,0,0,0,0,10,304,0,0,0,128,0,0,0,0,0,0,0,0,143,70,0,95,0,0,0,0,0,0,0,0,0,0,0,0,297,33,0,37,19,0,0,0,0,0,0,0,0,0,0,0,25,3,0,16,0,0,1,0,8,0,0,12,0,0,0,0,634,22,22,69,11,14,0,3,200,0,0,39,0,0,0,0,57,7,0,197,36,0,0,2,0,4,0,0,0,0,0,109,1,0,21,18,1,0,0,4,0,0,0,0,0,0,0,0,11,0,0,4,0,0,0,3,0,0,0,0,0,0,0,0,1997,980,454,1290,36,14,13,418,220,0,0,53,2,35,0,168,291,12,125,93,0,0,4,2,1,0,0,6,0,0,0,2,2737,584,696,1671,500,112,464,192,41,504,66,270,0,0,0,4,198,11,6,204,183,10,17,25,0,0,2,11,0,0,0,0,4521,881,1855,2447,410,134,212,76,424,5,163,0,342,3,0,260,4360,2192,2323,6469,367,5,575,1028,33,20,379,271,376,0,0,5,0,16,3,4,0,0,0,6,2,0,0,0,0,0,0,0,753,34,12,115,19,1,0,22,1,0,0,2,0,0,0,0,371,6,8,30,184,3,3,4,5,1,13,13,4,2,0,10,1350,1292,535,417,501,183,6,5,13,2,12,5,5,0,2,0,755,14,19,574,173,282,2,121,11,158,2,8,57,37,0,5,119,74,2,251,29,0,0,17,0,2,0,41,16,1,0,8,545,23,4,223,0,17,0,0,0,0,0,0,0,3,0,0,0,0,0,0,14,0,0,0,0,0,0,0,0,0,0,0,0,111,12,16,0,0,0,0,0,0,0,0,0,0,0,0,5924,2800,1757,6757,186,47,8,817,62,3,54,123,496,171,0,830,1359,433,123,1430,2,20,11,262,21,0,0,195,101,7,1,56,1943,876,1149,2968,287,5,14,1214,133,17,3,360,124,63,6,237,462,16,0,134,0,0,0,0,0,0,0,0,0,6,0,11,5722,2689,1731,7113,292,0,3,340,620,216,475,720,213,64,37,158,0,0,3,26,0,162,0,5,0,0,0,0,0,0,0,0,231,0,3,15,0,0,0,0,3,0,0,1,0,0,0,0,3338,890,261,874,466,26,30,270,35,0,16,183,6,305,0,59,1176,434,440,706,124,22,0,30,97,2,4,88,25,3,0
0,22,0,242,133,0,0,0,0,0,0,0,0,0,0,0,0,436,0,0,128,5,153,0,22,0,0,0,0,0,0,0,0,12,75,25,57,0,0,0,0,0,2,0,0,0,0,4,19,294,240,228,307,32,285,8,20,0,0,0,0,0,0,0,0,22,22,14,38,0,12,0,0,0,0,8,0,0,0,0,0,15,114,0,7,0,0,0,13,0,0,0,0,0,0,0,0,545,24,81,55,173,53,13,13,0,0,0,0,0,0,0,0,62,53,0,83,0,0,0,9,0,0,0,0,0,0,0,9,265,7,1,36,2,0,0,0,0,3,0,0,0,0,0,0,0,4,0,0,0,0,0,0,0,0,0,0,0,0,0,0,712,155,0,3,0,0,0,2,0,0,0,0,0,0,0,0,256,477,2,151,0,0,0,49,0,0,0,8,0,8,0,0,0,0,0,0,0,0,0,0,0,0,0,0,0,0,0,1,15,1,26,34,0,0,0,26,6,10,0,90,0,0,0,0,159,12,6,54,0,1,0,0,2,2,0,6,14,0,0,5,0,13,0,0,0,0,0,0,7,0,0,0,0,0,0,0,441,20,0,31,0,5,0,0,6,0,0,1,0,0,0,0,19,18,0,35,0,0,0,1,23,1,0,0,0,1,0,9,55,22,10,89,8,0,0,1,0,0,0,0,17,0,0,0,3,1,3,0,1,1,0,0,0,0,0,0,0,0,0,0,4,168,101,57,0,0,0,0,0,6,0,0,0,0,0,0,8,1,1,115,11,65,2,14,16,0,0,0,0,0,0,0,140,44,2,121,0,0,0,5,0,0,0,0,0,0,0,0,9,0,0,3,0,0,0,0,0,0,0,0,13,0,0,0,36,4,2,36,0,0,10,6,0,0,0,4,0,0,0,64,24,1,0,19,0,0,0,109,0,0,0,1,0,0,0,2,35,8,0,10,1,0,0,0,0,1,0,0,0,0,0,0,0,0,0,17,0,0,0,0,0,0,0,0,0,0,0,0,0,0,0,0,0,0,0,2,0,0,0,0,0,0,2,0,39,39,16,156,0,0,0,0,0,0,0,6,0,0,0,0,32,987,27,56,0,13,0,4,0,0,0,0,0,0,0,0,131,0,1,36,113,0,0,0,0,0,0,0,0,0,0,0,0,0,10,304,0,0,0,128,0,0,0,0,0,0,0,0,143,70,0,95,0,0,0,0,0,0,0,0,0,0,0,0,297,33,0,37,19,0,0,0,0,0,0,0,0,0,0,0,25,3,0,16,0,0,1,0,8,0,0,12,0,0,0,0,634,22,22,69,11,14,0,3,200,0,0,39,0,0,0,0,57,7,0,197,36,0,0,2,0,4,0,0,0,0,0,109,1,0,21,18,1,0,0,4,0,0,0,0,0,0,0,0,11,0,0,4,0,0,0,3,0,0,0,0,0,0,0,0,1997,980,455,1290,36,14,13,418,220,0,0,53,2,35,0,168,291,12,125,93,0,0,4,2,1,0,0,6,0,0,0,2,2737,584,697,1671,500,112,464,192,41,504,66,270,0,0,0,4,199,11,6,204,183,10,17,25,0,0,2,11,0,0,0,0,4521,881,1855,2447,410,134,212,76,424,5,163,0,342,3,0,260,4360,2192,2323,6470,367,5,575,1028,33,20,379,271,376,0,0,5,0,16,3,4,0,0,0,6,2,0,0,0,0,0,0,0,753,34,12,115,19,1,0,22,1,0,0,2,0,0,0,0,371,6,8,30,184,3,3,4,5,1,13,13,4,2,0,10,1350,1292,535,417,501,183,6,5,13,2,12,5,5,0,2,0,755,14,19,574,173,282,2,121,11,158,2,8,57,37,0,5,119,74,2,251,29,0,0,17,0,2,0,41,16,1,0,8,545,23,4,223,0,17,0,0,0,0,0,0,0,3,0,0,0,0,0,0,14,0,0,0,0,0,0,0,0,0,0,0,0,111,12,16,0,0,0,0,0,0,0,0,0,0,0,0,5925,2800,1757,6760,186,47,8,817,62,3,54,123,496,171,0,830,1360,434,123,1430,2,20,11,262,21,0,0,195,101,7,1,56,1943,876,1149,2969,287,5,14,1214,134,17,3,360,124,63,6,237,462,16,0,134,0,0,0,0,0,0,0,0,0,6,0,11,5722,2689,1731,7113,292,0,3,340,620,216,475,720,213,64,37,158,0,0,3,26,0,162,0,5,0,0,0,0,0,0,0,0,231,0,3,15,0,0,0,0,3,0,0,1,0,0,0,0,3338,890,261,874,466,26,30,270,35,0,16,183,6,305,0,59,1177,434,441,706,124,22,0,30,97,2,4,88,25,3,0
0,22,0,242,133,0,0,0,0,0,0,0,0,0,0,0,0,436,0,0,128,5,153,0,22,0,0,0,0,0,0,0,0,12,75,25,57,0,0,0,0,0,2,0,0,0,0,4,19,294,240,228,307,32,285,8,20,0,0,0,0,0,0,0,0,22,22,14,38,0,12,0,0,0,0,8,0,0,0,0,0,15,114,0,7,0,0,0,13,0,0,0,0,0,0,0,0,545,24,81,55,173,53,13,13,0,0,0,0,0,0,0,0,62,53,0,83,0,0,0,9,0,0,0,0,0,0,0,9,265,7,1,36,2,0,0,0,0,3,0,0,0,0,0,0,0,4,0,0,0,0,0,0,0,0,0,0,0,0,0,0,712,155,0,3,0,0,0,2,0,0,0,0,0,0,0,0,256,477,2,151,0,0,0,49,0,0,0,8,0,8,0,0,0,0,0,0,0,0,0,0,0,0,0,0,0,0,0,1,15,1,26,34,0,0,0,26,6,10,0,90,0,0,0,0,159,12,6,54,0,1,0,0,2,2,0,6,14,0,0,5,0,13,0,0,0,0,0,0,7,0,0,0,0,0,0,0,441,20,0,31,0,5,0,0,6,0,0,1,0,0,0,0,19,18,0,35,0,0,0,1,23,1,0,0,0,1,0,9,55,22,10,89,8,0,0,1,0,0,0,0,17,0,0,0,3,1,3,0,1,1,0,0,0,0,0,0,0,0,0,0,4,168,101,57,0,0,0,0,0,6,0,0,0,0,0,0,8,1,1,115,11,65,2,14,16,0,0,0,0,0,0,0,140,44,2,121,0,0,0,5,0,0,0,0,0,0,0,0,9,0,0,3,0,0,0,0,0,0,0,0,13,0,0,0,36,4,2,36,0,0,10,6,0,0,0,4,0,0,0,64,24,1,0,19,0,0,0,109,0,0,0,1,0,0,0,2,35,8,0,10,1,0,0,0,0,1,0,0,0,0,0,0,0,0,0,17,0,0,0,0,0,0,0,0,0,0,0,0,0,0,0,0,0,0,0,2,0,0,0,0,0,0,2,0,39,39,16,156,0,0,0,0,0,0,0,6,0,0,0,0,32,987,27,56,0,13,0,4,0,0,0,0,0,0,0,0,131,0,1,36,113,0,0,0,0,0,0,0,0,0,0,0,0,0,10,304,0,0,0,128,0,0,0,0,0,0,0,0,143,70,0,95,0,0,0,0,0,0,0,0,0,0,0,0,297,33,0,37,19,0,0,0,0,0,0,0,0,0,0,0,25,3,0,16,0,0,1,0,8,0,0,12,0,0,0,0,634,22,22,69,11,14,0,3,200,0,0,39,0,0,0,0,57,7,0,197,36,0,0,2,0,4,0,0,0,0,0,109,1,0,21,18,1,0,0,4,0,0,0,0,0,0,0,0,11,0,0,4,0,0,0,3,0,0,0,0,0,0,0,0,1997,980,454,1290,36,14,13,418,220,0,0,53,2,35,0,168,291,12,125,93,0,0,4,2,1,0,0,6,0,0,0,2,2737,584,696,1671,500,112,464,192,41,504,66,270,0,0,0,4,198,11,6,204,183,10,17,25,0,0,2,11,0,0,0,0,4521,881,1855,2447,410,134,212,76,424,5,163,0,342,3,0,260,4360,2192,2323,6469,367,5,575,1028,33,20,379,271,376,0,0,5,0,16,3,4,0,0,0,6,2,0,0,0,0,0,0,0,753,34,12,115,19,1,0,22,1,0,0,2,0,0,0,0,371,6,8,30,184,3,3,4,5,1,13,13,4,2,0,10,1350,1292,535,417,501,183,6,5,13,2,12,5,5,0,2,0,755,14,19,574,173,282,2,121,11,158,2,8,57,37,0,5,119,74,2,251,29,0,0,17,0,2,0,41,16,1,0,8,545,23,4,223,0,17,0,0,0,0,0,0,0,3,0,0,0,0,0,0,14,0,0,0,0,0,0,0,0,0,0,0,0,111,12,16,0,0,0,0,0,0,0,0,0,0,0,0,5924,2800,1757,6757,186,47,8,817,62,3,54,123,496,171,0,830,1359,433,123,1430,2,20,11,262,21,0,0,195,101,7,1,56,1943,876,1149,2968,287,5,14,1214,133,17,3,360,124,63,6,237,462,16,0,134,0,0,0,0,0,0,0,0,0,6,0,11,5722,2689,1731,7113,292,0,3,340,620,216,475,720,213,64,37,158,0,0,3,26,0,162,0,5,0,0,0,0,0,0,0,0,231,0,3,15,0,0,0,0,3,0,0,1,0,0,0,0,3338,890,261,874,466,26,30,270,35,0,16,183,6,305,0,59,1176,434,440,706,124,22,0,30,97,2,4,88,25,3,0
0,22,0,242,133,0,0,0,0,0,0,0,0,0,0,0,0,436,0,0,128,5,153,0,22,0,0,0,0,0,0,0,0,12,75,25,57,0,0,0,0,0,2,0,0,0,0,4,19,294,240,228,307,32,285,8,20,0,0,0,0,0,0,0,0,22,22,14,38,0,12,0,0,0,0,8,0,0,0,0,0,15,114,0,7,0,0,0,13,0,0,0,0,0,0,0,0,545,24,81,55,173,53,13,13,0,0,0,0,0,0,0,0,62,53,0,83,0,0,0,9,0,0,0,0,0,0,0,9,265,7,1,36,2,0,0,0,0,3,0,0,0,0,0,0,0,4,0,0,0,0,0,0,0,0,0,0,0,0,0,0,712,155,0,3,0,0,0,2,0,0,0,0,0,0,0,0,256,477,2,151,0,0,0,49,0,0,0,8,0,8,0,0,0,0,0,0,0,0,0,0,0,0,0,0,0,0,0,1,15,1,26,34,0,0,0,26,6,10,0,90,0,0,0,0,159,12,6,54,0,1,0,0,2,2,0,6,14,0,0,5,0,13,0,0,0,0,0,0,7,0,0,0,0,0,0,0,441,20,0,31,0,5,0,0,6,0,0,1,0,0,0,0,19,18,0,35,0,0,0,1,23,1,0,0,0,1,0,9,55,22,10,89,8,0,0,1,0,0,0,0,17,0,0,0,3,1,3,0,1,1,0,0,0,0,0,0,0,0,0,0,4,168,101,57,0,0,0,0,0,6,0,0,0,0,0,0,8,1,1,115,11,65,2,14,16,0,0,0,0,0,0,0,140,44,2,121,0,0,0,5,0,0,0,0,0,0,0,0,9,0,0,3,0,0,0,0,0,0,0,0,13,0,0,0,36,4,2,36,0,0,10,6,0,0,0,4,0,0,0,64,24,1,0,19,0,0,0,109,0,0,0,1,0,0,0,2,35,8,0,10,1,0,0,0,0,1,0,0,0,0,0,0,0,0,0,17,0,0,0,0,0,0,0,0,0,0,0,0,0,0,0,0,0,0,0,2,0,0,0,0,0,0,2,0,39,39,16,156,0,0,0,0,0,0,0,6,0,0,0,0,32,987,27,56,0,13,0,4,0,0,0,0,0,0,0,0,131,0,1,36,113,0,0,0,0,0,0,0,0,0,0,0,0,0,10,304,0,0,0,128,0,0,0,0,0,0,0,0,143,70,0,95,0,0,0,0,0,0,0,0,0,0,0,0,297,33,0,37,19,0,0,0,0,0,0,0,0,0,0,0,25,3,0,16,0,0,1,0,8,0,0,12,0,0,0,0,634,22,22,69,11,14,0,3,200,0,0,39,0,0,0,0,57,7,0,197,36,0,0,2,0,4,0,0,0,0,0,109,1,0,21,18,1,0,0,4,0,0,0,0,0,0,0,0,11,0,0,4,0,0,0,3,0,0,0,0,0,0,0,0,1997,980,454,1290,36,14,13,418,220,0,0,53,2,35,0,168,291,12,125,93,0,0,4,2,1,0,0,6,0,0,0,2,2737,584,696,1671,500,112,464,192,41,504,66,270,0,0,0,4,198,11,6,204,183,10,17,25,0,0,2,11,0,0,0,0,4521,881,1855,2447,410,134,212,76,424,5,163,0,342,3,0,260,4360,2192,2323,6469,367,5,575,1028,33,20,379,271,376,0,0,5,0,16,3,4,0,0,0,6,2,0,0,0,0,0,0,0,753,34,12,115,19,1,0,22,1,0,0,2,0,0,0,0,371,6,8,30,184,3,3,4,5,1,13,13,4,2,0,10,1350,1292,535,417,501,183,6,5,13,2,12,5,5,0,2,0,755,14,19,574,173,282,2,121,11,158,2,8,57,37,0,5,119,74,2,251,29,0,0,17,0,2,0,41,16,1,0,8,545,23,4,223,0,17,0,0,0,0,0,0,0,3,0,0,0,0,0,0,14,0,0,0,0,0,0,0,0,0,0,0,0,111,12,16,0,0,0,0,0,0,0,0,0,0,0,0,5924,2800,1757,6757,186,47,8,817,62,3,54,123,496,171,0,830,1359,433,123,1430,2,20,11,262,21,0,0,195,101,7,1,56,1943,876,1149,2968,287,5,14,1214,133,17,3,360,124,63,6,237,462,16,0,134,0,0,0,0,0,0,0,0,0,6,0,11,5722,2689,1731,7113,292,0,3,340,620,216,475,720,213,64,37,158,0,0,3,26,0,162,0,5,0,0,0,0,0,0,0,0,231,0,3,15,0,0,0,0,3,0,0,1,0,0,0,0,3338,890,261,874,466,26,30,270,35,0,16,183,6,305,0,59,1176,434,440,706,124,22,0,30,97,2,4,88,25,3,0
0,22,0,242,133,0,0,0,0,0,0,0,0,0,0,0,0,436,0,0,128,5,153,0,22,0,0,0,0,0,0,0,0,12,75,25,57,0,0,0,0,0,2,0,0,0,0,4,19,294,240,228,307,32,285,8,20,0,0,0,0,0,0,0,0,22,22,14,38,0,12,0,0,0,0,8,0,0,0,0,0,15,114,0,7,0,0,0,13,0,0,0,0,0,0,0,0,545,24,81,55,173,53,13,13,0,0,0,0,0,0,0,0,62,53,0,83,0,0,0,9,0,0,0,0,0,0,0,9,265,7,1,36,2,0,0,0,0,3,0,0,0,0,0,0,0,4,0,0,0,0,0,0,0,0,0,0,0,0,0,0,712,155,0,3,0,0,0,2,0,0,0,0,0,0,0,0,256,477,2,151,0,0,0,49,0,0,0,8,0,8,0,0,0,0,0,0,0,0,0,0,0,0,0,0,0,0,0,1,15,1,26,34,0,0,0,26,6,10,0,90,0,0,0,0,159,12,6,54,0,1,0,0,2,2,0,6,14,0,0,5,0,13,0,0,0,0,0,0,7,0,0,0,0,0,0,0,441,20,0,31,0,5,0,0,6,0,0,1,0,0,0,0,19,18,0,35,0,0,0,1,23,1,0,0,0,1,0,9,55,22,10,89,8,0,0,1,0,0,0,0,17,0,0,0,3,1,3,0,1,1,0,0,0,0,0,0,0,0,0,0,4,168,101,57,0,0,0,0,0,6,0,0,0,0,0,0,8,1,1,115,11,65,2,14,16,0,0,0,0,0,0,0,140,44,2,121,0,0,0,5,0,0,0,0,0,0,0,0,9,0,0,3,0,0,0,0,0,0,0,0,13,0,0,0,36,4,2,36,0,0,10,6,0,0,0,4,0,0,0,64,24,1,0,19,0,0,0,109,0,0,0,1,0,0,0,2,35,8,0,10,1,0,0,0,0,1,0,0,0,0,0,0,0,0,0,17,0,0,0,0,0,0,0,0,0,0,0,0,0,0,0,0,0,0,0,2,0,0,0,0,0,0,2,0,39,39,16,156,0,0,0,0,0,0,0,6,0,0,0,0,32,987,27,56,0,13,0,4,0,0,0,0,0,0,0,0,131,0,1,36,113,0,0,0,0,0,0,0,0,0,0,0,0,0,10,304,0,0,0,128,0,0,0,0,0,0,0,0,143,70,0,95,0,0,0,0,0,0,0,0,0,0,0,0,297,33,0,37,19,0,0,0,0,0,0,0,0,0,0,0,25,3,0,16,0,0,1,0,8,0,0,12,0,0,0,0,634,22,22,69,11,14,0,3,200,0,0,39,0,0,0,0,57,7,0,197,36,0,0,2,0,4,0,0,0,0,0,109,1,0,21,18,1,0,0,4,0,0,0,0,0,0,0,0,11,0,0,4,0,0,0,3,0,0,0,0,0,0,0,0,1997,980,454,1290,36,14,13,418,220,0,0,53,2,35,0,168,291,12,125,93,0,0,4,2,1,0,0,6,0,0,0,2,2737,584,696,1671,500,112,464,192,41,504,66,270,0,0,0,4,198,11,6,204,183,10,17,25,0,0,2,11,0,0,0,0,4521,881,1855,2447,410,134,212,76,424,5,163,0,342,3,0,260,4360,2192,2323,6469,367,5,575,1028,33,20,379,271,376,0,0,5,0,16,3,4,0,0,0,6,2,0,0,0,0,0,0,0,753,34,12,115,19,1,0,22,1,0,0,2,0,0,0,0,371,6,8,30,184,3,3,4,5,1,13,13,4,2,0,10,1350,1292,535,417,501,183,6,5,13,2,12,5,5,0,2,0,755,14,19,574,173,282,2,121,11,158,2,8,57,37,0,5,119,74,2,251,29,0,0,17,0,2,0,41,16,1,0,8,545,23,4,223,0,17,0,0,0,0,0,0,0,3,0,0,0,0,0,0,14,0,0,0,0,0,0,0,0,0,0,0,0,111,12,16,0,0,0,0,0,0,0,0,0,0,0,0,5924,2800,1757,6757,186,47,8,817,62,3,54,123,496,171,0,830,1359,433,123,1430,2,20,11,262,21,0,0,195,101,7,1,56,1943,876,1149,2968,287,5,14,1214,133,17,3,360,124,63,6,237,462,16,0,134,0,0,0,0,0,0,0,0,0,6,0,11,5722,2689,1731,7113,292,0,3,340,620,216,475,720,213,64,37,158,0,0,3,26,0,162,0,5,0,0,0,0,0,0,0,0,231,0,3,15,0,0,0,0,3,0,0,1,0,0,0,0,3338,890,261,874,466,26,30,270,35,0,16,183,6,305,0,59,1176,434,440,706,124,22,0,30,97,2,4,88,25,3,0
0,22,0,242,133,0,0,0,0,0,0,0,0,0,0,0,0,436,0,0,128,5,153,0,22,0,0,0,0,0,0,0,0,12,75,25,57,0,0,0,0,0,2,0,0,0,0,4,19,294,240,228,307,32,285,8,20,0,0,0,0,0,0,0,0,22,22,14,38,0,12,0,0,0,0,8,0,0,0,0,0,15,114,0,7,0,0,0,13,0,0,0,0,0,0,0,0,545,24,81,55,173,53,13,13,0,0,0,0,0,0,0,0,62,53,0,83,0,0,0,9,0,0,0,0,0,0,0,9,265,7,1,36,2,0,0,0,0,3,0,0,0,0,0,0,0,4,0,0,0,0,0,0,0,0,0,0,0,0,0,0,712,155,0,3,0,0,0,2,0,0,0,0,0,0,0,0,256,477,2,151,0,0,0,49,0,0,0,8,0,8,0,0,0,0,0,0,0,0,0,0,0,0,0,0,0,0,0,1,15,1,26,34,0,0,0,26,6,10,0,90,0,0,0,0,159,12,6,54,0,1,0,0,2,2,0,6,14,0,0,5,0,13,0,0,0,0,0,0,7,0,0,0,0,0,0,0,441,20,0,31,0,5,0,0,6,0,0,1,0,0,0,0,19,18,0,35,0,0,0,1,23,1,0,0,0,1,0,9,55,22,10,89,8,0,0,1,0,0,0,0,17,0,0,0,3,1,3,0,1,1,0,0,0,0,0,0,0,0,0,0,4,168,101,57,0,0,0,0,0,6,0,0,0,0,0,0,8,1,1,115,11,65,2,14,16,0,0,0,0,0,0,0,140,44,2,121,0,0,0,5,0,0,0,0,0,0,0,0,9,0,0,3,0,0,0,0,0,0,0,0,13,0,0,0,36,4,2,36,0,0,10,6,0,0,0,4,0,0,0,64,24,1,0,19,0,0,0,109,0,0,0,1,0,0,0,2,35,8,0,10,1,0,0,0,0,1,0,0,0,0,0,0,0,0,0,17,0,0,0,0,0,0,0,0,0,0,0,0,0,0,0,0,0,0,0,2,0,0,0,0,0,0,2,0,39,39,16,156,0,0,0,0,0,0,0,6,0,0,0,0,32,987,27,56,0,13,0,4,0,0,0,0,0,0,0,0,131,0,1,36,113,0,0,0,0,0,0,0,0,0,0,0,0,0,10,304,0,0,0,128,0,0,0,0,0,0,0,0,143,70,0,95,0,0,0,0,0,0,0,0,0,0,0,0,297,33,0,37,19,0,0,0,0,0,0,0,0,0,0,0,25,3,0,16,0,0,1,0,8,0,0,12,0,0,0,0,634,22,22,69,11,14,0,3,200,0,0,39,0,0,0,0,57,7,0,197,36,0,0,2,0,4,0,0,0,0,0,109,1,0,21,18,1,0,0,4,0,0,0,0,0,0,0,0,11,0,0,4,0,0,0,3,0,0,0,0,0,0,0,0,1997,980,454,1290,36,14,13,418,220,0,0,53,2,35,0,168,291,12,125,93,0,0,4,2,1,0,0,6,0,0,0,2,2737,584,696,1671,500,112,464,192,41,504,66,270,0,0,0,4,198,11,6,204,183,10,17,25,0,0,2,11,0,0,0,0,4521,881,1855,2447,410,134,212,76,424,5,163,0,342,3,0,260,4360,2192,2323,6469,367,5,575,1028,33,20,379,271,376,0,0,5,0,16,3,4,0,0,0,6,2,0,0,0,0,0,0,0,753,34,12,115,19,1,0,22,1,0,0,2,0,0,0,0,371,6,8,30,184,3,3,4,5,1,13,13,4,2,0,10,1350,1292,535,417,501,183,6,5,13,2,12,5,5,0,2,0,755,14,19,574,173,282,2,121,11,158,2,8,57,37,0,5,119,74,2,251,29,0,0,17,0,2,0,41,16,1,0,8,545,23,4,223,0,17,0,0,0,0,0,0,0,3,0,0,0,0,0,0,14,0,0,0,0,0,0,0,0,0,0,0,0,111,12,16,0,0,0,0,0,0,0,0,0,0,0,0,5924,2800,1757,6757,186,47,8,817,62,3,54,123,496,171,0,830,1359,433,123,1430,2,20,11,262,21,0,0,195,101,7,1,56,1943,876,1149,2968,287,5,14,1214,133,17,3,360,124,63,6,237,462,16,0,134,0,0,0,0,0,0,0,0,0,6,0,11,5722,2689,1731,7114,292,0,3,340,620,216,475,720,213,64,37,158,0,0,3,26,0,162,0,5,0,0,0,0,0,0,0,0,231,0,3,15,0,0,0,0,3,0,0,1,0,0,0,0,3338,890,261,874,466,26,30,270,35,0,16,183,6,305,0,59,1176,434,440,706,124,22,0,30,97,2,4,88,25,3,0
0,22,0,242,133,0,0,0,0,0,0,0,0,0,0,0,0,436,0,0,128,5,153,0,22,0,0,0,0,0,0,0,0,12,75,25,57,0,0,0,0,0,2,0,0,0,0,4,19,294,240,228,307,32,285,8,20,0,0,0,0,0,0,0,0,22,22,14,38,0,12,0,0,0,0,8,0,0,0,0,0,15,114,0,7,0,0,0,13,0,0,0,0,0,0,0,0,545,24,82,55,173,53,13,13,0,0,0,0,0,0,0,0,62,53,0,83,0,0,0,9,0,0,0,0,0,0,0,9,265,7,1,36,2,0,0,0,0,3,0,0,0,0,0,0,0,4,0,0,0,0,0,0,0,0,0,0,0,0,0,0,712,155,0,3,0,0,0,2,0,0,0,0,0,0,0,0,256,477,2,151,0,0,0,49,0,0,0,8,0,8,0,0,0,0,0,0,0,0,0,0,0,0,0,0,0,0,0,1,15,1,26,34,0,0,0,26,6,10,0,90,0,0,0,0,159,12,6,54,0,1,0,0,2,2,0,6,14,0,0,5,0,13,0,0,0,0,0,0,7,0,0,0,0,0,0,0,441,20,0,31,0,5,0,0,6,0,0,1,0,0,0,0,19,18,0,36,0,0,0,1,23,1,0,0,0,1,0,9,55,22,10,89,8,0,0,1,0,0,0,0,17,0,0,0,3,1,3,0,1,1,0,0,0,0,0,0,0,0,0,0,4,168,101,57,0,0,0,0,0,6,0,0,0,0,0,0,8,1,1,115,11,65,2,14,16,0,0,0,0,0,0,0,140,44,2,121,0,0,0,5,0,0,0,0,0,0,0,0,9,0,0,3,0,0,0,0,0,0,0,0,13,0,0,0,36,4,2,36,0,0,10,6,0,0,0,6,0,0,0,64,24,1,0,19,0,0,0,109,0,0,0,1,0,0,0,2,35,8,0,10,1,0,0,0,0,1,0,0,0,0,0,0,0,0,0,17,0,0,0,0,0,0,0,0,0,0,0,0,0,0,0,0,0,0,0,2,0,0,0,0,0,0,2,0,39,39,16,156,0,0,0,0,0,0,0,6,0,0,0,0,32,987,27,56,0,13,0,4,0,0,0,0,0,0,0,0,131,0,1,36,113,0,0,0,0,0,0,0,0,0,0,0,0,0,10,304,0,0,0,128,0,0,0,0,0,0,0,0,143,70,0,95,0,0,0,0,0,0,0,0,0,0,0,0,297,33,0,37,19,0,0,0,0,0,0,0,0,0,0,0,25,3,0,17,0,0,1,0,8,0,0,12,0,0,0,0,635,23,22,70,11,14,0,3,200,0,0,39,0,0,0,0,57,7,0,199,36,0,0,2,0,4,0,0,0,0,0,109,1,0,21,18,1,0,0,4,0,0,0,0,0,0,0,0,11,0,0,4,0,0,0,3,0,0,0,0,0,0,0,0,1997,980,454,1290,36,14,13,418,220,0,0,53,2,35,0,168,291,12,125,93,0,0,4,2,1,0,0,6,0,0,0,2,2737,584,696,1671,500,112,464,192,41,504,66,270,0,0,0,4,198,11,6,204,183,10,17,25,0,0,2,11,0,0,0,0,4521,881,1855,2447,410,134,212,76,424,5,163,0,342,3,0,260,4360,2192,2323,6469,367,5,575,1028,33,20,379,271,376,0,0,5,0,16,3,4,0,0,0,6,2,0,0,0,0,0,0,0,753,34,12,115,19,1,0,22,1,0,0,2,0,0,0,0,371,6,8,30,184,3,3,4,5,1,13,13,4,2,0,10,1351,1292,535,422,501,183,6,5,13,2,12,5,5,0,2,0,755,14,19,575,173,282,2,122,11,158,2,8,57,37,0,6,119,74,2,251,29,0,0,17,0,2,0,41,16,1,0,8,545,23,4,223,0,17,0,0,0,0,0,0,0,3,0,0,0,0,0,0,14,0,0,0,0,0,0,0,0,0,0,0,0,111,12,16,0,0,0,0,0,0,0,0,0,0,0,0,5924,2800,1757,6757,186,47,8,817,62,3,54,123,496,171,0,830,1359,433,123,1430,2,20,11,262,21,0,0,195,101,7,1,56,1943,876,1149,2968,287,5,14,1214,133,17,3,360,124,63,6,237,462,16,0,134,0,0,0,0,0,0,0,0,0,6,0,11,5722,2689,1731,7113,292,0,3,340,620,216,475,720,213,64,37,158,0,0,3,26,0,162,0,5,0,0,0,0,0,0,0,0,231,0,3,15,0,0,0,0,3,0,0,1,0,0,0,0,3338,890,261,880,466,26,30,270,35,0,16,183,6,305,0,59,1176,434,440,707,124,22,0,30,97,2,4,88,25,3,0
0,22,0,242,133,0,0,0,0,0,0,0,0,0,0,0,0,436,0,0,128,5,153,0,22,0,0,0,0,0,0,0,0,12,75,25,57,0,0,0,0,0,2,0,0,0,0,4,19,294,240,228,307,32,285,8,20,0,0,0,0,0,0,0,0,22,22,14,38,0,12,0,0,0,0,8,0,0,0,0,0,15,114,0,7,0,0,0,13,0,0,0,0,0,0,0,0,545,24,81,55,173,53,13,13,0,0,0,0,0,0,0,0,62,53,0,83,0,0,0,9,0,0,0,0,0,0,0,9,265,7,1,36,2,0,0,0,0,3,0,0,0,0,0,0,0,4,0,0,0,0,0,0,0,0,0,0,0,0,0,0,712,155,0,3,0,0,0,2,0,0,0,0,0,0,0,0,256,477,2,151,0,0,0,49,0,0,0,8,0,8,0,0,0,0,0,0,0,0,0,0,0,0,0,0,0,0,0,1,15,1,26,34,0,0,0,26,6,10,0,90,0,0,0,0,159,12,6,54,0,1,0,0,2,2,0,6,14,0,0,5,0,13,0,0,0,0,0,0,7,0,0,0,0,0,0,0,441,20,0,31,0,5,0,0,6,0,0,1,0,0,0,0,19,18,0,35,0,0,0,1,23,1,0,0,0,1,0,9,55,22,10,89,8,0,0,1,0,0,0,0,17,0,0,0,3,1,3,0,1,1,0,0,0,0,0,0,0,0,0,0,4,168,101,57,0,0,0,0,0,6,0,0,0,0,0,0,8,1,1,115,11,65,2,14,16,0,0,0,0,0,0,0,140,44,2,121,0,0,0,5,0,0,0,0,0,0,0,0,9,0,0,3,0,0,0,0,0,0,0,0,13,0,0,0,36,4,2,36,0,0,10,6,0,0,0,4,0,0,0,64,24,1,0,19,0,0,0,109,0,0,0,1,0,0,0,2,35,8,0,10,1,0,0,0,0,1,0,0,0,0,0,0,0,0,0,17,0,0,0,0,0,0,0,0,0,0,0,0,0,0,0,0,0,0,0,2,0,0,0,0,0,0,2,0,39,39,16,156,0,0,0,0,0,0,0,6,0,0,0,0,32,987,27,56,0,13,0,4,0,0,0,0,0,0,0,0,131,0,1,36,113,0,0,0,0,0,0,0,0,0,0,0,0,0,10,304,0,0,0,128,0,0,0,0,0,0,0,0,143,70,0,95,0,0,0,0,0,0,0,0,0,0,0,0,297,33,0,37,19,0,0,0,0,0,0,0,0,0,0,0,25,3,0,16,0,0,1,0,8,0,0,12,0,0,0,0,634,22,22,69,11,14,0,3,200,0,0,39,0,0,0,0,57,7,0,198,36,0,0,2,0,4,0,0,0,0,0,109,1,0,21,18,1,0,0,4,0,0,0,0,0,0,0,0,11,0,0,4,0,0,0,3,0,0,0,0,0,0,0,0,1997,980,454,1290,36,14,13,418,220,0,0,53,2,35,0,168,291,12,125,93,0,0,4,2,1,0,0,6,0,0,0,2,2737,584,696,1672,501,112,464,192,41,504,66,270,0,0,0,4,198,11,6,204,183,10,17,25,0,0,2,11,0,0,0,0,4521,881,1855,2449,410,134,212,76,424,5,164,0,342,3,0,260,4360,2192,2323,6471,367,5,575,1028,33,20,379,271,376,0,0,5,0,16,3,4,0,0,0,6,2,0,0,0,0,0,0,0,753,34,12,115,19,1,0,22,1,0,0,2,0,0,0,0,371,6,8,30,184,3,3,4,5,1,13,13,4,2,0,10,1350,1292,536,418,501,183,6,5,13,2,12,5,5,0,2,0,755,14,19,574,173,282,2,121,11,158,2,8,57,37,0,5,119,74,2,251,29,0,0,17,0,2,0,41,16,1,0,8,545,23,4,223,0,17,0,0,0,0,0,0,0,3,0,0,0,0,0,0,14,0,0,0,0,0,0,0,0,0,0,0,0,111,12,16,0,0,0,0,0,0,0,0,0,0,0,0,5924,2800,1757,6757,186,47,8,817,62,3,54,123,496,171,0,830,1359,433,123,1430,2,20,11,262,21,0,0,195,101,7,1,56,1943,876,1149,2968,287,5,14,1214,133,17,3,360,124,63,6,237,462,16,0,134,0,0,0,0,0,0,0,0,0,6,0,11,5722,2689,1731,7114,292,0,3,340,620,216,475,720,213,64,37,158,0,0,3,26,0,162,0,5,0,0,0,0,0,0,0,0,231,0,3,15,0,0,0,0,3,0,0,1,0,0,0,0,3338,890,261,874,466,26,30,270,35,0,16,183,6,305,0,59,1176,434,440,706,124,22,0,30,97,2,4,88,25,3,0
0,22,0,242,133,0,0,0,0,0,0,0,0,0,0,0,0,436,0,0,128,5,153,0,22,0,0,0,0,0,0,0,0,12,75,25,57,0,0,0,0,0,2,0,0,0,0,4,19,294,240,228,307,32,285,8,20,0,0,0,0,0,0,0,0,22,22,14,38,0,12,0,0,0,0,8,0,0,0,0,0,15,114,0,7,0,0,0,13,0,0,0,0,0,0,0,0,545,24,81,55,173,53,13,13,0,0,0,0,0,0,0,0,62,53,0,83,0,0,0,9,0,0,0,0,0,0,0,9,265,7,1,36,2,0,0,0,0,3,0,0,0,0,0,0,0,4,0,0,0,0,0,0,0,0,0,0,0,0,0,0,712,155,0,3,0,0,0,2,0,0,0,0,0,0,0,0,256,477,2,151,0,0,0,49,0,0,0,8,0,8,0,0,0,0,0,0,0,0,0,0,0,0,0,0,0,0,0,1,15,1,26,34,0,0,0,26,6,10,0,90,0,0,0,0,159,12,6,54,0,1,0,0,2,2,0,6,14,0,0,5,0,13,0,0,0,0,0,0,7,0,0,0,0,0,0,0,441,20,0,31,0,5,0,0,6,0,0,1,0,0,0,0,19,18,0,35,0,0,0,1,23,1,0,0,0,1,0,9,55,22,10,89,8,0,0,1,0,0,0,0,17,0,0,0,3,1,3,0,1,1,0,0,0,0,0,0,0,0,0,0,4,168,101,57,0,0,0,0,0,6,0,0,0,0,0,0,8,1,1,115,11,65,2,14,16,0,0,0,0,0,0,0,140,44,2,121,0,0,0,5,0,0,0,0,0,0,0,0,9,0,0,3,0,0,0,0,0,0,0,0,13,0,0,0,36,4,2,36,0,0,10,6,0,0,0,4,0,0,0,64,24,1,0,19,0,0,0,109,0,0,0,1,0,0,0,2,35,8,0,10,1,0,0,0,0,1,0,0,0,0,0,0,0,0,0,17,0,0,0,0,0,0,0,0,0,0,0,0,0,0,0,0,0,0,0,2,0,0,0,0,0,0,2,0,39,39,16,156,0,0,0,0,0,0,0,6,0,0,0,0,32,987,27,56,0,13,0,4,0,0,0,0,0,0,0,0,131,0,1,36,113,0,0,0,0,0,0,0,0,0,0,0,0,0,10,304,0,0,0,128,0,0,0,0,0,0,0,0,143,70,0,95,0,0,0,0,0,0,0,0,0,0,0,0,297,33,0,37,19,0,0,0,0,0,0,0,0,0,0,0,25,3,0,16,0,0,1,0,8,0,0,12,0,0,0,0,634,22,22,69,11,14,0,3,200,0,0,39,0,0,0,0,57,7,0,197,36,0,0,2,0,4,0,0,0,0,0,109,1,0,21,18,1,0,0,4,0,0,0,0,0,0,0,0,11,0,0,4,0,0,0,3,0,0,0,0,0,0,0,0,1997,980,454,1290,36,14,13,418,220,0,0,53,2,35,0,168,291,12,125,93,0,0,4,2,1,0,0,6,0,0,0,2,2737,584,696,1671,500,112,464,192,41,504,66,270,0,0,0,4,198,11,6,204,183,10,17,25,0,0,2,11,0,0,0,0,4521,881,1855,2447,410,134,212,76,424,5,163,0,342,3,0,260,4360,2192,2323,6469,367,5,575,1028,33,20,379,271,376,0,0,5,0,16,3,4,0,0,0,6,2,0,0,0,0,0,0,0,753,34,12,115,19,1,0,22,1,0,0,2,0,0,0,0,371,6,8,30,184,3,3,4,5,1,13,13,4,2,0,10,1350,1292,535,417,501,183,6,5,13,2,12,5,5,0,2,0,755,14,19,574,173,282,2,121,11,158,2,8,57,37,0,5,119,74,2,251,29,0,0,17,0,2,0,41,16,1,0,8,545,23,4,223,0,17,0,0,0,0,0,0,0,3,0,0,0,0,0,0,14,0,0,0,0,0,0,0,0,0,0,0,0,111,12,16,0,0,0,0,0,0,0,0,0,0,0,0,5924,2800,1757,6757,186,47,8,817,62,3,54,123,496,171,0,830,1359,433,123,1430,2,20,11,262,21,0,0,195,101,7,1,56,1943,876,1149,2968,287,5,14,1214,133,17,3,360,124,63,6,237,462,16,0,134,0,0,0,0,0,0,0,0,0,6,0,11,5722,2689,1732,7113,292,0,3,340,620,216,475,720,213,64,37,158,0,0,3,26,0,162,0,5,0,0,0,0,0,0,0,0,231,0,3,15,0,0,0,0,3,0,0,1,0,0,0,0,3338,890,261,874,466,26,30,270,35,0,16,183,6,305,0,59,1176,434,440,706,124,22,0,30,97,2,4,88,25,3,0
0,22,0,242,133,0,0,0,0,0,0,0,0,0,0,0,0,436,0,0,128,5,153,0,22,0,0,0,0,0,0,0,0,12,75,25,57,0,0,0,0,0,2,0,0,0,0,4,19,294,240,228,307,32,285,8,20,0,0,0,0,0,0,0,0,22,22,14,38,0,12,0,0,0,0,8,0,0,0,0,0,15,114,0,7,0,0,0,13,0,0,0,0,0,0,0,0,545,24,81,55,173,53,13,13,0,0,0,0,0,0,0,0,62,53,0,83,0,0,0,9,0,0,0,0,0,0,0,9,265,7,1,36,2,0,0,0,0,3,0,0,0,0,0,0,0,4,0,0,0,0,0,0,0,0,0,0,0,0,0,0,712,155,0,3,0,0,0,2,0,0,0,0,0,0,0,0,256,477,2,151,0,0,0,49,0,0,0,8,0,8,0,0,0,0,0,0,0,0,0,0,0,0,0,0,0,0,0,1,15,1,26,34,0,0,0,26,6,10,0,90,0,0,0,0,159,12,6,54,0,1,0,0,2,2,0,6,14,0,0,5,0,13,0,0,0,0,0,0,7,0,0,0,0,0,0,0,441,20,0,31,0,5,0,0,6,0,0,1,0,0,0,0,19,18,0,35,0,0,0,1,23,1,0,0,0,1,0,9,55,22,10,89,8,0,0,1,0,0,0,0,17,0,0,0,3,1,3,0,1,1,0,0,0,0,0,0,0,0,0,0,4,168,101,57,0,0,0,0,0,6,0,0,0,0,0,0,8,1,1,115,11,65,2,14,16,0,0,0,0,0,0,0,140,44,2,121,0,0,0,5,0,0,0,0,0,0,0,0,9,0,0,3,0,0,0,0,0,0,0,0,13,0,0,0,36,4,2,36,0,0,10,6,0,0,0,4,0,0,0,64,24,1,0,19,0,0,0,109,0,0,0,1,0,0,0,2,35,8,0,10,1,0,0,0,0,1,0,0,0,0,0,0,0,0,0,17,0,0,0,0,0,0,0,0,0,0,0,0,0,0,0,0,0,0,0,2,0,0,0,0,0,0,2,0,39,39,16,156,0,0,0,0,0,0,0,6,0,0,0,0,32,987,27,56,0,13,0,4,0,0,0,0,0,0,0,0,131,0,1,36,113,0,0,0,0,0,0,0,0,0,0,0,0,0,10,304,0,0,0,128,0,0,0,0,0,0,0,0,143,70,0,95,0,0,0,0,0,0,0,0,0,0,0,0,297,33,0,37,19,0,0,0,0,0,0,0,0,0,0,0,25,3,0,16,0,0,1,0,8,0,0,12,0,0,0,0,634,22,22,69,11,14,0,3,200,0,0,39,0,0,0,0,57,7,0,197,36,0,0,2,0,4,0,0,0,0,0,109,1,0,21,18,1,0,0,4,0,0,0,0,0,0,0,0,11,0,0,4,0,0,0,3,0,0,0,0,0,0,0,0,1997,980,454,1290,36,14,13,418,220,0,0,53,2,35,0,168,291,12,125,93,0,0,4,2,1,0,0,6,0,0,0,2,2737,584,696,1671,500,112,464,192,41,504,66,270,0,0,0,4,198,11,6,204,183,10,17,25,0,0,2,11,0,0,0,0,4521,881,1855,2447,410,134,212,76,424,5,163,0,342,3,0,260,4360,2192,2323,6469,367,5,575,1028,33,20,379,271,376,0,0,5,0,16,3,4,0,0,0,6,2,0,0,0,0,0,0,0,753,34,12,115,19,1,0,22,1,0,0,2,0,0,0,0,371,6,8,30,184,3,3,4,5,1,13,13,4,2,0,10,1350,1292,535,417,501,183,6,5,13,2,12,5,5,0,2,0,755,14,19,574,173,282,2,121,11,158,2,8,57,37,0,5,119,74,2,251,29,0,0,17,0,2,0,41,16,1,0,8,545,23,4,223,0,17,0,0,0,0,0,0,0,3,0,0,0,0,0,0,14,0,0,0,0,0,0,0,0,0,0,0,0,111,12,16,0,0,0,0,0,0,0,0,0,0,0,0,5924,2800,1757,6757,186,47,8,817,62,3,54,123,496,171,0,830,1359,433,123,1430,2,20,11,262,21,0,0,195,101,7,1,56,1943,876,1149,2968,287,5,14,1214,133,17,3,360,124,63,6,237,462,16,0,134,0,0,0,0,0,0,0,0,0,6,0,11,5722,2689,1731,7113,292,0,3,340,620,216,475,720,213,64,37,158,0,0,3,26,0,162,0,5,0,0,0,0,0,0,0,0,231,0,3,15,0,0,0,0,3,0,0,1,0,0,0,0,3338,890,261,874,466,26,30,270,35,0,16,183,6,305,0,59,1176,434,440,706,124,22,0,30,97,2,4,88,25,3,0
0,22,0,242,133,0,0,0,0,0,0,0,0,0,0,0,0,436,0,0,128,5,153,0,22,0,0,0,0,0,0,0,0,12,75,25,57,0,0,0,0,0,2,0,0,0,0,4,19,294,240,228,307,32,285,8,20,0,0,0,0,0,0,0,0,22,22,14,38,0,12,0,0,0,0,8,0,0,0,0,0,15,114,0,7,0,0,0,13,0,0,0,0,0,0,0,0,545,24,81,55,173,53,13,13,0,0,0,0,0,0,0,0,62,53,0,83,0,0,0,9,0,0,0,0,0,0,0,9,265,7,1,36,2,0,0,0,0,3,0,0,0,0,0,0,0,4,0,0,0,0,0,0,0,0,0,0,0,0,0,0,712,155,0,3,0,0,0,2,0,0,0,0,0,0,0,0,256,477,2,151,0,0,0,49,0,0,0,8,0,8,0,0,0,0,0,0,0,0,0,0,0,0,0,0,0,0,0,1,15,1,26,34,0,0,0,26,6,10,0,90,0,0,0,0,159,12,6,54,0,1,0,0,2,2,0,6,14,0,0,5,0,13,0,0,0,0,0,0,7,0,0,0,0,0,0,0,441,20,0,31,0,5,0,0,6,0,0,1,0,0,0,0,19,18,0,35,0,0,0,1,23,1,0,0,0,1,0,9,55,22,10,89,8,0,0,1,0,0,0,0,17,0,0,0,3,1,3,0,1,1,0,0,0,0,0,0,0,0,0,0,4,168,101,57,0,0,0,0,0,6,0,0,0,0,0,0,8,1,1,115,11,65,2,14,16,0,0,0,0,0,0,0,140,44,2,121,0,0,0,5,0,0,0,0,0,0,0,0,9,0,0,3,0,0,0,0,0,0,0,0,13,0,0,0,36,4,2,36,0,0,10,6,0,0,0,4,0,0,0,64,24,1,0,19,0,0,0,109,0,0,0,1,0,0,0,2,35,8,0,10,1,0,0,0,0,1,0,0,0,0,0,0,0,0,0,17,0,0,0,0,0,0,0,0,0,0,0,0,0,0,0,0,0,0,0,2,0,0,0,0,0,0,2,0,39,39,16,156,0,0,0,0,0,0,0,6,0,0,0,0,32,987,27,56,0,13,0,4,0,0,0,0,0,0,0,0,131,0,1,36,113,0,0,0,0,0,0,0,0,0,0,0,0,0,10,304,0,0,0,128,0,0,0,0,0,0,0,0,143,70,0,95,0,0,0,0,0,0,0,0,0,0,0,0,297,33,0,37,19,0,0,0,0,0,0,0,0,0,0,0,25,3,0,16,0,0,1,0,8,0,0,12,0,0,0,0,634,22,22,69,11,14,0,3,200,0,0,39,0,0,0,0,57,7,0,197,36,0,0,2,0,4,0,0,0,0,0,109,1,0,21,18,1,0,0,4,0,0,0,0,0,0,0,0,11,0,0,4,0,0,0,3,0,0,0,0,0,0,0,0,1997,980,454,1290,36,14,13,418,220,0,0,53,2,35,0,168,291,12,125,93,0,0,4,2,1,0,0,6,0,0,0,2,2737,584,696,1671,500,112,464,192,41,504,66,270,0,0,0,4,198,11,6,204,183,10,17,25,0,0,2,11,0,0,0,0,4523,881,1855,2447,410,134,212,76,424,5,163,0,342,3,0,260,4361,2193,2323,6469,367,5,575,1028,33,20,379,271,376,0,0,5,0,16,3,4,0,0,0,6,2,0,0,0,0,0,0,0,753,34,12,115,19,1,0,22,1,0,0,2,0,0,0,0,371,6,8,30,184,3,3,4,5,1,13,13,4,2,0,10,1350,1292,535,417,501,183,6,5,13,2,12,5,5,0,2,0,755,14,19,574,173,282,2,121,11,158,2,8,57,37,0,5,119,74,2,251,29,0,0,17,0,2,0,41,16,1,0,8,545,23,4,223,0,17,0,0,0,0,0,0,0,3,0,0,0,0,0,0,14,0,0,0,0,0,0,0,0,0,0,0,0,111,12,16,0,0,0,0,0,0,0,0,0,0,0,0,5924,2800,1757,6757,186,47,8,817,62,3,54,123,496,171,0,830,1359,433,123,1430,2,20,11,262,21,0,0,195,101,7,1,56,1943,876,1149,2968,287,5,14,1214,133,17,3,360,124,63,6,237,462,16,0,134,0,0,0,0,0,0,0,0,0,6,0,11,5724,2689,1731,7113,292,0,3,340,620,216,475,720,213,64,37,158,0,0,3,26,0,162,0,5,0,0,0,0,0,0,0,0,231,0,3,15,0,0,0,0,3,0,0,1,0,0,0,0,3338,890,261,874,466,26,30,270,35,0,16,183,6,305,0,59,1176,434,440,706,124,22,0,30,97,2,4,88,25,3,0
0,22,0,242,133,0,0,0,0,0,0,0,0,0,0,0,0,436,0,0,128,5,153,0,22,0,0,0,0,0,0,0,0,12,75,25,57,0,0,0,0,0,2,0,0,0,0,4,19,294,240,228,307,32,285,8,20,0,0,0,0,0,0,0,0,22,22,14,38,0,12,0,0,0,0,8,0,0,0,0,0,15,114,0,7,0,0,0,13,0,0,0,0,0,0,0,0,545,24,81,55,173,53,13,13,0,0,0,0,0,0,0,0,62,53,0,83,0,0,0,9,0,0,0,0,0,0,0,9,265,7,1,36,2,0,0,0,0,3,0,0,0,0,0,0,0,4,0,0,0,0,0,0,0,0,0,0,0,0,0,0,712,155,0,3,0,0,0,2,0,0,0,0,0,0,0,0,256,477,2,151,0,0,0,49,0,0,0,8,0,8,0,0,0,0,0,0,0,0,0,0,0,0,0,0,0,0,0,1,15,1,26,34,0,0,0,26,6,10,0,90,0,0,0,0,159,12,6,54,0,1,0,0,2,2,0,6,14,0,0,5,0,13,0,0,0,0,0,0,7,0,0,0,0,0,0,0,441,20,0,31,0,5,0,0,6,0,0,1,0,0,0,0,19,18,0,35,0,0,0,1,23,1,0,0,0,1,0,9,55,22,10,89,8,0,0,1,0,0,0,0,17,0,0,0,3,1,3,0,1,1,0,0,0,0,0,0,0,0,0,0,4,168,101,57,0,0,0,0,0,6,0,0,0,0,0,0,8,1,1,115,11,65,2,14,16,0,0,0,0,0,0,0,140,44,2,121,0,0,0,5,0,0,0,0,0,0,0,0,9,0,0,3,0,0,0,0,0,0,0,0,13,0,0,0,36,4,2,36,0,0,10,6,0,0,0,4,0,0,0,64,24,1,0,19,0,0,0,109,0,0,0,1,0,0,0,2,35,8,0,10,1,0,0,0,0,1,0,0,0,0,0,0,0,0,0,17,0,0,0,0,0,0,0,0,0,0,0,0,0,0,0,0,0,0,0,2,0,0,0,0,0,0,2,0,39,39,16,156,0,0,0,0,0,0,0,6,0,0,0,0,32,987,27,56,0,13,0,4,0,0,0,0,0,0,0,0,131,0,1,36,113,0,0,0,0,0,0,0,0,0,0,0,0,0,10,304,0,0,0,128,0,0,0,0,0,0,0,0,143,70,0,95,0,0,0,0,0,0,0,0,0,0,0,0,297,33,0,37,19,0,0,0,0,0,0,0,0,0,0,0,25,3,0,16,0,0,1,0,8,0,0,12,0,0,0,0,634,22,22,69,11,14,0,3,200,0,0,39,0,0,0,0,57,7,0,197,36,0,0,2,0,4,0,0,0,0,0,109,1,0,21,18,1,0,0,4,0,0,0,0,0,0,0,0,11,0,0,4,0,0,0,3,0,0,0,0,0,0,0,0,1997,980,454,1290,36,14,13,418,220,0,0,53,2,35,0,168,291,12,125,93,0,0,4,2,1,0,0,6,0,0,0,2,2737,584,696,1671,500,112,464,192,41,504,66,270,0,0,0,4,198,11,6,204,183,10,17,25,0,0,2,11,0,0,0,0,4521,881,1855,2447,410,134,212,76,424,5,163,0,342,3,0,260,4360,2192,2323,6469,367,5,575,1028,33,20,379,271,376,0,0,5,0,16,3,4,0,0,0,6,2,0,0,0,0,0,0,0,753,34,12,115,19,1,0,22,1,0,0,2,0,0,0,0,371,6,8,30,184,3,3,4,5,1,13,13,4,2,0,10,1350,1292,535,417,501,183,6,5,13,2,12,5,5,0,2,0,755,14,19,574,173,282,2,121,11,158,2,8,57,37,0,5,119,74,2,251,29,0,0,17,0,2,0,41,16,1,0,8,545,23,4,223,0,17,0,0,0,0,0,0,0,3,0,0,0,0,0,0,14,0,0,0,0,0,0,0,0,0,0,0,0,111,12,16,0,0,0,0,0,0,0,0,0,0,0,0,5924,2800,1757,6757,186,47,8,817,62,3,54,123,496,171,0,830,1359,433,123,1430,2,20,11,262,21,0,0,195,101,7,1,56,1943,876,1149,2968,287,5,14,1214,133,17,3,360,124,63,6,237,462,16,0,134,0,0,0,0,0,0,0,0,0,6,0,11,5722,2689,1731,7113,292,0,3,340,620,216,475,720,213,64,37,158,0,0,3,26,0,162,0,5,0,0,0,0,0,0,0,0,231,0,3,15,0,0,0,0,3,0,0,1,0,0,0,0,3338,890,261,874,466,26,30,270,35,0,16,183,6,305,0,59,1176,434,440,706,124,22,0,30,97,2,4,88,25,3,0
0,22,0,242,133,0,0,0,0,0,0,0,0,0,0,0,0,436,0,0,128,5,153,0,22,0,0,0,0,0,0,0,0,12,75,25,57,0,0,0,0,0,2,0,0,0,0,4,19,294,240,228,307,32,285,8,20,0,0,0,0,0,0,0,0,22,22,14,38,0,12,0,0,0,0,8,0,0,0,0,0,15,114,0,7,0,0,0,13,0,0,0,0,0,0,0,0,545,24,81,55,173,53,13,13,0,0,0,0,0,0,0,0,62,53,0,83,0,0,0,9,0,0,0,0,0,0,0,9,265,7,1,36,2,0,0,0,0,3,0,0,0,0,0,0,0,4,0,0,0,0,0,0,0,0,0,0,0,0,0,0,712,155,0,3,0,0,0,2,0,0,0,0,0,0,0,0,256,477,2,151,0,0,0,49,0,0,0,8,0,8,0,0,0,0,0,0,0,0,0,0,0,0,0,0,0,0,0,1,15,1,26,34,0,0,0,26,6,10,0,90,0,0,0,0,159,12,6,54,0,1,0,0,2,2,0,6,14,0,0,5,0,13,0,0,0,0,0,0,7,0,0,0,0,0,0,0,441,20,0,31,0,5,0,0,6,0,0,1,0,0,0,0,19,18,0,35,0,0,0,1,23,1,0,0,0,1,0,9,55,22,10,89,8,0,0,1,0,0,0,0,17,0,0,0,3,1,3,0,1,1,0,0,0,0,0,0,0,0,0,0,4,168,101,57,0,0,0,0,0,6,0,0,0,0,0,0,8,1,1,115,11,65,2,14,16,0,0,0,0,0,0,0,140,44,2,121,0,0,0,5,0,0,0,0,0,0,0,0,9,0,0,3,0,0,0,0,0,0,0,0,13,0,0,0,36,4,2,36,0,0,10,6,0,0,0,4,0,0,0,64,24,1,0,19,0,0,0,109,0,0,0,1,0,0,0,2,35,8,0,10,1,0,0,0,0,1,0,0,0,0,0,0,0,0,0,17,0,0,0,0,0,0,0,0,0,0,0,0,0,0,0,0,0,0,0,2,0,0,0,0,0,0,2,0,39,39,16,156,0,0,0,0,0,0,0,6,0,0,0,0,32,987,27,56,0,13,0,4,0,0,0,0,0,0,0,0,131,0,1,36,113,0,0,0,0,0,0,0,0,0,0,0,0,0,10,304,0,0,0,128,0,0,0,0,0,0,0,0,143,70,0,95,0,0,0,0,0,0,0,0,0,0,0,0,297,33,0,37,19,0,0,0,0,0,0,0,0,0,0,0,25,3,0,16,0,0,1,0,8,0,0,12,0,0,0,0,634,22,22,69,11,14,0,3,200,0,0,39,0,0,0,0,57,7,0,197,36,0,0,2,0,4,0,0,0,0,0,109,1,0,21,18,1,0,0,4,0,0,0,0,0,0,0,0,11,0,0,4,0,0,0,3,0,0,0,0,0,0,0,0,1997,980,454,1290,36,14,13,418,220,0,0,53,2,35,0,168,291,12,125,93,0,0,4,2,1,0,0,6,0,0,0,2,2737,584,696,1671,500,112,464,192,41,504,66,270,0,0,0,4,198,11,6,204,183,10,17,25,0,0,2,11,0,0,0,0,4523,881,1855,2447,410,134,212,76,424,5,163,0,342,3,0,260,4361,2193,2323,6469,367,5,575,1028,33,20,379,271,376,0,0,5,0,16,3,4,0,0,0,6,2,0,0,0,0,0,0,0,753,34,12,115,19,1,0,22,1,0,0,2,0,0,0,0,371,6,8,30,184,3,3,4,5,1,13,13,4,2,0,10,1350,1292,535,417,501,183,6,5,13,2,12,5,5,0,2,0,755,14,19,574,173,282,2,121,11,158,2,8,57,37,0,5,119,74,2,251,29,0,0,17,0,2,0,41,16,1,0,8,545,23,4,223,0,17,0,0,0,0,0,0,0,3,0,0,0,0,0,0,14,0,0,0,0,0,0,0,0,0,0,0,0,111,12,16,0,0,0,0,0,0,0,0,0,0,0,0,5924,2800,1757,6757,186,47,8,817,62,3,54,123,496,171,0,830,1359,433,123,1430,2,20,11,262,21,0,0,195,101,7,1,56,1943,876,1149,2968,287,5,14,1214,133,17,3,360,124,63,6,237,462,16,0,134,0,0,0,0,0,0,0,0,0,6,0,11,5724,2689,1731,7113,292,0,3,340,620,216,475,720,213,64,37,158,0,0,3,26,0,162,0,5,0,0,0,0,0,0,0,0,231,0,3,15,0,0,0,0,3,0,0,1,0,0,0,0,3338,890,261,874,466,26,30,270,35,0,16,183,6,305,0,59,1176,434,440,706,124,22,0,30,97,2,4,88,25,3,0
0,22,0,242,133,0,0,0,0,0,0,0,0,0,0,0,0,436,0,0,128,5,153,0,22,0,0,0,0,0,0,0,0,12,75,25,57,0,0,0,0,0,2,0,0,0,0,4,19,294,240,228,307,32,285,8,20,0,0,0,0,0,0,0,0,22,22,14,38,0,12,0,0,0,0,8,0,0,0,0,0,15,114,0,7,0,0,0,13,0,0,0,0,0,0,0,0,545,24,81,55,173,53,13,13,0,0,0,0,0,0,0,0,62,53,0,83,0,0,0,9,0,0,0,0,0,0,0,9,265,7,1,36,2,0,0,0,0,3,0,0,0,0,0,0,0,4,0,0,0,0,0,0,0,0,0,0,0,0,0,0,712,155,0,3,0,0,0,2,0,0,0,0,0,0,0,0,256,477,2,151,0,0,0,49,0,0,0,8,0,8,0,0,0,0,0,0,0,0,0,0,0,0,0,0,0,0,0,1,15,1,26,34,0,0,0,26,6,10,0,90,0,0,0,0,159,12,6,54,0,1,0,0,2,2,0,6,14,0,0,5,0,13,0,0,0,0,0,0,7,0,0,0,0,0,0,0,441,20,0,31,0,5,0,0,6,0,0,1,0,0,0,0,19,18,0,35,0,0,0,1,23,1,0,0,0,1,0,9,55,22,10,89,8,0,0,1,0,0,0,0,17,0,0,0,3,1,3,0,1,1,0,0,0,0,0,0,0,0,0,0,4,168,101,57,0,0,0,0,0,6,0,0,0,0,0,0,8,1,1,115,11,65,2,14,16,0,0,0,0,0,0,0,140,44,2,121,0,0,0,5,0,0,0,0,0,0,0,0,9,0,0,3,0,0,0,0,0,0,0,0,13,0,0,0,36,4,2,36,0,0,10,6,0,0,0,4,0,0,0,64,24,1,0,19,0,0,0,109,0,0,0,1,0,0,0,2,35,8,0,10,1,0,0,0,0,1,0,0,0,0,0,0,0,0,0,17,0,0,0,0,0,0,0,0,0,0,0,0,0,0,0,0,0,0,0,2,0,0,0,0,0,0,2,0,39,39,16,156,0,0,0,0,0,0,0,6,0,0,0,0,32,987,27,56,0,13,0,4,0,0,0,0,0,0,0,0,131,0,1,36,113,0,0,0,0,0,0,0,0,0,0,0,0,0,10,304,0,0,0,128,0,0,0,0,0,0,0,0,143,70,0,95,0,0,0,0,0,0,0,0,0,0,0,0,297,33,0,37,19,0,0,0,0,0,0,0,0,0,0,0,25,3,0,16,0,0,1,0,8,0,0,12,0,0,0,0,634,22,22,69,11,14,0,3,200,0,0,39,0,0,0,0,57,7,0,197,36,0,0,2,0,4,0,0,0,0,0,109,1,0,21,18,1,0,0,4,0,0,0,0,0,0,0,0,11,0,0,4,0,0,0,3,0,0,0,0,0,0,0,0,1997,980,454,1290,36,14,13,418,220,0,0,53,2,35,0,168,291,12,125,93,0,0,4,2,1,0,0,6,0,0,0,2,2737,584,696,1671,500,112,464,192,41,504,66,270,0,0,0,4,198,11,6,204,183,10,17,25,0,0,2,11,0,0,0,0,4521,881,1855,2448,410,134,212,76,424,5,163,0,342,3,0,260,4361,2192,2323,6470,367,5,575,1028,33,20,379,271,376,0,0,5,0,16,3,4,0,0,0,6,2,0,0,0,0,0,0,0,753,34,12,115,19,1,0,22,1,0,0,2,0,0,0,0,371,6,8,30,184,3,3,4,5,1,13,13,4,2,0,10,1350,1292,535,417,501,183,6,5,13,2,12,5,5,0,2,0,755,14,19,574,173,282,2,121,11,158,2,8,57,37,0,5,119,74,2,251,29,0,0,17,0,2,0,41,16,1,0,8,545,23,4,223,0,17,0,0,0,0,0,0,0,3,0,0,0,0,0,0,14,0,0,0,0,0,0,0,0,0,0,0,0,111,12,16,0,0,0,0,0,0,0,0,0,0,0,0,5924,2800,1757,6757,186,47,8,817,62,3,54,123,496,171,0,830,1359,433,123,1430,2,20,11,262,21,0,0,195,101,7,1,56,1943,876,1149,2969,287,5,14,1214,133,17,3,360,124,63,6,237,462,16,0,134,0,0,0,0,0,0,0,0,0,6,0,11,5722,2691,1731,7115,292,0,3,340,620,216,475,720,213,64,37,158,0,0,3,26,0,162,0,5,0,0,0,0,0,0,0,0,231,0,3,15,0,0,0,0,3,0,0,1,0,0,0,0,3338,890,261,874,466,26,30,270,35,0,16,183,6,305,0,59,1176,434,440,706,124,22,0,30,97,2,4,88,25,3,0
0,22,0,242,133,0,0,0,0,0,0,0,0,0,0,0,0,436,0,0,128,5,153,0,22,0,0,0,0,0,0,0,0,12,75,25,57,0,0,0,0,0,2,0,0,0,0,4,19,294,240,228,307,32,285,8,20,0,0,0,0,0,0,0,0,22,22,14,38,0,12,0,0,0,0,8,0,0,0,0,0,15,114,0,7,0,0,0,13,0,0,0,0,0,0,0,0,545,24,81,55,173,53,13,13,0,0,0,0,0,0,0,0,62,53,0,83,0,0,0,9,0,0,0,0,0,0,0,9,265,7,1,36,2,0,0,0,0,3,0,0,0,0,0,0,0,4,0,0,0,0,0,0,0,0,0,0,0,0,0,0,712,155,0,3,0,0,0,2,0,0,0,0,0,0,0,0,256,477,2,151,0,0,0,49,0,0,0,8,0,8,0,0,0,0,0,0,0,0,0,0,0,0,0,0,0,0,0,1,15,1,26,34,0,0,0,26,6,10,0,90,0,0,0,0,159,12,6,54,0,1,0,0,2,2,0,6,14,0,0,5,0,13,0,0,0,0,0,0,7,0,0,0,0,0,0,0,441,20,0,31,0,5,0,0,6,0,0,1,0,0,0,0,19,18,0,35,0,0,0,1,23,1,0,0,0,1,0,9,55,22,10,89,8,0,0,1,0,0,0,0,17,0,0,0,3,1,3,0,1,1,0,0,0,0,0,0,0,0,0,0,4,168,101,57,0,0,0,0,0,6,0,0,0,0,0,0,8,1,1,115,11,65,2,14,16,0,0,0,0,0,0,0,140,44,2,121,0,0,0,5,0,0,0,0,0,0,0,0,9,0,0,3,0,0,0,0,0,0,0,0,13,0,0,0,36,4,2,36,0,0,10,6,0,0,0,4,0,0,0,64,24,1,0,19,0,0,0,109,0,0,0,1,0,0,0,2,35,8,0,10,1,0,0,0,0,1,0,0,0,0,0,0,0,0,0,17,0,0,0,0,0,0,0,0,0,0,0,0,0,0,0,0,0,0,0,2,0,0,0,0,0,0,2,0,39,39,16,156,0,0,0,0,0,0,0,6,0,0,0,0,32,988,27,56,0,13,0,4,0,0,0,0,0,0,0,0,131,0,1,36,113,0,0,0,0,0,0,0,0,0,0,0,0,0,10,304,0,0,0,128,0,0,0,0,0,0,0,0,143,70,0,95,0,0,0,0,0,0,0,0,0,0,0,0,297,33,0,37,19,0,0,0,0,0,0,0,0,0,0,0,25,3,0,16,0,0,1,0,8,0,0,12,0,0,0,0,634,22,22,69,11,14,0,3,200,0,0,39,0,0,0,0,57,7,0,197,36,0,0,2,0,4,0,0,0,0,0,109,1,0,21,18,1,0,0,4,0,0,0,0,0,0,0,0,11,0,0,4,0,0,0,3,0,0,0,0,0,0,0,0,1997,980,454,1290,36,14,13,418,220,0,0,53,2,35,0,168,291,12,125,93,0,0,4,2,1,0,0,6,0,0,0,2,2738,584,696,1671,500,112,465,192,41,505,66,270,0,0,0,4,198,11,6,204,183,10,17,25,0,0,2,11,0,0,0,0,4522,881,1855,2447,410,134,212,76,424,5,163,0,342,3,0,260,4360,2192,2324,6469,367,5,576,1029,33,20,379,271,376,0,0,5,0,16,3,4,0,0,0,6,2,0,0,0,0,0,0,0,753,34,12,115,19,1,0,22,1,0,0,2,0,0,0,0,371,6,8,30,184,3,3,4,5,1,13,13,4,2,0,10,1350,1293,535,417,501,183,6,5,13,2,12,5,5,0,2,0,756,14,19,575,173,282,2,121,11,158,2,8,57,37,0,5,119,74,2,251,29,0,0,17,0,2,0,41,16,1,0,8,545,23,4,223,0,17,0,0,0,0,0,0,0,3,0,0,0,0,0,0,14,0,0,0,0,0,0,0,0,0,0,0,0,111,12,16,0,0,0,0,0,0,0,0,0,0,0,0,5926,2800,1758,6759,186,47,8,818,62,3,54,123,496,171,0,830,1359,433,123,1430,2,20,11,262,21,0,0,195,101,7,1,56,1944,876,1149,2968,287,5,14,1216,133,17,3,360,124,63,6,237,462,16,0,134,0,0,0,0,0,0,0,0,0,6,0,11,5722,2689,1731,7114,292,0,3,340,620,216,475,720,213,64,37,158,0,0,3,26,0,162,0,5,0,0,0,0,0,0,0,0,231,0,3,15,0,0,0,0,3,0,0,1,0,0,0,0,3338,890,261,874,466,26,30,270,35,0,16,183,6,305,0,59,1176,434,440,706,124,22,0,30,97,2,4,88,25,3,0
0,22,0,242,133,0,0,0,0,0,0,0,0,0,0,0,0,436,0,0,128,5,153,0,22,0,0,0,0,0,0,0,0,12,75,25,57,0,0,0,0,0,2,0,0,0,0,4,19,294,240,228,307,32,285,8,20,0,0,0,0,0,0,0,0,22,22,14,38,0,12,0,0,0,0,8,0,0,0,0,0,15,114,0,7,0,0,0,13,0,0,0,0,0,0,0,0,545,24,81,55,173,53,13,13,0,0,0,0,0,0,0,0,62,53,0,83,0,0,0,9,0,0,0,0,0,0,0,9,266,7,1,36,2,0,0,0,0,3,0,0,0,0,0,0,0,4,0,0,0,0,0,0,0,0,0,0,0,0,0,0,712,155,0,3,0,0,0,2,0,0,0,0,0,0,0,0,256,477,2,151,0,0,0,49,0,0,0,8,0,8,0,0,0,0,0,0,0,0,0,0,0,0,0,0,0,0,0,1,15,1,26,34,0,0,0,26,6,10,0,90,0,0,0,0,159,12,6,54,0,1,0,0,2,2,0,6,14,0,0,5,0,13,0,0,0,0,0,0,7,0,0,0,0,0,0,0,441,20,0,31,0,5,0,0,6,0,0,1,0,0,0,0,19,18,0,35,0,0,0,1,23,1,0,0,0,1,0,9,55,22,10,89,8,0,0,1,0,0,0,0,17,0,0,0,3,1,3,0,1,1,0,0,0,0,0,0,0,0,0,0,4,168,101,57,0,0,0,0,0,6,0,0,0,0,0,0,8,1,1,115,11,65,2,14,16,0,0,0,0,0,0,0,140,44,2,121,0,0,0,5,0,0,0,0,0,0,0,0,9,0,0,3,0,0,0,0,0,0,0,0,13,0,0,0,36,4,2,36,0,0,10,6,0,0,0,4,0,0,0,64,24,1,0,19,0,0,0,109,0,0,0,1,0,0,0,2,35,8,0,10,1,0,0,0,0,1,0,0,0,0,0,0,0,0,0,17,0,0,0,0,0,0,0,0,0,0,0,0,0,0,0,0,0,0,0,2,0,0,0,0,0,0,2,0,39,39,16,156,0,0,0,0,0,0,0,6,0,0,0,0,32,987,27,56,0,13,0,4,0,0,0,0,0,0,0,0,131,0,1,36,113,0,0,0,0,0,0,0,0,0,0,0,0,0,10,304,0,0,0,128,0,0,0,0,0,0,0,0,143,70,0,95,0,0,0,0,0,0,0,0,0,0,0,0,297,33,0,37,19,0,0,0,0,0,0,0,0,0,0,0,25,3,0,16,0,0,1,0,8,0,0,12,0,0,0,0,634,22,22,69,11,14,0,3,200,0,0,39,0,0,0,0,57,7,0,197,36,0,0,2,0,4,0,0,0,0,0,109,1,0,21,18,1,0,0,4,0,0,0,0,0,0,0,0,11,0,0,4,0,0,0,3,0,0,0,0,0,0,0,0,1997,980,454,1290,36,14,13,418,220,0,0,53,2,35,0,168,291,12,125,93,0,0,4,2,1,0,0,6,0,0,0,2,2737,584,696,1671,500,112,464,192,41,504,66,270,0,0,0,4,198,11,6,204,183,10,17,25,0,0,2,11,0,0,0,0,4521,881,1855,2447,410,134,212,76,424,5,163,0,342,3,0,260,4360,2194,2324,6472,367,5,576,1028,33,20,379,272,376,0,0,5,0,16,3,4,0,0,0,6,2,0,0,0,0,0,0,0,753,34,12,115,19,1,0,22,1,0,0,2,0,0,0,0,371,6,8,30,184,3,3,4,5,1,13,13,4,2,0,10,1350,1292,535,417,501,183,6,5,13,2,12,5,5,0,2,0,755,14,19,574,173,282,2,121,11,158,2,8,57,37,0,5,119,74,2,251,29,0,0,17,0,2,0,41,16,1,0,8,545,23,4,223,0,17,0,0,0,0,0,0,0,3,0,0,0,0,0,0,14,0,0,0,0,0,0,0,0,0,0,0,0,111,12,16,0,0,0,0,0,0,0,0,0,0,0,0,5924,2800,1757,6757,186,47,8,817,62,3,54,123,496,171,0,830,1359,433,123,1430,2,20,11,262,21,0,0,195,101,7,1,56,1943,878,1149,2968,287,5,14,1214,133,17,3,362,124,63,6,237,462,16,0,134,0,0,0,0,0,0,0,0,0,6,0,11,5722,2689,1731,7117,292,0,3,340,621,216,476,720,213,64,37,158,0,0,3,26,0,163,0,5,0,0,0,0,0,0,0,0,231,0,3,15,0,0,0,0,3,0,0,1,0,0,0,0,3338,890,261,874,466,26,30,270,35,0,16,183,6,305,0,59,1176,434,440,706,124,22,0,30,97,2,4,88,25,3,0
0,22,0,242,133,0,0,0,0,0,0,0,0,0,0,0,0,436,0,0,128,5,153,0,22,0,0,0,0,0,0,0,0,12,75,25,57,0,0,0,0,0,2,0,0,0,0,4,19,294,240,228,307,32,285,8,20,0,0,0,0,0,0,0,0,22,22,14,38,0,12,0,0,0,0,8,0,0,0,0,0,15,114,0,7,0,0,0,13,0,0,0,0,0,0,0,0,545,24,81,55,173,53,13,13,0,0,0,0,0,0,0,0,62,53,0,83,0,0,0,9,0,0,0,0,0,0,0,9,265,7,1,36,2,0,0,0,0,3,0,0,0,0,0,0,0,4,0,0,0,0,0,0,0,0,0,0,0,0,0,0,712,155,0,3,0,0,0,2,0,0,0,0,0,0,0,0,256,477,2,151,0,0,0,49,0,0,0,8,0,8,0,0,0,0,0,0,0,0,0,0,0,0,0,0,0,0,0,1,15,1,26,34,0,0,0,26,6,10,0,90,0,0,0,0,159,12,6,54,0,1,0,0,2,2,0,6,14,0,0,5,0,13,0,0,0,0,0,0,7,0,0,0,0,0,0,0,441,20,0,31,0,5,0,0,6,0,0,1,0,0,0,0,19,18,0,35,0,0,0,1,23,1,0,0,0,1,0,9,55,22,10,89,8,0,0,1,0,0,0,0,17,0,0,0,3,1,3,0,1,1,0,0,0,0,0,0,0,0,0,0,4,168,101,57,0,0,0,0,0,6,0,0,0,0,0,0,8,1,1,115,11,65,2,14,16,0,0,0,0,0,0,0,140,44,2,121,0,0,0,5,0,0,0,0,0,0,0,0,9,0,0,3,0,0,0,0,0,0,0,0,13,0,0,0,36,4,2,36,0,0,10,6,0,0,0,4,0,0,0,64,24,1,0,19,0,0,0,109,0,0,0,1,0,0,0,2,35,8,0,10,1,0,0,0,0,1,0,0,0,0,0,0,0,0,0,17,0,0,0,0,0,0,0,0,0,0,0,0,0,0,0,0,0,0,0,2,0,0,0,0,0,0,2,0,39,39,16,156,0,0,0,0,0,0,0,6,0,0,0,0,32,987,27,56,0,13,0,4,0,0,0,0,0,0,0,0,131,0,1,36,113,0,0,0,0,0,0,0,0,0,0,0,0,0,10,304,0,0,0,128,0,0,0,0,0,0,0,0,143,70,0,95,0,0,0,0,0,0,0,0,0,0,0,0,297,33,0,37,19,0,0,0,0,0,0,0,0,0,0,0,25,3,0,16,0,0,1,0,8,0,0,12,0,0,0,0,634,22,22,69,11,14,0,3,200,0,0,39,0,0,0,0,57,7,0,197,36,0,0,2,0,4,0,0,0,0,0,109,1,0,21,18,1,0,0,4,0,0,0,0,0,0,0,0,11,0,0,4,0,0,0,3,0,0,0,0,0,0,0,0,1997,980,454,1290,36,14,13,418,220,0,0,53,2,35,0,168,291,12,125,93,0,0,4,2,1,0,0,6,0,0,0,2,2737,584,696,1671,500,112,464,192,41,504,66,270,0,0,0,4,198,11,6,204,183,10,17,25,0,0,2,11,0,0,0,0,4523,881,1855,2447,410,134,212,76,424,5,163,0,342,3,0,260,4361,2193,2323,6469,367,5,575,1028,33,20,379,271,376,0,0,5,0,16,3,4,0,0,0,6,2,0,0,0,0,0,0,0,753,34,12,115,19,1,0,22,1,0,0,2,0,0,0,0,371,6,8,30,184,3,3,4,5,1,13,13,4,2,0,10,1350,1292,535,417,501,183,6,5,13,2,12,5,5,0,2,0,755,14,19,574,173,282,2,121,11,158,2,8,57,37,0,5,119,74,2,251,29,0,0,17,0,2,0,41,16,1,0,8,545,23,4,223,0,17,0,0,0,0,0,0,0,3,0,0,0,0,0,0,14,0,0,0,0,0,0,0,0,0,0,0,0,111,12,16,0,0,0,0,0,0,0,0,0,0,0,0,5924,2800,1757,6757,186,47,8,817,62,3,54,123,496,171,0,830,1359,433,123,1430,2,20,11,262,21,0,0,195,101,7,1,56,1943,876,1149,2968,287,5,14,1214,133,17,3,360,124,63,6,237,462,16,0,134,0,0,0,0,0,0,0,0,0,6,0,11,5724,2689,1731,7113,292,0,3,340,620,216,475,720,213,64,37,158,0,0,3,26,0,162,0,5,0,0,0,0,0,0,0,0,231,0,3,15,0,0,0,0,3,0,0,1,0,0,0,0,3338,890,261,874,466,26,30,270,35,0,16,183,6,305,0,59,1176,434,440,706,124,22,0,30,97,2,4,88,25,3,0
0,22,0,242,133,0,0,0,0,0,0,0,0,0,0,0,0,436,0,0,128,5,153,0,22,0,0,0,0,0,0,0,0,12,75,25,57,0,0,0,0,0,2,0,0,0,0,4,19,294,240,228,307,32,285,8,20,0,0,0,0,0,0,0,0,22,22,14,38,0,12,0,0,0,0,8,0,0,0,0,0,15,114,0,7,0,0,0,13,0,0,0,0,0,0,0,0,545,24,81,55,173,53,13,13,0,0,0,0,0,0,0,0,62,53,0,83,0,0,0,9,0,0,0,0,0,0,0,9,265,7,1,36,2,0,0,0,0,3,0,0,0,0,0,0,0,4,0,0,0,0,0,0,0,0,0,0,0,0,0,0,712,155,0,3,0,0,0,2,0,0,0,0,0,0,0,0,256,477,2,151,0,0,0,49,0,0,0,8,0,8,0,0,0,0,0,0,0,0,0,0,0,0,0,0,0,0,0,1,15,1,26,34,0,0,0,26,6,10,0,90,0,0,0,0,159,12,6,54,0,1,0,0,2,2,0,6,14,0,0,5,0,13,0,0,0,0,0,0,7,0,0,0,0,0,0,0,441,20,0,31,0,5,0,0,6,0,0,1,0,0,0,0,19,18,0,35,0,0,0,1,23,1,0,0,0,1,0,9,55,22,10,89,8,0,0,1,0,0,0,0,17,0,0,0,3,1,3,0,1,1,0,0,0,0,0,0,0,0,0,0,4,168,101,57,0,0,0,0,0,6,0,0,0,0,0,0,8,1,1,115,11,65,2,14,16,0,0,0,0,0,0,0,140,44,2,121,0,0,0,5,0,0,0,0,0,0,0,0,9,0,0,3,0,0,0,0,0,0,0,0,13,0,0,0,36,4,2,36,0,0,10,6,0,0,0,4,0,0,0,64,24,1,0,19,0,0,0,109,0,0,0,1,0,0,0,2,35,8,0,10,1,0,0,0,0,1,0,0,0,0,0,0,0,0,0,17,0,0,0,0,0,0,0,0,0,0,0,0,0,0,0,0,0,0,0,2,0,0,0,0,0,0,2,0,39,39,16,156,0,0,0,0,0,0,0,6,0,0,0,0,32,987,27,56,0,13,0,4,0,0,0,0,0,0,0,0,131,0,1,36,113,0,0,0,0,0,0,0,0,0,0,0,0,0,10,304,0,0,0,128,0,0,0,0,0,0,0,0,143,70,0,95,0,0,0,0,0,0,0,0,0,0,0,0,297,33,0,37,19,0,0,0,0,0,0,0,0,0,0,0,25,3,0,16,0,0,1,0,8,0,0,12,0,0,0,0,634,22,22,69,11,14,0,3,200,0,0,39,0,0,0,0,57,7,0,197,36,0,0,2,0,4,0,0,0,0,0,109,1,0,21,18,1,0,0,4,0,0,0,0,0,0,0,0,11,0,0,4,0,0,0,3,0,0,0,0,0,0,0,0,1997,980,454,1290,36,14,13,418,220,0,0,53,2,35,0,168,291,12,125,93,0,0,4,2,1,0,0,6,0,0,0,2,2737,584,696,1671,500,112,464,192,41,504,66,270,0,0,0,4,198,11,6,204,183,10,17,25,0,0,2,11,0,0,0,0,4522,881,1855,2447,410,134,213,76,424,5,163,0,342,3,0,260,4360,2193,2323,6471,367,5,575,1028,33,20,379,271,376,0,0,5,0,16,3,4,0,0,0,6,2,0,0,0,0,0,0,0,753,34,12,115,19,1,0,22,1,0,0,2,0,0,0,0,371,6,8,30,184,3,3,4,5,1,13,13,4,2,0,10,1350,1292,535,417,501,183,6,5,13,2,12,5,5,0,2,0,755,14,19,574,173,282,2,121,11,158,2,8,57,37,0,5,119,74,2,251,29,0,0,17,0,2,0,41,16,1,0,8,545,23,4,223,0,17,0,0,0,0,0,0,0,3,0,0,0,0,0,0,14,0,0,0,0,0,0,0,0,0,0,0,0,111,12,16,0,0,0,0,0,0,0,0,0,0,0,0,5925,2800,1757,6758,186,47,8,817,62,3,54,123,496,171,0,830,1359,433,123,1430,2,20,11,262,21,0,0,195,101,7,1,56,1944,876,1150,2969,287,5,14,1214,133,17,3,360,124,63,6,237,462,16,0,134,0,0,0,0,0,0,0,0,0,6,0,11,5723,2689,1731,7117,292,0,3,340,620,216,475,720,213,64,37,158,0,0,3,26,0,162,0,5,0,0,0,0,0,0,0,0,231,0,3,15,0,0,0,0,3,0,0,1,0,0,0,0,3338,890,261,874,466,26,30,270,35,0,16,183,6,305,0,59,1176,434,440,706,124,22,0,30,97,2,4,88,25,3,0
0,22,0,242,133,0,0,0,0,0,0,0,0,0,0,0,0,436,0,0,128,5,153,0,22,0,0,0,0,0,0,0,0,12,75,25,57,0,0,0,0,0,2,0,0,0,0,4,19,294,240,228,307,32,285,8,20,0,0,0,0,0,0,0,0,22,22,14,38,0,12,0,0,0,0,8,0,0,0,0,0,15,114,0,7,0,0,0,13,0,0,0,0,0,0,0,0,545,24,81,55,173,53,13,13,0,0,0,0,0,0,0,0,62,53,0,83,0,0,0,9,0,0,0,0,0,0,0,9,265,7,1,36,2,0,0,0,0,3,0,0,0,0,0,0,0,4,0,0,0,0,0,0,0,0,0,0,0,0,0,0,712,155,0,3,0,0,0,2,0,0,0,0,0,0,0,0,256,477,2,151,0,0,0,49,0,0,0,8,0,8,0,0,0,0,0,0,0,0,0,0,0,0,0,0,0,0,0,1,15,1,26,34,0,0,0,26,6,10,0,90,0,0,0,0,159,12,6,54,0,1,0,0,2,2,0,6,14,0,0,5,0,13,0,0,0,0,0,0,7,0,0,0,0,0,0,0,441,20,0,31,0,5,0,0,6,0,0,1,0,0,0,0,19,18,0,35,0,0,0,1,23,1,0,0,0,1,0,9,55,22,10,89,8,0,0,1,0,0,0,0,17,0,0,0,3,1,3,0,1,1,0,0,0,0,0,0,0,0,0,0,4,168,101,57,0,0,0,0,0,6,0,0,0,0,0,0,8,1,1,115,11,65,2,14,16,0,0,0,0,0,0,0,140,44,2,121,0,0,0,5,0,0,0,0,0,0,0,0,9,0,0,3,0,0,0,0,0,0,0,0,13,0,0,0,36,4,2,36,0,0,10,6,0,0,0,4,0,0,0,64,24,1,0,19,0,0,0,109,0,0,0,1,0,0,0,2,35,8,0,10,1,0,0,0,0,1,0,0,0,0,0,0,0,0,0,17,0,0,0,0,0,0,0,0,0,0,0,0,0,0,0,0,0,0,0,2,0,0,0,0,0,0,2,0,39,39,16,156,0,0,0,0,0,0,0,6,0,0,0,0,32,987,27,56,0,13,0,4,0,0,0,0,0,0,0,0,131,0,1,36,113,0,0,0,0,0,0,0,0,0,0,0,0,0,10,304,0,0,0,128,0,0,0,0,0,0,0,0,143,70,0,95,0,0,0,0,0,0,0,0,0,0,0,0,297,33,0,37,19,0,0,0,0,0,0,0,0,0,0,0,25,3,0,16,0,0,1,0,8,0,0,12,0,0,0,0,634,22,22,69,11,14,0,3,200,0,0,39,0,0,0,0,57,7,0,197,36,0,0,2,0,4,0,0,0,0,0,109,1,0,21,18,1,0,0,4,0,0,0,0,0,0,0,0,11,0,0,4,0,0,0,3,0,0,0,0,0,0,0,0,1997,980,454,1290,36,14,13,418,220,0,0,53,2,35,0,168,291,12,125,93,0,0,4,2,1,0,0,6,0,0,0,2,2737,584,696,1671,500,112,464,192,41,504,66,270,0,0,0,4,198,11,6,204,183,10,17,25,0,0,2,11,0,0,0,0,4523,881,1855,2447,410,134,212,76,424,5,163,0,342,3,0,260,4361,2193,2323,6469,367,5,575,1028,33,20,379,271,376,0,0,5,0,16,3,4,0,0,0,6,2,0,0,0,0,0,0,0,753,34,12,115,19,1,0,22,1,0,0,2,0,0,0,0,371,6,8,30,184,3,3,4,5,1,13,13,4,2,0,10,1350,1292,535,417,501,183,6,5,13,2,12,5,5,0,2,0,755,14,19,574,173,282,2,121,11,158,2,8,57,37,0,5,119,74,2,251,29,0,0,17,0,2,0,41,16,1,0,8,545,23,4,223,0,17,0,0,0,0,0,0,0,3,0,0,0,0,0,0,14,0,0,0,0,0,0,0,0,0,0,0,0,111,12,16,0,0,0,0,0,0,0,0,0,0,0,0,5924,2800,1757,6757,186,47,8,817,62,3,54,123,496,171,0,830,1359,433,123,1430,2,20,11,262,21,0,0,195,101,7,1,56,1943,876,1149,2968,287,5,14,1214,133,17,3,360,124,63,6,237,462,16,0,134,0,0,0,0,0,0,0,0,0,6,0,11,5724,2689,1731,7113,292,0,3,340,620,216,475,720,213,64,37,158,0,0,3,26,0,162,0,5,0,0,0,0,0,0,0,0,231,0,3,15,0,0,0,0,3,0,0,1,0,0,0,0,3338,890,261,874,466,26,30,270,35,0,16,183,6,305,0,59,1176,434,440,706,124,22,0,30,97,2,4,88,25,3,0
0,22,0,242,133,0,0,0,0,0,0,0,0,0,0,0,0,436,0,0,128,5,153,0,22,0,0,0,0,0,0,0,0,12,75,25,57,0,0,0,0,0,2,0,0,0,0,4,19,294,240,228,307,32,285,8,20,0,0,0,0,0,0,0,0,22,22,14,38,0,12,0,0,0,0,8,0,0,0,0,0,15,114,0,7,0,0,0,13,0,0,0,0,0,0,0,0,545,24,81,55,173,53,13,13,0,0,0,0,0,0,0,0,62,53,0,83,0,0,0,9,0,0,0,0,0,0,0,9,265,7,1,36,2,0,0,0,0,3,0,0,0,0,0,0,0,4,0,0,0,0,0,0,0,0,0,0,0,0,0,0,712,155,0,3,0,0,0,2,0,0,0,0,0,0,0,0,256,477,2,151,0,0,0,49,0,0,0,8,0,8,0,0,0,0,0,0,0,0,0,0,0,0,0,0,0,0,0,1,15,1,26,34,0,0,0,26,6,10,0,90,0,0,0,0,159,12,6,54,0,1,0,0,2,2,0,6,14,0,0,5,0,13,0,0,0,0,0,0,7,0,0,0,0,0,0,0,441,20,0,31,0,5,0,0,6,0,0,1,0,0,0,0,19,18,0,35,0,0,0,1,23,1,0,0,0,1,0,9,55,22,10,89,8,0,0,1,0,0,0,0,17,0,0,0,3,1,3,0,1,1,0,0,0,0,0,0,0,0,0,0,4,168,101,57,0,0,0,0,0,6,0,0,0,0,0,0,8,1,1,115,11,65,2,14,16,0,0,0,0,0,0,0,140,44,2,121,0,0,0,5,0,0,0,0,0,0,0,0,9,0,0,3,0,0,0,0,0,0,0,0,13,0,0,0,36,4,2,36,0,0,10,6,0,0,0,4,0,0,0,64,24,1,0,19,0,0,0,109,0,0,0,1,0,0,0,2,35,8,0,10,1,0,0,0,0,1,0,0,0,0,0,0,0,0,0,17,0,0,0,0,0,0,0,0,0,0,0,0,0,0,0,0,0,0,0,2,0,0,0,0,0,0,2,0,39,39,16,156,0,0,0,0,0,0,0,6,0,0,0,0,32,987,27,56,0,13,0,4,0,0,0,0,0,0,0,0,131,0,1,36,113,0,0,0,0,0,0,0,0,0,0,0,0,0,10,304,0,0,0,128,0,0,0,0,0,0,0,0,143,70,0,95,0,0,0,0,0,0,0,0,0,0,0,0,297,33,0,37,19,0,0,0,0,0,0,0,0,0,0,0,25,3,0,16,0,0,1,0,8,0,0,12,0,0,0,0,634,22,22,69,11,14,0,3,200,0,0,39,0,0,0,0,57,7,0,197,36,0,0,2,0,4,0,0,0,0,0,109,1,0,21,18,1,0,0,4,0,0,0,0,0,0,0,0,11,0,0,4,0,0,0,3,0,0,0,0,0,0,0,0,1997,980,454,1290,36,14,13,418,220,0,0,53,2,35,0,168,291,12,125,93,0,0,4,2,1,0,0,6,0,0,0,2,2737,584,696,1671,500,112,464,192,41,504,66,270,0,0,0,4,198,11,6,204,183,10,17,25,0,0,2,11,0,0,0,0,4521,881,1855,2447,410,134,212,76,424,5,163,0,342,3,0,260,4360,2192,2323,6469,367,5,575,1028,33,20,379,271,376,0,0,5,0,16,3,4,0,0,0,6,2,0,0,0,0,0,0,0,753,34,12,115,19,1,0,22,1,0,0,2,0,0,0,0,371,6,8,30,184,3,3,4,5,1,13,13,4,2,0,10,1350,1292,535,417,501,183,6,5,13,2,12,5,5,0,2,0,755,14,19,574,173,282,2,121,11,158,2,8,57,37,0,5,119,74,2,251,29,0,0,17,0,2,0,41,16,1,0,8,545,23,4,223,0,17,0,0,0,0,0,0,0,3,0,0,0,0,0,0,14,0,0,0,0,0,0,0,0,0,0,0,0,111,12,16,0,0,0,0,0,0,0,0,0,0,0,0,5924,2800,1757,6757,186,47,8,817,62,3,54,123,496,171,0,830,1359,433,123,1430,2,20,11,262,21,0,0,195,101,7,1,56,1943,876,1149,2968,287,5,14,1214,133,17,3,360,124,63,6,237,462,16,0,134,0,0,0,0,0,0,0,0,0,6,0,11,5722,2689,1731,7113,292,0,3,340,620,216,475,720,213,64,37,158,0,0,3,26,0,162,0,5,0,0,0,0,0,0,0,0,231,0,3,15,0,0,0,0,3,0,0,1,0,0,0,0,3338,890,261,874,466,26,30,270,35,0,16,183,6,305,0,59,1176,434,440,706,124,22,0,30,97,2,4,88,25,3,0
0,22,0,242,133,0,0,0,0,0,0,0,0,0,0,0,0,436,0,0,128,5,153,0,22,0,0,0,0,0,0,0,0,12,75,25,57,0,0,0,0,0,2,0,0,0,0,4,19,294,240,228,307,32,285,8,20,0,0,0,0,0,0,0,0,22,22,14,38,0,12,0,0,0,0,8,0,0,0,0,0,15,114,0,7,0,0,0,13,0,0,0,0,0,0,0,0,545,24,81,55,173,53,13,13,0,0,0,0,0,0,0,0,62,53,0,83,0,0,0,9,0,0,0,0,0,0,0,9,265,7,1,36,2,0,0,0,0,3,0,0,0,0,0,0,0,4,0,0,0,0,0,0,0,0,0,0,0,0,0,0,712,155,0,3,0,0,0,2,0,0,0,0,0,0,0,0,256,478,2,151,0,0,0,49,0,0,0,8,0,8,0,0,0,0,0,0,0,0,0,0,0,0,0,0,0,0,0,1,15,1,26,34,0,0,0,26,6,10,0,90,0,0,0,0,159,12,6,54,0,1,0,0,2,2,0,6,14,0,0,5,0,13,0,0,0,0,0,0,7,0,0,0,0,0,0,0,441,20,0,31,0,5,0,0,6,0,0,1,0,0,0,0,19,18,0,35,0,0,0,1,23,1,0,0,0,1,0,9,55,22,10,89,8,0,0,1,0,0,0,0,17,0,0,0,3,1,3,0,1,1,0,0,0,0,0,0,0,0,0,0,4,168,101,57,0,0,0,0,0,6,0,0,0,0,0,0,8,1,1,115,11,65,2,14,16,0,0,0,0,0,0,0,140,44,2,121,0,0,0,5,0,0,0,0,0,0,0,0,9,0,0,3,0,0,0,0,0,0,0,0,13,0,0,0,36,4,2,36,0,0,10,6,0,0,0,4,0,0,0,64,24,1,0,19,0,0,0,109,0,0,0,1,0,0,0,2,35,8,0,10,1,0,0,0,0,1,0,0,0,0,0,0,0,0,0,17,0,0,0,0,0,0,0,0,0,0,0,0,0,0,0,0,0,0,0,2,0,0,0,0,0,0,2,0,39,39,16,156,0,0,0,0,0,0,0,6,0,0,0,0,32,987,27,56,0,13,0,4,0,0,0,0,0,0,0,0,131,0,1,36,113,0,0,0,0,0,0,0,0,0,0,0,0,0,10,304,0,0,0,128,0,0,0,0,0,0,0,0,143,70,0,95,0,0,0,0,0,0,0,0,0,0,0,0,297,33,0,37,19,0,0,0,0,0,0,0,0,0,0,0,25,3,0,16,0,0,1,0,8,0,0,12,0,0,0,0,634,22,22,69,11,14,0,3,200,0,0,39,0,0,0,0,57,7,0,197,36,0,0,2,0,4,0,0,0,0,0,109,1,0,21,18,1,0,0,4,0,0,0,0,0,0,0,0,11,0,0,4,0,0,0,3,0,0,0,0,0,0,0,0,1999,980,454,1290,36,14,13,418,220,0,0,53,2,35,0,168,291,12,125,93,0,0,4,2,1,0,0,6,0,0,0,2,2737,584,696,1671,500,112,464,192,41,504,66,270,0,0,0,4,198,11,6,204,183,10,17,25,0,0,2,11,0,0,0,0,4521,881,1855,2447,410,134,212,76,424,5,163,0,342,3,0,260,4360,2192,2323,6469,367,5,575,1028,33,20,379,271,376,0,0,5,0,16,3,4,0,0,0,6,2,0,0,0,0,0,0,0,753,34,12,115,19,1,0,22,1,0,0,2,0,0,0,0,371,6,8,30,184,3,3,4,5,1,13,13,4,2,0,10,1350,1293,535,417,501,183,6,5,13,2,12,5,5,0,2,0,755,14,19,574,173,282,2,121,11,158,2,8,57,37,0,5,119,74,2,251,29,0,0,17,0,2,0,41,16,1,0,8,545,23,4,223,0,17,0,0,0,0,0,0,0,3,0,0,0,0,0,0,14,0,0,0,0,0,0,0,0,0,0,0,0,111,12,16,0,0,0,0,0,0,0,0,0,0,0,0,5925,2800,1757,6757,186,47,8,817,62,3,54,123,496,171,0,830,1359,433,123,1430,2,20,11,262,21,0,0,195,101,7,1,56,1943,876,1149,2968,287,5,14,1214,133,17,3,360,124,63,6,237,462,16,0,134,0,0,0,0,0,0,0,0,0,6,0,11,5722,2689,1731,7113,292,0,3,340,620,216,475,720,213,64,37,158,0,0,3,26,0,162,0,5,0,0,0,0,0,0,0,0,231,0,3,15,0,0,0,0,3,0,0,1,0,0,0,0,3338,890,261,874,466,26,30,270,35,0,16,183,6,305,0,59,1176,434,440,706,124,22,0,30,97,2,4,88,25,3,0
0,22,0,242,133,0,0,0,0,0,0,0,0,0,0,0,0,436,0,0,128,5,153,0,22,0,0,0,0,0,0,0,0,12,75,25,57,0,0,0,0,0,2,0,0,0,0,4,19,294,240,228,307,32,285,8,20,0,0,0,0,0,0,0,0,22,22,14,38,0,12,0,0,0,0,8,0,0,0,0,0,15,114,0,7,0,0,0,13,0,0,0,0,0,0,0,0,545,24,81,55,173,53,13,13,0,0,0,0,0,0,0,0,62,53,0,83,0,0,0,9,0,0,0,0,0,0,0,9,265,7,1,36,2,0,0,0,0,3,0,0,0,0,0,0,0,4,0,0,0,0,0,0,0,0,0,0,0,0,0,0,712,155,0,3,0,0,0,2,0,0,0,0,0,0,0,0,256,477,2,151,0,0,0,49,0,0,0,8,0,8,0,0,0,0,0,0,0,0,0,0,0,0,0,0,0,0,0,1,15,1,26,34,0,0,0,26,6,10,0,90,0,0,0,0,159,12,6,54,0,1,0,0,2,2,0,6,14,0,0,5,0,13,0,0,0,0,0,0,7,0,0,0,0,0,0,0,441,20,0,31,0,5,0,0,6,0,0,1,0,0,0,0,19,18,0,35,0,0,0,1,23,1,0,0,0,1,0,9,55,22,10,89,8,0,0,1,0,0,0,0,17,0,0,0,3,1,3,0,1,1,0,0,0,0,0,0,0,0,0,0,4,168,101,57,0,0,0,0,0,6,0,0,0,0,0,0,8,1,1,115,11,65,2,14,16,0,0,0,0,0,0,0,140,44,2,121,0,0,0,5,0,0,0,0,0,0,0,0,9,0,0,3,0,0,0,0,0,0,0,0,13,0,0,0,36,4,2,36,0,0,10,6,0,0,0,4,0,0,0,64,24,1,0,19,0,0,0,109,0,0,0,1,0,0,0,2,35,8,0,10,1,0,0,0,0,1,0,0,0,0,0,0,0,0,0,17,0,0,0,0,0,0,0,0,0,0,0,0,0,0,0,0,0,0,0,2,0,0,0,0,0,0,2,0,39,39,16,156,0,0,0,0,0,0,0,6,0,0,0,0,32,987,27,56,0,13,0,4,0,0,0,0,0,0,0,0,131,0,1,36,113,0,0,0,0,0,0,0,0,0,0,0,0,0,10,304,0,0,0,128,0,0,0,0,0,0,0,0,143,70,0,95,0,0,0,0,0,0,0,0,0,0,0,0,297,33,0,37,19,0,0,0,0,0,0,0,0,0,0,0,25,3,0,16,0,0,1,0,8,0,0,12,0,0,0,0,634,22,22,69,11,14,0,3,200,0,0,39,0,0,0,0,57,7,0,197,36,0,0,2,0,4,0,0,0,0,0,109,1,0,21,18,1,0,0,4,0,0,0,0,0,0,0,0,11,0,0,4,0,0,0,3,0,0,0,0,0,0,0,0,1997,980,454,1290,36,14,13,418,220,0,0,53,2,35,0,168,291,12,125,93,0,0,4,2,1,0,0,6,0,0,0,2,2737,584,696,1671,500,112,464,192,41,504,66,270,0,0,0,4,198,11,6,204,183,10,17,25,0,0,2,11,0,0,0,0,4521,881,1855,2447,410,134,212,76,424,5,163,0,342,3,0,260,4360,2192,2323,6469,367,5,575,1028,33,20,379,271,376,0,0,5,0,16,3,4,0,0,0,6,2,0,0,0,0,0,0,0,753,34,12,115,19,1,0,22,1,0,0,2,0,0,0,0,371,6,8,30,184,3,3,4,5,1,13,13,4,2,0,10,1350,1292,535,417,501,183,6,5,13,2,12,5,5,0,2,0,755,14,19,574,173,282,2,121,11,158,2,8,57,37,0,5,119,74,2,251,29,0,0,17,0,2,0,41,16,1,0,8,545,23,4,223,0,17,0,0,0,0,0,0,0,3,0,0,0,0,0,0,14,0,0,0,0,0,0,0,0,0,0,0,0,111,12,16,0,0,0,0,0,0,0,0,0,0,0,0,5924,2800,1757,6757,186,47,8,817,62,3,54,123,496,171,0,830,1359,433,123,1430,2,20,11,262,21,0,0,195,101,7,1,56,1943,876,1149,2968,287,5,14,1214,133,17,3,360,124,63,6,237,462,16,0,134,0,0,0,0,0,0,0,0,0,6,0,11,5722,2689,1731,7113,292,0,3,340,620,216,475,720,213,64,37,158,0,0,3,26,0,162,0,5,0,0,0,0,0,0,0,0,231,0,3,15,0,0,0,0,3,0,0,1,0,0,0,0,3338,890,261,874,466,26,30,270,35,0,16,183,6,305,0,59,1176,434,440,706,124,22,0,30,97,2,4,88,25,3,0
0,22,0,242,133,0,0,0,0,0,0,0,0,0,0,0,0,436,0,0,128,5,153,0,22,0,0,0,0,0,0,0,0,12,75,25,57,0,0,0,0,0,2,0,0,0,0,4,19,294,240,228,307,32,285,8,20,0,0,0,0,0,0,0,0,22,22,14,38,0,12,0,0,0,0,8,0,0,0,0,0,15,114,0,7,0,0,0,13,0,0,0,0,0,0,0,0,545,24,81,55,173,53,13,13,0,0,0,0,0,0,0,0,62,53,0,83,0,0,0,9,0,0,0,0,0,0,0,9,266,7,1,36,2,0,0,0,0,3,0,0,0,0,0,0,0,4,0,0,0,0,0,0,0,0,0,0,0,0,0,0,712,155,0,3,0,0,0,2,0,0,0,0,0,0,0,0,256,477,2,151,0,0,0,49,0,0,0,8,0,8,0,0,0,0,0,0,0,0,0,0,0,0,0,0,0,0,0,1,15,1,26,34,0,0,0,26,6,10,0,90,0,0,0,0,159,12,6,54,0,1,0,0,2,2,0,6,14,0,0,5,0,13,0,0,0,0,0,0,7,0,0,0,0,0,0,0,441,20,0,31,0,5,0,0,6,0,0,1,0,0,0,0,19,18,0,35,0,0,0,1,23,1,0,0,0,1,0,9,55,22,10,89,8,0,0,1,0,0,0,0,17,0,0,0,3,1,3,0,1,1,0,0,0,0,0,0,0,0,0,0,4,168,101,57,0,0,0,0,0,6,0,0,0,0,0,0,8,1,1,115,11,65,2,14,16,0,0,0,0,0,0,0,140,44,2,121,0,0,0,5,0,0,0,0,0,0,0,0,9,0,0,3,0,0,0,0,0,0,0,0,13,0,0,0,36,4,2,36,0,0,10,6,0,0,0,4,0,0,0,64,24,1,0,19,0,0,0,109,0,0,0,1,0,0,0,2,35,8,0,10,1,0,0,0,0,1,0,0,0,0,0,0,0,0,0,17,0,0,0,0,0,0,0,0,0,0,0,0,0,0,0,0,0,0,0,2,0,0,0,0,0,0,2,0,39,39,16,156,0,0,0,0,0,0,0,6,0,0,0,0,32,987,27,56,0,13,0,4,0,0,0,0,0,0,0,0,131,0,1,36,113,0,0,0,0,0,0,0,0,0,0,0,0,0,10,304,0,0,0,128,0,0,0,0,0,0,0,0,143,70,0,95,0,0,0,0,0,0,0,0,0,0,0,0,297,33,0,37,19,0,0,0,0,0,0,0,0,0,0,0,25,3,0,16,0,0,1,0,8,0,0,12,0,0,0,0,634,22,22,69,11,14,0,3,200,0,0,39,0,0,0,0,57,7,0,197,36,0,0,2,0,4,0,0,0,0,0,109,1,0,21,18,1,0,0,4,0,0,0,0,0,0,0,0,11,0,0,4,0,0,0,3,0,0,0,0,0,0,0,0,1997,980,454,1290,36,14,13,418,220,0,0,53,2,35,0,168,291,12,125,93,0,0,4,2,1,0,0,6,0,0,0,2,2737,584,696,1671,500,112,464,192,41,504,66,270,0,0,0,4,198,11,6,204,183,10,17,25,0,0,2,11,0,0,0,0,4521,881,1855,2447,410,134,212,76,424,5,163,0,342,3,0,260,4360,2194,2324,6472,367,5,576,1028,33,20,379,272,376,0,0,5,0,16,3,4,0,0,0,6,2,0,0,0,0,0,0,0,753,34,12,115,19,1,0,22,1,0,0,2,0,0,0,0,371,6,8,30,184,3,3,4,5,1,13,13,4,2,0,10,1350,1292,535,417,501,183,6,5,13,2,12,5,5,0,2,0,755,14,19,574,173,282,2,121,11,158,2,8,57,37,0,5,119,74,2,251,29,0,0,17,0,2,0,41,16,1,0,8,545,23,4,223,0,17,0,0,0,0,0,0,0,3,0,0,0,0,0,0,14,0,0,0,0,0,0,0,0,0,0,0,0,111,12,16,0,0,0,0,0,0,0,0,0,0,0,0,5924,2800,1757,6757,186,47,8,817,62,3,54,123,496,171,0,830,1359,433,123,1430,2,20,11,262,21,0,0,195,101,7,1,56,1943,878,1149,2968,287,5,14,1214,133,17,3,362,124,63,6,237,462,16,0,134,0,0,0,0,0,0,0,0,0,6,0,11,5722,2689,1731,7117,292,0,3,340,621,216,476,720,213,64,37,158,0,0,3,26,0,163,0,5,0,0,0,0,0,0,0,0,231,0,3,15,0,0,0,0,3,0,0,1,0,0,0,0,3338,890,261,874,466,26,30,270,35,0,16,183,6,305,0,59,1176,434,440,706,124,22,0,30,97,2,4,88,25,3,0
0,22,0,242,133,0,0,0,0,0,0,0,0,0,0,0,0,436,0,0,128,5,153,0,22,0,0,0,0,0,0,0,0,12,75,25,57,0,0,0,0,0,2,0,0,0,0,4,19,294,240,228,307,32,285,8,20,0,0,0,0,0,0,0,0,22,22,14,38,0,12,0,0,0,0,8,0,0,0,0,0,15,114,0,7,0,0,0,13,0,0,0,0,0,0,0,0,545,24,81,55,173,53,13,13,0,0,0,0,0,0,0,0,62,53,0,83,0,0,0,9,0,0,0,0,0,0,0,9,265,7,1,36,2,0,0,0,0,3,0,0,0,0,0,0,0,4,0,0,0,0,0,0,0,0,0,0,0,0,0,0,712,155,0,3,0,0,0,2,0,0,0,0,0,0,0,0,256,477,2,151,0,0,0,49,0,0,0,8,0,8,0,0,0,0,0,0,0,0,0,0,0,0,0,0,0,0,0,1,15,1,26,34,0,0,0,26,6,10,0,90,0,0,0,0,159,12,6,54,0,1,0,0,2,2,0,6,14,0,0,5,0,13,0,0,0,0,0,0,7,0,0,0,0,0,0,0,441,20,0,31,0,5,0,0,6,0,0,1,0,0,0,0,19,18,0,35,0,0,0,1,23,1,0,0,0,1,0,9,55,22,10,89,8,0,0,1,0,0,0,0,17,0,0,0,3,1,3,0,1,1,0,0,0,0,0,0,0,0,0,0,4,168,101,57,0,0,0,0,0,6,0,0,0,0,0,0,8,1,1,115,11,65,2,14,16,0,0,0,0,0,0,0,140,44,2,121,0,0,0,5,0,0,0,0,0,0,0,0,9,0,0,3,0,0,0,0,0,0,0,0,13,0,0,0,36,4,2,36,0,0,10,6,0,0,0,4,0,0,0,64,24,1,0,19,0,0,0,109,0,0,0,1,0,0,0,2,35,8,0,10,1,0,0,0,0,1,0,0,0,0,0,0,0,0,0,17,0,0,0,0,0,0,0,0,0,0,0,0,0,0,0,0,0,0,0,2,0,0,0,0,0,0,2,0,39,39,16,156,0,0,0,0,0,0,0,6,0,0,0,0,32,987,27,56,0,13,0,4,0,0,0,0,0,0,0,0,131,0,1,36,113,0,0,0,0,0,0,0,0,0,0,0,0,0,10,304,0,0,0,128,0,0,0,0,0,0,0,0,143,70,0,95,0,0,0,0,0,0,0,0,0,0,0,0,297,33,0,37,19,0,0,0,0,0,0,0,0,0,0,0,25,3,0,16,0,0,1,0,8,0,0,12,0,0,0,0,634,22,22,69,11,14,0,3,200,0,0,39,0,0,0,0,57,7,0,197,36,0,0,2,0,4,0,0,0,0,0,109,1,0,21,18,1,0,0,4,0,0,0,0,0,0,0,0,11,0,0,4,0,0,0,3,0,0,0,0,0,0,0,0,1997,980,454,1290,36,14,13,418,220,0,0,53,2,35,0,168,291,12,125,93,0,0,4,2,1,0,0,6,0,0,0,2,2737,584,696,1671,500,112,464,192,41,504,66,270,0,0,0,4,198,11,6,204,183,10,17,25,0,0,2,11,0,0,0,0,4521,881,1855,2447,410,134,212,76,424,5,163,0,342,3,0,260,4360,2192,2323,6469,367,5,575,1028,33,20,379,271,376,0,0,5,0,16,3,4,0,0,0,6,2,0,0,0,0,0,0,0,753,34,12,115,19,1,0,22,1,0,0,2,0,0,0,0,371,6,8,30,184,3,3,4,5,1,13,13,4,2,0,10,1350,1292,535,417,501,183,6,5,13,2,12,5,5,0,2,0,755,14,19,574,173,282,2,121,11,158,2,8,57,37,0,5,119,74,2,251,29,0,0,17,0,2,0,41,16,1,0,8,545,23,4,223,0,17,0,0,0,0,0,0,0,3,0,0,0,0,0,0,14,0,0,0,0,0,0,0,0,0,0,0,0,111,12,16,0,0,0,0,0,0,0,0,0,0,0,0,5924,2800,1757,6757,186,47,8,817,62,3,54,123,496,171,0,830,1359,433,123,1430,2,20,11,262,21,0,0,195,101,7,1,56,1943,876,1149,2968,287,5,14,1214,133,17,3,360,124,63,6,237,462,16,0,134,0,0,0,0,0,0,0,0,0,6,0,11,5722,2689,1731,7113,292,0,3,340,620,216,475,720,213,64,37,158,0,0,3,26,0,162,0,5,0,0,0,0,0,0,0,0,231,0,3,15,0,0,0,0,3,0,0,1,0,0,0,0,3338,890,261,874,466,26,30,270,35,0,16,183,6,305,0,59,1176,434,440,706,124,22,0,30,97,2,4,88,25,3,0
0,22,0,242,133,0,0,0,0,0,0,0,0,0,0,0,0,436,0,0,128,5,153,0,22,0,0,0,0,0,0,0,0,12,75,25,57,0,0,0,0,0,2,0,0,0,0,4,19,294,240,228,307,32,285,8,20,0,0,0,0,0,0,0,0,22,22,14,38,0,12,0,0,0,0,8,0,0,0,0,0,15,114,0,7,0,0,0,13,0,0,0,0,0,0,0,0,545,24,81,55,173,53,13,13,0,0,0,0,0,0,0,0,62,53,0,83,0,0,0,9,0,0,0,0,0,0,0,9,265,7,1,36,2,0,0,0,0,3,0,0,0,0,0,0,0,4,0,0,0,0,0,0,0,0,0,0,0,0,0,0,712,155,0,3,0,0,0,2,0,0,0,0,0,0,0,0,256,477,2,151,0,0,0,49,0,0,0,8,0,8,0,0,0,0,0,0,0,0,0,0,0,0,0,0,0,0,0,1,15,1,26,34,0,0,0,26,6,10,0,90,0,0,0,0,159,12,6,54,0,1,0,0,2,2,0,6,14,0,0,5,0,13,0,0,0,0,0,0,7,0,0,0,0,0,0,0,441,20,0,31,0,5,0,0,6,0,0,1,0,0,0,0,19,18,0,35,0,0,0,1,23,1,0,0,0,1,0,9,55,22,10,89,8,0,0,1,0,0,0,0,17,0,0,0,3,1,3,0,1,1,0,0,0,0,0,0,0,0,0,0,4,168,101,57,0,0,0,0,0,6,0,0,0,0,0,0,8,1,1,115,11,65,2,14,16,0,0,0,0,0,0,0,140,44,2,121,0,0,0,5,0,0,0,0,0,0,0,0,9,0,0,3,0,0,0,0,0,0,0,0,13,0,0,0,36,4,2,36,0,0,10,6,0,0,0,4,0,0,0,64,24,1,0,19,0,0,0,109,0,0,0,1,0,0,0,2,35,8,0,10,1,0,0,0,0,1,0,0,0,0,0,0,0,0,0,17,0,0,0,0,0,0,0,0,0,0,0,0,0,0,0,0,0,0,0,2,0,0,0,0,0,0,2,0,39,39,16,156,0,0,0,0,0,0,0,6,0,0,0,0,32,987,27,56,0,13,0,4,0,0,0,0,0,0,0,0,131,0,1,36,113,0,0,0,0,0,0,0,0,0,0,0,0,0,10,304,0,0,0,128,0,0,0,0,0,0,0,0,143,70,0,95,0,0,0,0,0,0,0,0,0,0,0,0,297,33,0,37,19,0,0,0,0,0,0,0,0,0,0,0,25,3,0,16,0,0,1,0,8,0,0,12,0,0,0,0,634,22,22,69,11,14,0,3,200,0,0,39,0,0,0,0,57,7,0,197,36,0,0,2,0,4,0,0,0,0,0,109,1,0,21,18,1,0,0,4,0,0,0,0,0,0,0,0,11,0,0,4,0,0,0,3,0,0,0,0,0,0,0,0,1997,980,454,1290,36,14,13,418,220,0,0,53,2,35,0,168,291,12,125,93,0,0,4,2,1,0,0,6,0,0,0,2,2737,584,696,1671,500,112,464,192,41,504,66,270,0,0,0,4,198,11,6,204,183,10,17,25,0,0,2,11,0,0,0,0,4523,881,1855,2447,410,134,212,76,424,5,163,0,342,3,0,260,4361,2193,2323,6469,367,5,575,1028,33,20,379,271,376,0,0,5,0,16,3,4,0,0,0,6,2,0,0,0,0,0,0,0,753,34,12,115,19,1,0,22,1,0,0,2,0,0,0,0,371,6,8,30,184,3,3,4,5,1,13,13,4,2,0,10,1350,1292,535,417,501,183,6,5,13,2,12,5,5,0,2,0,755,14,19,574,173,282,2,121,11,158,2,8,57,37,0,5,119,74,2,251,29,0,0,17,0,2,0,41,16,1,0,8,545,23,4,223,0,17,0,0,0,0,0,0,0,3,0,0,0,0,0,0,14,0,0,0,0,0,0,0,0,0,0,0,0,111,12,16,0,0,0,0,0,0,0,0,0,0,0,0,5924,2800,1757,6757,186,47,8,817,62,3,54,123,496,171,0,830,1359,433,123,1430,2,20,11,262,21,0,0,195,101,7,1,56,1943,876,1149,2968,287,5,14,1214,133,17,3,360,124,63,6,237,462,16,0,134,0,0,0,0,0,0,0,0,0,6,0,11,5724,2689,1731,7113,292,0,3,340,620,216,475,720,213,64,37,158,0,0,3,26,0,162,0,5,0,0,0,0,0,0,0,0,231,0,3,15,0,0,0,0,3,0,0,1,0,0,0,0,3338,890,261,874,466,26,30,270,35,0,16,183,6,305,0,59,1176,434,440,706,124,22,0,30,97,2,4,88,25,3,0
0,22,0,243,133,0,0,0,0,0,0,0,0,0,0,0,0,436,0,0,128,5,153,0,22,0,0,0,0,0,0,0,0,12,75,25,57,0,0,0,0,0,2,0,0,0,0,4,19,294,240,228,307,32,285,8,20,0,0,0,0,0,0,0,0,22,22,14,38,0,12,0,0,0,0,8,0,0,0,0,0,15,114,0,7,0,0,0,13,0,0,0,0,0,0,0,0,545,24,81,55,173,53,13,13,0,0,0,0,0,0,0,0,62,53,0,83,0,0,0,9,0,0,0,0,0,0,0,9,265,7,1,36,2,0,0,0,0,3,0,0,0,0,0,0,0,4,0,0,0,0,0,0,0,0,0,0,0,0,0,0,712,155,0,3,0,0,0,2,0,0,0,0,0,0,0,0,257,477,2,151,0,0,0,49,0,0,0,8,0,8,0,0,0,0,0,0,0,0,0,0,0,0,0,0,0,0,0,1,15,1,26,34,0,0,0,26,6,10,0,90,0,0,0,0,159,12,6,54,0,1,0,0,2,2,0,6,14,0,0,5,0,13,0,0,0,0,0,0,7,0,0,0,0,0,0,0,441,20,0,31,0,5,0,0,6,0,0,1,0,0,0,0,19,18,0,35,0,0,0,1,23,1,0,0,0,1,0,9,55,22,10,89,8,0,0,1,0,0,0,0,17,0,0,0,3,1,3,0,1,1,0,0,0,0,0,0,0,0,0,0,4,168,101,57,0,0,0,0,0,6,0,0,0,0,0,0,8,1,1,115,11,65,2,14,16,0,0,0,0,0,0,0,140,44,2,121,0,0,0,5,0,0,0,0,0,0,0,0,9,0,0,3,0,0,0,0,0,0,0,0,13,0,0,0,36,4,2,36,0,0,10,6,0,0,0,4,0,0,0,64,24,1,0,19,0,0,0,109,0,0,0,1,0,0,0,2,35,8,0,10,1,0,0,0,0,1,0,0,0,0,0,0,0,0,0,17,0,0,0,0,0,0,0,0,0,0,0,0,0,0,0,0,0,0,0,2,0,0,0,0,0,0,2,0,39,39,16,156,0,0,0,0,0,0,0,6,0,0,0,0,32,987,27,56,0,13,0,4,0,0,0,0,0,0,0,0,131,0,1,36,113,0,0,0,0,0,0,0,0,0,0,0,0,0,10,304,0,0,0,128,0,0,0,0,0,0,0,0,143,70,0,95,0,0,0,0,0,0,0,0,0,0,0,0,297,33,0,37,19,0,0,0,0,0,0,0,0,0,0,0,25,3,0,16,0,0,1,0,8,0,0,12,0,0,0,0,635,22,22,69,11,14,0,3,200,0,0,39,0,0,0,0,57,7,0,197,36,0,0,2,0,4,0,0,0,0,0,109,1,0,21,18,1,0,0,4,0,0,0,0,0,0,0,0,11,0,0,4,0,0,0,3,0,0,0,0,0,0,0,0,1997,983,454,1291,36,14,13,419,221,0,0,53,2,35,0,168,291,12,125,93,0,0,4,2,1,0,0,6,0,0,0,2,2737,584,696,1671,500,112,464,192,41,504,66,270,0,0,0,4,198,11,6,204,183,10,17,25,0,0,2,11,0,0,0,0,4521,881,1855,2447,410,134,212,76,424,5,163,0,342,3,0,260,4360,2192,2323,6469,367,5,575,1028,33,20,379,271,376,0,0,5,0,16,3,4,0,0,0,6,2,0,0,0,0,0,0,0,754,34,12,115,19,1,0,22,1,0,0,2,0,0,0,0,371,6,8,30,184,3,3,4,5,1,13,13,4,2,0,10,1351,1292,535,417,501,183,6,5,13,2,12,5,5,0,2,0,755,14,19,574,173,282,2,121,11,158,2,8,57,37,0,5,119,74,2,251,29,0,0,17,0,2,0,41,16,1,0,8,545,23,4,223,0,17,0,0,0,0,0,0,0,3,0,0,0,0,0,0,14,0,0,0,0,0,0,0,0,0,0,0,0,111,12,16,0,0,0,0,0,0,0,0,0,0,0,0,5924,2800,1758,6757,186,47,8,817,62,3,54,123,496,171,0,830,1359,433,123,1430,2,20,11,262,21,0,0,195,101,7,1,56,1943,876,1149,2968,287,5,14,1214,133,17,3,360,124,63,6,237,462,16,0,134,0,0,0,0,0,0,0,0,0,6,0,11,5722,2689,1731,7113,292,0,3,340,620,216,475,720,213,64,37,158,0,0,3,26,0,162,0,5,0,0,0,0,0,0,0,0,231,0,3,15,0,0,0,0,3,0,0,1,0,0,0,0,3339,890,261,874,466,26,30,271,35,0,16,183,6,305,0,59,1176,434,440,706,124,22,0,30,97,2,4,88,25,3,0
0,22,0,242,133,0,0,0,0,0,0,0,0,0,0,0,0,436,0,0,128,5,153,0,22,0,0,0,0,0,0,0,0,12,75,25,57,0,0,0,0,0,2,0,0,0,0,4,19,294,240,228,307,32,285,8,20,0,0,0,0,0,0,0,0,22,22,14,38,0,12,0,0,0,0,8,0,0,0,0,0,15,114,0,7,0,0,0,13,0,0,0,0,0,0,0,0,545,24,81,55,173,53,13,13,0,0,0,0,0,0,0,0,62,53,0,83,0,0,0,9,0,0,0,0,0,0,0,9,265,7,1,36,2,0,0,0,0,3,0,0,0,0,0,0,0,4,0,0,0,0,0,0,0,0,0,0,0,0,0,0,712,155,0,3,0,0,0,2,0,0,0,0,0,0,0,0,256,477,2,151,0,0,0,49,0,0,0,8,0,8,0,0,0,0,0,0,0,0,0,0,0,0,0,0,0,0,0,1,15,1,26,34,0,0,0,26,6,10,0,90,0,0,0,0,159,12,6,54,0,1,0,0,2,2,0,6,14,0,0,5,0,13,0,0,0,0,0,0,7,0,0,0,0,0,0,0,441,20,0,31,0,5,0,0,6,0,0,1,0,0,0,0,19,18,0,35,0,0,0,1,23,1,0,0,0,1,0,9,55,22,10,89,8,0,0,1,0,0,0,0,17,0,0,0,3,1,3,0,1,1,0,0,0,0,0,0,0,0,0,0,4,168,101,57,0,0,0,0,0,6,0,0,0,0,0,0,8,1,1,115,11,65,2,14,16,0,0,0,0,0,0,0,140,44,2,121,0,0,0,5,0,0,0,0,0,0,0,0,9,0,0,3,0,0,0,0,0,0,0,0,13,0,0,0,36,4,2,36,0,0,10,6,0,0,0,4,0,0,0,64,24,1,0,19,0,0,0,109,0,0,0,1,0,0,0,2,35,8,0,10,1,0,0,0,0,1,0,0,0,0,0,0,0,0,0,17,0,0,0,0,0,0,0,0,0,0,0,0,0,0,0,0,0,0,0,2,0,0,0,0,0,0,2,0,39,39,16,156,0,0,0,0,0,0,0,6,0,0,0,0,32,987,27,56,0,13,0,4,0,0,0,0,0,0,0,0,131,0,1,36,113,0,0,0,0,0,0,0,0,0,0,0,0,0,10,304,0,0,0,128,0,0,0,0,0,0,0,0,143,70,0,95,0,0,0,0,0,0,0,0,0,0,0,0,297,33,0,37,19,0,0,0,0,0,0,0,0,0,0,0,25,3,0,16,0,0,1,0,8,0,0,12,0,0,0,0,634,22,22,69,11,14,0,3,201,0,0,39,0,0,0,0,57,7,0,197,36,0,0,2,0,4,0,0,0,0,0,109,1,0,21,18,1,0,0,4,0,0,0,0,0,0,0,0,11,0,0,4,0,0,0,3,0,0,0,0,0,0,0,0,1997,980,454,1290,36,14,13,418,220,0,0,53,2,35,0,168,291,12,125,93,0,0,4,2,1,0,0,6,0,0,0,2,2737,584,696,1671,500,112,464,192,41,504,66,270,0,0,0,4,198,11,6,204,183,10,17,25,0,0,2,11,0,0,0,0,4521,881,1855,2447,410,134,212,76,424,5,163,0,342,3,0,260,4362,2192,2323,6469,367,5,575,1028,33,20,379,271,376,0,0,5,0,16,3,4,0,0,0,6,2,0,0,0,0,0,0,0,753,34,12,115,19,1,0,22,1,0,0,2,0,0,0,0,371,6,8,30,184,3,3,4,5,1,13,13,4,2,0,10,1350,1293,535,417,501,183,6,5,13,2,12,5,5,0,2,0,755,14,19,574,173,282,2,121,11,158,2,8,57,37,0,5,119,74,2,251,29,0,0,17,0,2,0,41,16,1,0,8,545,23,4,223,0,17,0,0,0,0,0,0,0,3,0,0,0,0,0,0,14,0,0,0,0,0,0,0,0,0,0,0,0,111,12,16,0,0,0,0,0,0,0,0,0,0,0,0,5924,2800,1757,6758,186,47,8,817,62,3,54,123,496,171,0,830,1359,433,123,1430,2,20,11,262,21,0,0,195,101,7,1,56,1944,876,1149,2968,287,5,14,1214,133,17,3,360,124,63,6,237,462,16,0,134,0,0,0,0,0,0,0,0,0,6,0,11,5722,2690,1731,7113,292,0,3,340,620,216,475,720,214,64,37,158,0,0,3,26,0,162,0,5,0,0,0,0,0,0,0,0,231,0,3,15,0,0,0,0,3,0,0,1,0,0,0,0,3338,890,261,874,466,26,30,270,35,0,16,183,6,305,0,59,1176,434,440,706,124,22,0,30,97,2,4,88,25,3,0
0,22,0,242,133,0,0,0,0,0,0,0,0,0,0,0,0,436,0,0,128,5,153,0,22,0,0,0,0,0,0,0,0,12,75,25,57,0,0,0,0,0,2,0,0,0,0,4,19,294,240,228,307,32,285,8,20,0,0,0,0,0,0,0,0,22,22,14,38,0,12,0,0,0,0,8,0,0,0,0,0,15,114,0,7,0,0,0,13,0,0,0,0,0,0,0,0,545,24,81,55,173,53,13,13,0,0,0,0,0,0,0,0,62,53,0,83,0,0,0,9,0,0,0,0,0,0,0,9,265,7,1,36,2,0,0,0,0,3,0,0,0,0,0,0,0,4,0,0,0,0,0,0,0,0,0,0,0,0,0,0,712,155,0,3,0,0,0,2,0,0,0,0,0,0,0,0,256,477,2,151,0,0,0,49,0,0,0,8,0,8,0,0,0,0,0,0,0,0,0,0,0,0,0,0,0,0,0,1,15,1,26,34,0,0,0,26,6,10,0,90,0,0,0,0,159,12,6,54,0,1,0,0,2,2,0,6,14,0,0,5,0,13,0,0,0,0,0,0,7,0,0,0,0,0,0,0,441,20,0,31,0,5,0,0,6,0,0,1,0,0,0,0,19,18,0,35,0,0,0,1,23,1,0,0,0,1,0,9,55,22,10,89,8,0,0,1,0,0,0,0,17,0,0,0,3,1,3,0,1,1,0,0,0,0,0,0,0,0,0,0,4,168,101,57,0,0,0,0,0,6,0,0,0,0,0,0,8,1,1,115,11,65,2,14,16,0,0,0,0,0,0,0,140,44,2,121,0,0,0,5,0,0,0,0,0,0,0,0,9,0,0,3,0,0,0,0,0,0,0,0,13,0,0,0,36,4,2,36,0,0,10,6,0,0,0,4,0,0,0,64,24,1,0,19,0,0,0,109,0,0,0,1,0,0,0,2,35,8,0,10,1,0,0,0,0,1,0,0,0,0,0,0,0,0,0,17,0,0,0,0,0,0,0,0,0,0,0,0,0,0,0,0,0,0,0,2,0,0,0,0,0,0,2,0,39,39,16,156,0,0,0,0,0,0,0,6,0,0,0,0,32,987,27,56,0,13,0,4,0,0,0,0,0,0,0,0,131,0,1,36,113,0,0,0,0,0,0,0,0,0,0,0,0,0,10,304,0,0,0,128,0,0,0,0,0,0,0,0,143,70,0,95,0,0,0,0,0,0,0,0,0,0,0,0,297,33,0,37,19,0,0,0,0,0,0,0,0,0,0,0,25,3,0,16,0,0,1,0,8,0,0,12,0,0,0,0,635,22,22,69,11,14,0,3,200,0,0,39,0,0,0,0,57,7,0,197,36,0,0,2,0,4,0,0,0,0,0,109,1,0,21,18,1,0,0,4,0,0,0,0,0,0,0,0,11,0,0,4,0,0,0,3,0,0,0,0,0,0,0,0,1997,980,454,1290,36,14,13,418,220,0,0,53,2,35,0,168,291,12,125,93,0,0,4,2,1,0,0,6,0,0,0,2,2738,584,696,1671,500,113,464,192,41,504,66,270,0,0,0,4,198,11,6,204,183,10,17,25,0,0,2,11,0,0,0,0,4521,881,1856,2448,410,134,212,76,424,5,163,0,342,3,0,260,4361,2194,2323,6472,367,5,575,1028,33,20,379,271,376,0,0,5,0,16,3,4,0,0,0,6,2,0,0,0,0,0,0,0,753,34,12,115,19,1,0,22,1,0,0,2,0,0,0,0,371,6,8,30,184,3,3,4,5,1,13,13,4,2,0,10,1351,1292,535,417,501,183,6,5,13,2,12,5,5,0,2,0,755,14,19,574,173,282,2,121,11,158,2,8,57,37,0,5,119,74,2,251,29,0,0,17,0,2,0,41,16,1,0,8,545,23,4,223,0,17,0,0,0,0,0,0,0,3,0,0,0,0,0,0,14,0,0,0,0,0,0,0,0,0,0,0,0,111,12,16,0,0,0,0,0,0,0,0,0,0,0,0,5924,2800,1758,6758,186,47,8,817,62,3,54,123,496,171,0,830,1359,433,123,1430,2,20,11,262,21,0,0,195,101,7,1,56,1943,876,1149,2970,287,5,14,1214,133,17,3,360,124,63,6,237,462,16,0,134,0,0,0,0,0,0,0,0,0,6,0,11,5722,2689,1731,7114,292,0,3,340,620,216,475,720,213,64,37,158,0,0,3,26,0,162,0,5,0,0,0,0,0,0,0,0,231,0,3,15,0,0,0,0,3,0,0,1,0,0,0,0,3338,890,261,874,466,26,30,270,35,0,16,183,6,305,0,59,1176,434,440,706,124,22,0,30,97,2,4,88,25,3,0
0,22,0,242,133,0,0,0,0,0,0,0,0,0,0,0,0,436,0,0,128,5,153,0,22,0,0,0,0,0,0,0,0,12,75,25,57,0,0,0,0,0,2,0,0,0,0,4,19,294,240,228,307,32,285,8,20,0,0,0,0,0,0,0,0,22,22,14,38,0,12,0,0,0,0,8,0,0,0,0,0,15,114,0,7,0,0,0,13,0,0,0,0,0,0,0,0,545,24,81,55,173,53,13,13,0,0,0,0,0,0,0,0,62,53,0,83,0,0,0,9,0,0,0,0,0,0,0,9,265,7,1,36,2,0,0,0,0,3,0,0,0,0,0,0,0,4,0,0,0,0,0,0,0,0,0,0,0,0,0,0,712,155,0,3,0,0,0,2,0,0,0,0,0,0,0,0,256,477,2,151,0,0,0,49,0,0,0,8,0,8,0,0,0,0,0,0,0,0,0,0,0,0,0,0,0,0,0,1,15,1,26,34,0,0,0,26,6,10,0,90,0,0,0,0,159,12,6,54,0,1,0,0,2,2,0,6,14,0,0,5,0,13,0,0,0,0,0,0,7,0,0,0,0,0,0,0,441,20,0,31,0,5,0,0,6,0,0,1,0,0,0,0,19,18,0,35,0,0,0,1,23,1,0,0,0,1,0,9,55,22,10,89,8,0,0,1,0,0,0,0,17,0,0,0,3,1,3,0,1,1,0,0,0,0,0,0,0,0,0,0,4,168,101,57,0,0,0,0,0,6,0,0,0,0,0,0,8,1,1,115,11,65,2,14,16,0,0,0,0,0,0,0,140,44,2,121,0,0,0,5,0,0,0,0,0,0,0,0,9,0,0,3,0,0,0,0,0,0,0,0,13,0,0,0,36,4,2,36,0,0,10,6,0,0,0,4,0,0,0,64,24,1,0,19,0,0,0,109,0,0,0,1,0,0,0,2,35,8,0,10,1,0,0,0,0,1,0,0,0,0,0,0,0,0,0,17,0,0,0,0,0,0,0,0,0,0,0,0,0,0,0,0,0,0,0,2,0,0,0,0,0,0,2,0,39,39,16,156,0,0,0,0,0,0,0,6,0,0,0,0,32,987,27,56,0,13,0,4,0,0,0,0,0,0,0,0,131,0,1,36,113,0,0,0,0,0,0,0,0,0,0,0,0,0,10,304,0,0,0,128,0,0,0,0,0,0,0,0,143,70,0,95,0,0,0,0,0,0,0,0,0,0,0,0,297,33,0,37,19,0,0,0,0,0,0,0,0,0,0,0,25,3,0,16,0,0,1,0,8,0,0,12,0,0,0,0,634,22,22,69,11,14,0,3,200,0,0,39,0,0,0,0,57,7,0,197,36,0,0,2,0,4,0,0,0,0,0,109,1,0,21,18,1,0,0,4,0,0,0,0,0,0,0,0,11,0,0,4,0,0,0,3,0,0,0,0,0,0,0,0,1997,980,454,1290,36,14,13,418,220,0,0,53,2,35,0,168,291,12,125,93,0,0,4,2,1,0,0,6,0,0,0,2,2737,584,696,1671,500,112,464,192,41,504,66,270,0,0,0,4,198,11,6,204,183,10,17,25,0,0,2,11,0,0,0,0,4522,881,1855,2447,410,134,212,76,424,5,163,0,342,3,0,260,4361,2192,2324,6469,368,5,575,1028,33,20,379,271,376,0,0,5,0,16,3,4,0,0,0,6,2,0,0,0,0,0,0,0,753,34,12,115,19,1,0,22,1,0,0,2,0,0,0,0,371,6,8,30,184,3,3,4,5,1,13,13,4,2,0,10,1350,1292,536,417,501,183,6,5,13,2,12,5,5,0,2,0,755,14,19,574,173,282,2,121,11,158,2,8,57,37,0,5,119,74,2,251,29,0,0,17,0,2,0,41,16,1,0,8,546,23,4,223,0,17,0,0,0,0,0,0,0,3,0,0,0,0,0,0,14,0,0,0,0,0,0,0,0,0,0,0,0,111,12,16,0,0,0,0,0,0,0,0,0,0,0,0,5924,2800,1757,6757,186,47,8,817,62,3,54,123,496,171,0,830,1359,433,123,1430,2,20,11,262,21,0,0,195,101,7,1,56,1944,876,1149,2968,287,5,14,1214,133,17,3,360,124,63,6,237,462,16,0,134,0,0,0,0,0,0,0,0,0,6,0,11,5723,2690,1731,7113,292,0,3,340,620,216,476,720,213,64,37,158,0,0,3,26,0,162,0,5,0,0,0,0,0,0,0,0,231,0,3,15,0,0,0,0,3,0,0,1,0,0,0,0,3339,890,261,874,466,26,30,270,35,0,16,183,6,306,0,59,1176,434,440,706,124,22,0,30,97,2,4,88,25,3,0
0,22,0,242,133,0,0,0,0,0,0,0,0,0,0,0,0,436,0,0,128,5,153,0,22,0,0,0,0,0,0,0,0,12,75,25,57,0,0,0,0,0,2,0,0,0,0,4,19,294,240,228,307,32,285,8,20,0,0,0,0,0,0,0,0,22,22,14,38,0,12,0,0,0,0,8,0,0,0,0,0,15,114,0,7,0,0,0,13,0,0,0,0,0,0,0,0,545,24,81,55,173,53,13,13,0,0,0,0,0,0,0,0,62,53,0,83,0,0,0,9,0,0,0,0,0,0,0,9,265,7,1,36,2,0,0,0,0,3,0,0,0,0,0,0,0,4,0,0,0,0,0,0,0,0,0,0,0,0,0,0,712,155,0,3,0,0,0,2,0,0,0,0,0,0,0,0,256,477,2,151,0,0,0,49,0,0,0,8,0,8,0,0,0,0,0,0,0,0,0,0,0,0,0,0,0,0,0,1,15,1,26,34,0,0,0,26,6,10,0,90,0,0,0,0,159,12,6,54,0,1,0,0,2,2,0,6,14,0,0,5,0,13,0,0,0,0,0,0,7,0,0,0,0,0,0,0,441,20,0,31,0,5,0,0,6,0,0,1,0,0,0,0,19,18,0,35,0,0,0,1,23,1,0,0,0,1,0,9,55,22,10,89,8,0,0,1,0,0,0,0,17,0,0,0,3,1,3,0,1,1,0,0,0,0,0,0,0,0,0,0,4,168,101,57,0,0,0,0,0,6,0,0,0,0,0,0,8,1,1,115,11,65,2,14,16,0,0,0,0,0,0,0,140,44,2,121,0,0,0,5,0,0,0,0,0,0,0,0,9,0,0,3,0,0,0,0,0,0,0,0,13,0,0,0,36,4,2,36,0,0,10,6,0,0,0,4,0,0,0,64,24,1,0,19,0,0,0,109,0,0,0,1,0,0,0,2,35,8,0,10,1,0,0,0,0,1,0,0,0,0,0,0,0,0,0,17,0,0,0,0,0,0,0,0,0,0,0,0,0,0,0,0,0,0,0,2,0,0,0,0,0,0,2,0,39,39,16,156,0,0,0,0,0,0,0,6,0,0,0,0,32,987,27,56,0,13,0,4,0,0,0,0,0,0,0,0,131,0,1,36,113,0,0,0,0,0,0,0,0,0,0,0,0,0,10,304,0,0,0,128,0,0,0,0,0,0,0,0,143,70,0,95,0,0,0,0,0,0,0,0,0,0,0,0,297,33,0,37,19,0,0,0,0,0,0,0,0,0,0,0,25,3,0,16,0,0,1,0,8,0,0,12,0,0,0,0,634,22,22,69,11,14,0,3,200,0,0,39,0,0,0,0,57,7,0,197,36,0,0,2,0,4,0,0,0,0,0,109,1,0,21,18,1,0,0,4,0,0,0,0,0,0,0,0,11,0,0,4,0,0,0,3,0,0,0,0,0,0,0,0,1997,980,454,1290,36,14,13,418,220,0,0,53,2,35,0,168,291,12,125,93,0,0,4,2,1,0,0,6,0,0,0,2,2737,584,696,1671,500,112,464,192,41,504,66,270,0,0,0,4,198,11,6,204,183,10,17,25,0,0,2,11,0,0,0,0,4521,881,1856,2447,410,134,212,76,424,5,163,0,342,3,0,260,4360,2192,2323,6469,367,5,575,1028,33,20,379,271,376,0,0,5,0,16,3,4,0,0,0,6,2,0,0,0,0,0,0,0,753,34,12,115,19,1,0,22,1,0,0,2,0,0,0,0,371,6,8,30,184,3,3,4,5,1,13,13,4,2,0,10,1350,1292,535,417,501,183,6,5,13,2,12,5,5,0,2,0,755,14,19,574,173,282,2,121,11,158,2,8,57,37,0,5,119,74,2,251,29,0,0,17,0,2,0,41,16,1,0,8,545,23,4,223,0,17,0,0,0,0,0,0,0,3,0,0,0,0,0,0,14,0,0,0,0,0,0,0,0,0,0,0,0,111,12,16,0,0,0,0,0,0,0,0,0,0,0,0,5925,2800,1757,6757,186,47,8,817,62,3,54,123,496,171,0,830,1359,433,123,1430,2,20,11,262,21,0,0,195,101,7,1,56,1943,876,1149,2968,287,5,14,1214,133,17,3,360,124,63,6,237,462,16,0,134,0,0,0,0,0,0,0,0,0,6,0,11,5723,2689,1731,7113,292,0,3,340,620,216,475,720,213,64,37,158,0,0,3,26,0,162,0,5,0,0,0,0,0,0,0,0,231,0,3,15,0,0,0,0,3,0,0,1,0,0,0,0,3338,890,261,874,466,26,30,270,35,0,16,183,6,305,0,59,1176,434,440,706,124,22,0,30,97,2,4,88,25,3,0
0,22,0,242,133,0,0,0,0,0,0,0,0,0,0,0,0,436,0,0,128,5,153,0,22,0,0,0,0,0,0,0,0,12,75,25,57,0,0,0,0,0,2,0,0,0,0,4,19,294,240,228,307,32,285,8,20,0,0,0,0,0,0,0,0,22,22,14,38,0,12,0,0,0,0,8,0,0,0,0,0,15,114,0,7,0,0,0,13,0,0,0,0,0,0,0,0,545,24,81,55,173,53,13,13,0,0,0,0,0,0,0,0,62,53,0,83,0,0,0,9,0,0,0,0,0,0,0,9,265,7,1,36,2,0,0,0,0,3,0,0,0,0,0,0,0,4,0,0,0,0,0,0,0,0,0,0,0,0,0,0,712,155,0,3,0,0,0,2,0,0,0,0,0,0,0,0,256,477,2,151,0,0,0,49,0,0,0,8,0,8,0,0,0,0,0,0,0,0,0,0,0,0,0,0,0,0,0,1,15,1,26,34,0,0,0,26,6,10,0,90,0,0,0,0,159,12,6,54,0,1,0,0,2,2,0,6,14,0,0,5,0,13,0,0,0,0,0,0,7,0,0,0,0,0,0,0,441,20,0,31,0,5,0,0,6,0,0,1,0,0,0,0,19,18,0,35,0,0,0,1,23,1,0,0,0,1,0,9,55,22,10,89,8,0,0,1,0,0,0,0,17,0,0,0,3,1,3,0,1,1,0,0,0,0,0,0,0,0,0,0,4,168,101,57,0,0,0,0,0,6,0,0,0,0,0,0,8,1,1,115,11,65,2,14,16,0,0,0,0,0,0,0,140,44,2,121,0,0,0,5,0,0,0,0,0,0,0,0,9,0,0,3,0,0,0,0,0,0,0,0,13,0,0,0,36,4,2,36,0,0,10,6,0,0,0,4,0,0,0,64,24,1,0,19,0,0,0,109,0,0,0,1,0,0,0,2,35,8,0,10,1,0,0,0,0,1,0,0,0,0,0,0,0,0,0,17,0,0,0,0,0,0,0,0,0,0,0,0,0,0,0,0,0,0,0,2,0,0,0,0,0,0,2,0,39,39,16,156,0,0,0,0,0,0,0,6,0,0,0,0,32,987,27,56,0,13,0,4,0,0,0,0,0,0,0,0,131,0,1,36,113,0,0,0,0,0,0,0,0,0,0,0,0,0,10,304,0,0,0,128,0,0,0,0,0,0,0,0,143,70,0,95,0,0,0,0,0,0,0,0,0,0,0,0,297,33,0,37,19,0,0,0,0,0,0,0,0,0,0,0,25,3,0,16,0,0,1,0,8,0,0,12,0,0,0,0,634,22,22,69,11,14,0,3,200,0,0,39,0,0,0,0,57,7,0,197,36,0,0,2,0,4,0,0,0,0,0,109,1,0,21,18,1,0,0,4,0,0,0,0,0,0,0,0,11,0,0,4,0,0,0,3,0,0,0,0,0,0,0,0,1997,980,454,1290,36,14,13,418,220,0,0,53,2,35,0,168,291,12,125,93,0,0,4,2,1,0,0,6,0,0,0,2,2738,584,696,1671,500,112,464,192,41,504,66,270,0,0,0,4,198,11,6,204,183,10,17,25,0,0,2,11,0,0,0,0,4521,881,1855,2447,411,134,212,76,425,5,163,0,342,3,0,260,4361,2192,2323,6470,367,5,575,1028,33,20,379,271,376,0,0,5,0,16,3,4,0,0,0,6,2,0,0,0,0,0,0,0,753,34,12,115,19,1,0,22,1,0,0,2,0,0,0,0,371,6,8,30,184,3,3,4,5,1,13,13,4,2,0,10,1350,1292,535,417,501,183,6,5,13,2,12,5,5,0,2,0,755,14,19,574,173,282,2,121,11,158,2,8,57,37,0,5,119,74,2,251,29,0,0,17,0,2,0,41,16,1,0,8,545,23,4,223,0,17,0,0,0,0,0,0,0,3,0,0,0,0,0,0,14,0,0,0,0,0,0,0,0,0,0,0,0,111,12,16,0,0,0,0,0,0,0,0,0,0,0,0,5924,2800,1757,6757,186,47,8,817,62,3,54,123,496,171,0,830,1359,433,123,1430,2,20,11,262,21,0,0,195,101,7,1,56,1943,876,1149,2968,287,5,14,1214,133,17,3,360,124,63,6,237,462,16,0,134,0,0,0,0,0,0,0,0,0,6,0,11,5722,2689,1733,7114,292,0,3,340,620,216,475,720,213,64,37,158,0,0,3,26,0,162,0,5,0,0,0,0,0,0,0,0,231,0,3,15,0,0,0,0,3,0,0,1,0,0,0,0,3338,890,261,874,466,26,30,270,35,0,16,183,6,305,0,59,1176,434,440,706,124,22,0,30,97,2,4,88,25,3,0
0,22,0,242,133,0,0,0,0,0,0,0,0,0,0,0,0,436,0,0,128,5,153,0,22,0,0,0,0,0,0,0,0,12,75,25,57,0,0,0,0,0,2,0,0,0,0,4,19,294,240,228,307,32,285,8,20,0,0,0,0,0,0,0,0,22,22,14,38,0,12,0,0,0,0,8,0,0,0,0,0,15,114,0,7,0,0,0,13,0,0,0,0,0,0,0,0,545,24,81,55,173,53,13,13,0,0,0,0,0,0,0,0,62,53,0,83,0,0,0,9,0,0,0,0,0,0,0,9,265,7,1,36,2,0,0,0,0,3,0,0,0,0,0,0,0,4,0,0,0,0,0,0,0,0,0,0,0,0,0,0,712,155,0,3,0,0,0,2,0,0,0,0,0,0,0,0,256,478,2,151,0,0,0,49,0,0,0,8,0,8,0,0,0,0,0,0,0,0,0,0,0,0,0,0,0,0,0,1,15,1,26,34,0,0,0,26,6,10,0,90,0,0,0,0,159,12,6,54,0,1,0,0,2,2,0,6,14,0,0,5,0,13,0,0,0,0,0,0,7,0,0,0,0,0,0,0,441,20,0,31,0,5,0,0,6,0,0,1,0,0,0,0,19,18,0,35,0,0,0,1,23,1,0,0,0,1,0,9,55,22,10,89,8,0,0,1,0,0,0,0,17,0,0,0,3,1,3,0,1,1,0,0,0,0,0,0,0,0,0,0,4,168,101,57,0,0,0,0,0,6,0,0,0,0,0,0,8,1,1,115,11,65,2,14,16,0,0,0,0,0,0,0,140,44,2,121,0,0,0,5,0,0,0,0,0,0,0,0,9,0,0,3,0,0,0,0,0,0,0,0,13,0,0,0,36,4,2,36,0,0,10,6,0,0,0,4,0,0,0,64,24,1,0,19,0,0,0,109,0,0,0,1,0,0,0,2,35,8,0,10,1,0,0,0,0,1,0,0,0,0,0,0,0,0,0,17,0,0,0,0,0,0,0,0,0,0,0,0,0,0,0,0,0,0,0,2,0,0,0,0,0,0,2,0,39,39,16,156,0,0,0,0,0,0,0,6,0,0,0,0,32,987,27,56,0,13,0,4,0,0,0,0,0,0,0,0,131,0,1,36,113,0,0,0,0,0,0,0,0,0,0,0,0,0,10,304,0,0,0,128,0,0,0,0,0,0,0,0,143,70,0,95,0,0,0,0,0,0,0,0,0,0,0,0,297,33,0,37,19,0,0,0,0,0,0,0,0,0,0,0,25,3,0,16,0,0,1,0,8,0,0,12,0,0,0,0,634,22,22,69,11,14,0,3,200,0,0,39,0,0,0,0,57,7,0,197,36,0,0,2,0,4,0,0,0,0,0,109,1,0,21,18,1,0,0,4,0,0,0,0,0,0,0,0,11,0,0,4,0,0,0,3,0,0,0,0,0,0,0,0,1999,980,454,1290,36,14,13,418,220,0,0,53,2,35,0,168,291,12,125,93,0,0,4,2,1,0,0,6,0,0,0,2,2737,584,696,1671,500,112,464,192,41,504,66,270,0,0,0,4,198,11,6,204,183,10,17,25,0,0,2,11,0,0,0,0,4521,881,1855,2447,410,134,212,76,424,5,163,0,342,3,0,260,4360,2192,2323,6469,367,5,575,1028,33,20,379,271,376,0,0,5,0,16,3,4,0,0,0,6,2,0,0,0,0,0,0,0,753,34,12,115,19,1,0,22,1,0,0,2,0,0,0,0,371,6,8,30,184,3,3,4,5,1,13,13,4,2,0,10,1350,1293,535,417,501,183,6,5,13,2,12,5,5,0,2,0,755,14,19,574,173,282,2,121,11,158,2,8,57,37,0,5,119,74,2,251,29,0,0,17,0,2,0,41,16,1,0,8,545,23,4,223,0,17,0,0,0,0,0,0,0,3,0,0,0,0,0,0,14,0,0,0,0,0,0,0,0,0,0,0,0,111,12,16,0,0,0,0,0,0,0,0,0,0,0,0,5925,2800,1757,6757,186,47,8,817,62,3,54,123,496,171,0,830,1359,433,123,1430,2,20,11,262,21,0,0,195,101,7,1,56,1943,876,1149,2968,287,5,14,1214,133,17,3,360,124,63,6,237,462,16,0,134,0,0,0,0,0,0,0,0,0,6,0,11,5722,2689,1731,7113,292,0,3,340,620,216,475,720,213,64,37,158,0,0,3,26,0,162,0,5,0,0,0,0,0,0,0,0,231,0,3,15,0,0,0,0,3,0,0,1,0,0,0,0,3338,890,261,874,466,26,30,270,35,0,16,183,6,305,0,59,1176,434,440,706,124,22,0,30,97,2,4,88,25,3,0
0,22,0,242,133,0,0,0,0,0,0,0,0,0,0,0,0,436,0,0,128,5,153,0,22,0,0,0,0,0,0,0,0,12,75,25,57,0,0,0,0,0,2,0,0,0,0,4,19,294,240,228,307,32,285,8,20,0,0,0,0,0,0,0,0,22,22,14,38,0,12,0,0,0,0,8,0,0,0,0,0,15,114,0,7,0,0,0,13,0,0,0,0,0,0,0,0,545,24,81,55,173,53,13,13,0,0,0,0,0,0,0,0,62,53,0,83,0,0,0,9,0,0,0,0,0,0,0,9,265,7,1,36,2,0,0,0,0,3,0,0,0,0,0,0,0,4,0,0,0,0,0,0,0,0,0,0,0,0,0,0,712,155,0,3,0,0,0,2,0,0,0,0,0,0,0,0,256,477,2,151,0,0,0,49,0,0,0,8,0,8,0,0,0,0,0,0,0,0,0,0,0,0,0,0,0,0,0,1,15,1,26,34,0,0,0,26,6,10,0,90,0,0,0,0,159,12,6,54,0,1,0,0,2,2,0,6,14,0,0,5,0,13,0,0,0,0,0,0,7,0,0,0,0,0,0,0,441,20,0,31,0,5,0,0,6,0,0,1,0,0,0,0,19,18,0,35,0,0,0,1,23,1,0,0,0,1,0,9,55,22,10,89,8,0,0,1,0,0,0,0,17,0,0,0,3,1,3,0,1,1,0,0,0,0,0,0,0,0,0,0,4,168,101,57,0,0,0,0,0,6,0,0,0,0,0,0,8,1,1,115,11,65,2,14,16,0,0,0,0,0,0,0,140,44,2,121,0,0,0,5,0,0,0,0,0,0,0,0,9,0,0,3,0,0,0,0,0,0,0,0,13,0,0,0,36,4,2,36,0,0,10,6,0,0,0,4,0,0,0,64,24,1,0,19,0,0,0,109,0,0,0,1,0,0,0,2,35,8,0,10,1,0,0,0,0,1,0,0,0,0,0,0,0,0,0,17,0,0,0,0,0,0,0,0,0,0,0,0,0,0,0,0,0,0,0,2,0,0,0,0,0,0,2,0,39,39,16,156,0,0,0,0,0,0,0,6,0,0,0,0,32,987,27,56,0,13,0,4,0,0,0,0,0,0,0,0,131,0,1,36,113,0,0,0,0,0,0,0,0,0,0,0,0,0,10,304,0,0,0,128,0,0,0,0,0,0,0,0,143,70,0,95,0,0,0,0,0,0,0,0,0,0,0,0,297,33,0,37,19,0,0,0,0,0,0,0,0,0,0,0,25,3,0,16,0,0,1,0,8,0,0,12,0,0,0,0,634,22,22,69,11,14,0,3,200,0,0,39,0,0,0,0,57,7,0,197,36,0,0,2,0,4,0,0,0,0,0,109,1,0,21,18,1,0,0,4,0,0,0,0,0,0,0,0,11,0,0,4,0,0,0,3,0,0,0,0,0,0,0,0,1997,980,454,1290,36,14,13,418,220,0,0,53,2,35,0,168,291,12,125,93,0,0,4,2,1,0,0,6,0,0,0,2,2737,584,696,1671,500,112,464,192,41,504,66,270,0,0,0,4,198,11,6,204,183,10,17,25,0,0,2,11,0,0,0,0,4523,881,1855,2447,410,134,212,76,424,5,163,0,342,3,0,260,4361,2193,2323,6469,367,5,575,1028,33,20,379,271,376,0,0,5,0,16,3,4,0,0,0,6,2,0,0,0,0,0,0,0,753,34,12,115,19,1,0,22,1,0,0,2,0,0,0,0,371,6,8,30,184,3,3,4,5,1,13,13,4,2,0,10,1350,1292,535,417,501,183,6,5,13,2,12,5,5,0,2,0,755,14,19,574,173,282,2,121,11,158,2,8,57,37,0,5,119,74,2,251,29,0,0,17,0,2,0,41,16,1,0,8,545,23,4,223,0,17,0,0,0,0,0,0,0,3,0,0,0,0,0,0,14,0,0,0,0,0,0,0,0,0,0,0,0,111,12,16,0,0,0,0,0,0,0,0,0,0,0,0,5924,2800,1757,6757,186,47,8,817,62,3,54,123,496,171,0,830,1359,433,123,1430,2,20,11,262,21,0,0,195,101,7,1,56,1943,876,1149,2968,287,5,14,1214,133,17,3,360,124,63,6,237,462,16,0,134,0,0,0,0,0,0,0,0,0,6,0,11,5724,2689,1731,7113,292,0,3,340,620,216,475,720,213,64,37,158,0,0,3,26,0,162,0,5,0,0,0,0,0,0,0,0,231,0,3,15,0,0,0,0,3,0,0,1,0,0,0,0,3338,890,261,874,466,26,30,270,35,0,16,183,6,305,0,59,1176,434,440,706,124,22,0,30,97,2,4,88,25,3,0
0,22,0,242,133,0,0,0,0,0,0,0,0,0,0,0,0,436,0,0,128,5,153,0,22,0,0,0,0,0,0,0,0,12,75,25,57,0,0,0,0,0,2,0,0,0,0,4,19,294,240,228,307,32,285,8,20,0,0,0,0,0,0,0,0,22,22,14,38,0,12,0,0,0,0,8,0,0,0,0,0,15,114,0,7,0,0,0,13,0,0,0,0,0,0,0,0,545,24,81,55,173,53,13,13,0,0,0,0,0,0,0,0,62,53,0,83,0,0,0,9,0,0,0,0,0,0,0,9,266,7,1,36,2,0,0,0,0,3,0,0,0,0,0,0,0,4,0,0,0,0,0,0,0,0,0,0,0,0,0,0,712,155,0,3,0,0,0,2,0,0,0,0,0,0,0,0,256,477,2,151,0,0,0,49,0,0,0,8,0,8,0,0,0,0,0,0,0,0,0,0,0,0,0,0,0,0,0,1,15,1,26,34,0,0,0,26,6,10,0,90,0,0,0,0,159,12,6,54,0,1,0,0,2,2,0,6,14,0,0,5,0,13,0,0,0,0,0,0,7,0,0,0,0,0,0,0,441,20,0,31,0,5,0,0,6,0,0,1,0,0,0,0,19,18,0,35,0,0,0,1,23,1,0,0,0,1,0,9,55,22,10,89,8,0,0,1,0,0,0,0,17,0,0,0,3,1,3,0,1,1,0,0,0,0,0,0,0,0,0,0,4,168,101,57,0,0,0,0,0,6,0,0,0,0,0,0,8,1,1,115,11,65,2,14,16,0,0,0,0,0,0,0,140,44,2,121,0,0,0,5,0,0,0,0,0,0,0,0,9,0,0,3,0,0,0,0,0,0,0,0,13,0,0,0,36,4,2,36,0,0,10,6,0,0,0,4,0,0,0,64,24,1,0,19,0,0,0,109,0,0,0,1,0,0,0,2,35,8,0,10,1,0,0,0,0,1,0,0,0,0,0,0,0,0,0,17,0,0,0,0,0,0,0,0,0,0,0,0,0,0,0,0,0,0,0,2,0,0,0,0,0,0,2,0,39,39,16,156,0,0,0,0,0,0,0,6,0,0,0,0,32,987,27,56,0,13,0,4,0,0,0,0,0,0,0,0,131,0,1,36,113,0,0,0,0,0,0,0,0,0,0,0,0,0,10,304,0,0,0,128,0,0,0,0,0,0,0,0,143,70,0,95,0,0,0,0,0,0,0,0,0,0,0,0,297,33,0,37,19,0,0,0,0,0,0,0,0,0,0,0,25,3,0,16,0,0,1,0,8,0,0,12,0,0,0,0,634,22,22,69,11,14,0,3,200,0,0,39,0,0,0,0,57,7,0,197,36,0,0,2,0,4,0,0,0,0,0,109,1,0,21,18,1,0,0,4,0,0,0,0,0,0,0,0,11,0,0,4,0,0,0,3,0,0,0,0,0,0,0,0,1997,980,454,1290,36,14,13,418,220,0,0,53,2,35,0,168,291,12,125,93,0,0,4,2,1,0,0,6,0,0,0,2,2737,584,696,1671,500,112,464,192,41,504,66,270,0,0,0,4,198,11,6,204,183,10,17,25,0,0,2,11,0,0,0,0,4521,881,1855,2447,410,134,212,76,424,5,163,0,342,3,0,260,4360,2194,2324,6472,367,5,576,1028,33,20,379,272,376,0,0,5,0,16,3,4,0,0,0,6,2,0,0,0,0,0,0,0,753,34,12,115,19,1,0,22,1,0,0,2,0,0,0,0,371,6,8,30,184,3,3,4,5,1,13,13,4,2,0,10,1350,1292,535,417,501,183,6,5,13,2,12,5,5,0,2,0,755,14,19,574,173,282,2,121,11,158,2,8,57,37,0,5,119,74,2,251,29,0,0,17,0,2,0,41,16,1,0,8,545,23,4,223,0,17,0,0,0,0,0,0,0,3,0,0,0,0,0,0,14,0,0,0,0,0,0,0,0,0,0,0,0,111,12,16,0,0,0,0,0,0,0,0,0,0,0,0,5924,2800,1757,6757,186,47,8,817,62,3,54,123,496,171,0,830,1359,433,123,1430,2,20,11,262,21,0,0,195,101,7,1,56,1943,878,1149,2968,287,5,14,1214,133,17,3,362,124,63,6,237,462,16,0,134,0,0,0,0,0,0,0,0,0,6,0,11,5722,2689,1731,7117,292,0,3,340,621,216,476,720,213,64,37,158,0,0,3,26,0,163,0,5,0,0,0,0,0,0,0,0,231,0,3,15,0,0,0,0,3,0,0,1,0,0,0,0,3338,890,261,874,466,26,30,270,35,0,16,183,6,305,0,59,1176,434,440,706,124,22,0,30,97,2,4,88,25,3,0
0,22,0,242,133,0,0,0,0,0,0,0,0,0,0,0,0,436,0,0,128,5,153,0,22,0,0,0,0,0,0,0,0,12,75,25,57,0,0,0,0,0,2,0,0,0,0,4,19,294,240,228,307,32,285,8,20,0,0,0,0,0,0,0,0,22,22,14,38,0,12,0,0,0,0,8,0,0,0,0,0,15,114,0,7,0,0,0,13,0,0,0,0,0,0,0,0,545,24,81,55,173,53,13,13,0,0,0,0,0,0,0,0,62,53,0,83,0,0,0,9,0,0,0,0,0,0,0,9,265,7,1,36,2,0,0,0,0,3,0,0,0,0,0,0,0,4,0,0,0,0,0,0,0,0,0,0,0,0,0,0,712,155,0,3,0,0,0,2,0,0,0,0,0,0,0,0,256,477,2,151,0,0,0,49,0,0,0,8,0,8,0,0,0,0,0,0,0,0,0,0,0,0,0,0,0,0,0,1,15,1,26,34,0,0,0,26,6,10,0,90,0,0,0,0,159,12,6,54,0,1,0,0,2,2,0,6,14,0,0,5,0,13,0,0,0,0,0,0,7,0,0,0,0,0,0,0,441,20,0,31,0,5,0,0,6,0,0,1,0,0,0,0,19,18,0,35,0,0,0,1,23,1,0,0,0,1,0,9,55,22,10,89,8,0,0,1,0,0,0,0,17,0,0,0,3,1,3,0,1,1,0,0,0,0,0,0,0,0,0,0,4,168,102,57,0,0,0,0,0,6,0,0,0,0,0,0,8,1,1,115,11,65,2,14,16,0,0,0,0,0,0,0,140,44,2,121,0,0,0,5,0,0,0,0,0,0,0,0,9,0,0,3,0,0,0,0,0,0,0,0,13,0,0,0,36,4,2,36,0,0,10,6,0,0,0,4,0,0,0,64,24,1,0,19,0,0,0,109,0,0,0,1,0,0,0,2,35,8,0,10,1,0,0,0,0,1,0,0,0,0,0,0,0,0,0,17,0,0,0,0,0,0,0,0,0,0,0,0,0,0,0,0,0,0,0,2,0,0,0,0,0,0,2,0,39,39,16,156,0,0,0,0,0,0,0,6,0,0,0,0,32,987,27,56,0,13,0,4,0,0,0,0,0,0,0,0,131,0,1,36,113,0,0,0,0,0,0,0,0,0,0,0,0,0,10,304,0,0,0,128,0,0,0,0,0,0,0,0,143,70,0,95,0,0,0,0,0,0,0,0,0,0,0,0,297,33,0,37,19,0,0,0,0,0,0,0,0,0,0,0,25,3,0,16,0,0,1,0,8,0,0,12,0,0,0,0,634,22,22,69,11,14,0,3,200,0,0,39,0,0,0,0,57,7,0,197,36,0,0,2,0,4,0,0,0,0,0,109,1,0,21,18,1,0,0,4,0,0,0,0,0,0,0,0,11,0,0,4,0,0,0,3,0,0,0,0,0,0,0,0,1997,980,454,1290,36,14,13,418,220,0,0,53,2,35,0,168,291,12,125,93,0,0,4,2,1,0,0,6,0,0,0,2,2737,584,696,1671,500,112,464,192,41,504,66,270,0,0,0,4,198,11,6,204,183,10,17,25,0,0,2,11,0,0,0,0,4521,881,1855,2447,410,134,212,76,424,5,163,0,342,3,0,260,4360,2192,2323,6469,367,5,575,1028,33,20,379,271,376,0,0,5,0,16,3,4,0,0,0,6,2,0,0,0,0,0,0,0,753,34,12,115,19,1,0,22,1,0,0,2,0,0,0,0,371,6,8,30,184,3,3,4,5,1,13,13,4,2,0,10,1351,1292,535,417,501,184,6,5,13,2,12,5,5,0,2,0,755,14,19,574,173,282,2,121,11,158,2,8,57,37,0,5,119,74,2,251,29,0,0,17,0,2,0,41,16,1,0,8,545,23,4,223,0,17,0,0,0,0,0,0,0,3,0,0,0,0,0,0,14,0,0,0,0,0,0,0,0,0,0,0,0,111,12,16,0,0,0,0,0,0,0,0,0,0,0,0,5926,2801,1757,6760,186,47,8,817,62,3,54,123,496,171,0,831,1359,433,123,1430,2,20,11,262,21,0,0,195,101,7,1,56,1943,876,1149,2968,287,5,14,1214,133,17,3,360,124,63,6,237,462,16,0,134,0,0,0,0,0,0,0,0,0,6,0,11,5722,2689,1731,7113,292,0,3,340,620,216,475,720,213,64,37,158,0,0,3,26,0,162,0,5,0,0,0,0,0,0,0,0,231,0,3,15,0,0,0,0,3,0,0,1,0,0,0,0,3339,892,262,875,468,26,30,270,35,0,16,183,6,305,0,59,1176,434,440,706,124,22,0,30,97,2,4,88,25,3,0
0,22,0,242,133,0,0,0,0,0,0,0,0,0,0,0,0,436,0,0,128,5,153,0,22,0,0,0,0,0,0,0,0,12,75,25,57,0,0,0,0,0,2,0,0,0,0,4,19,294,240,228,307,32,285,8,20,0,0,0,0,0,0,0,0,22,22,14,38,0,12,0,0,0,0,8,0,0,0,0,0,15,114,0,7,0,0,0,13,0,0,0,0,0,0,0,0,545,24,81,55,173,53,13,13,0,0,0,0,0,0,0,0,62,53,0,83,0,0,0,9,0,0,0,0,0,0,0,9,265,7,1,36,2,0,0,0,0,3,0,0,0,0,0,0,0,4,0,0,0,0,0,0,0,0,0,0,0,0,0,0,712,155,0,3,0,0,0,2,0,0,0,0,0,0,0,0,256,477,2,151,0,0,0,49,0,0,0,8,0,8,0,0,0,0,0,0,0,0,0,0,0,0,0,0,0,0,0,1,15,1,26,34,0,0,0,26,6,10,0,90,0,0,0,0,159,12,6,54,0,1,0,0,2,2,0,6,14,0,0,5,0,13,0,0,0,0,0,0,7,0,0,0,0,0,0,0,441,20,0,31,0,5,0,0,6,0,0,1,0,0,0,0,19,18,0,35,0,0,0,1,23,1,0,0,0,1,0,9,55,22,10,89,8,0,0,1,0,0,0,0,17,0,0,0,3,1,3,0,1,1,0,0,0,0,0,0,0,0,0,0,4,168,101,57,0,0,0,0,0,6,0,0,0,0,0,0,8,1,1,115,11,65,2,14,16,0,0,0,0,0,0,0,140,44,2,121,0,0,0,5,0,0,0,0,0,0,0,0,9,0,0,3,0,0,0,0,0,0,0,0,13,0,0,0,36,4,2,36,0,0,10,6,0,0,0,4,0,0,0,64,24,1,0,19,0,0,0,109,0,0,0,1,0,0,0,2,35,8,0,10,1,0,0,0,0,1,0,0,0,0,0,0,0,0,0,17,0,0,0,0,0,0,0,0,0,0,0,0,0,0,0,0,0,0,0,2,0,0,0,0,0,0,2,0,39,39,16,156,0,0,0,0,0,0,0,6,0,0,0,0,32,987,27,56,0,13,0,4,0,0,0,0,0,0,0,0,131,0,1,36,113,0,0,0,0,0,0,0,0,0,0,0,0,0,10,304,0,0,0,128,0,0,0,0,0,0,0,0,143,70,0,95,0,0,0,0,0,0,0,0,0,0,0,0,297,33,0,37,19,0,0,0,0,0,0,0,0,0,0,0,25,3,0,16,0,0,1,0,8,0,0,12,0,0,0,0,634,22,22,69,11,14,0,3,200,0,0,39,0,0,0,0,57,7,0,197,36,0,0,2,0,4,0,0,0,0,0,109,1,0,21,18,1,0,0,4,0,0,0,0,0,0,0,0,11,0,0,4,0,0,0,3,0,0,0,0,0,0,0,0,1997,980,454,1290,36,14,13,418,220,0,0,53,2,35,0,168,291,12,125,93,0,0,4,2,1,0,0,6,0,0,0,2,2737,584,696,1671,500,112,464,192,41,504,66,270,0,0,0,4,198,11,6,204,183,10,17,25,0,0,2,11,0,0,0,0,4521,881,1855,2448,410,134,212,76,424,5,163,0,342,3,0,260,4361,2192,2323,6470,367,5,575,1028,33,20,379,271,376,0,0,5,0,16,3,4,0,0,0,6,2,0,0,0,0,0,0,0,753,34,12,115,19,1,0,22,1,0,0,2,0,0,0,0,371,6,8,30,184,3,3,4,5,1,13,13,4,2,0,10,1350,1292,535,417,501,183,6,5,13,2,12,5,5,0,2,0,755,14,19,574,173,282,2,121,11,158,2,8,57,37,0,5,119,74,2,251,29,0,0,17,0,2,0,41,16,1,0,8,545,23,4,223,0,17,0,0,0,0,0,0,0,3,0,0,0,0,0,0,14,0,0,0,0,0,0,0,0,0,0,0,0,111,12,16,0,0,0,0,0,0,0,0,0,0,0,0,5924,2800,1757,6757,186,47,8,817,62,3,54,123,496,171,0,830,1359,433,123,1430,2,20,11,262,21,0,0,195,101,7,1,56,1943,876,1149,2969,287,5,14,1214,133,17,3,360,124,63,6,237,462,16,0,134,0,0,0,0,0,0,0,0,0,6,0,11,5722,2691,1731,7115,292,0,3,340,620,216,475,720,213,64,37,158,0,0,3,26,0,162,0,5,0,0,0,0,0,0,0,0,231,0,3,15,0,0,0,0,3,0,0,1,0,0,0,0,3338,890,261,874,466,26,30,270,35,0,16,183,6,305,0,59,1176,434,440,706,124,22,0,30,97,2,4,88,25,3,0
0,22,0,242,133,0,0,0,0,0,0,0,0,0,0,0,0,436,0,0,128,5,153,0,22,0,0,0,0,0,0,0,0,12,75,25,57,0,0,0,0,0,2,0,0,0,0,4,19,294,240,228,307,32,285,8,20,0,0,0,0,0,0,0,0,22,22,14,38,0,12,0,0,0,0,8,0,0,0,0,0,15,114,0,7,0,0,0,13,0,0,0,0,0,0,0,0,545,24,81,55,173,53,13,13,0,0,0,0,0,0,0,0,62,53,0,83,0,0,0,9,0,0,0,0,0,0,0,9,265,7,1,36,2,0,0,0,0,3,0,0,0,0,0,0,0,4,0,0,0,0,0,0,0,0,0,0,0,0,0,0,712,155,0,3,0,0,0,2,0,0,0,0,0,0,0,0,256,477,2,151,0,0,0,49,0,0,0,8,0,8,0,0,0,0,0,0,0,0,0,0,0,0,0,0,0,0,0,1,15,1,26,34,0,0,0,26,6,10,0,90,0,0,0,0,159,12,6,54,0,1,0,0,2,2,0,6,14,0,0,5,0,13,0,0,0,0,0,0,7,0,0,0,0,0,0,0,441,20,0,31,0,5,0,0,6,0,0,1,0,0,0,0,19,18,0,35,0,0,0,1,23,1,0,0,0,1,0,9,55,22,10,89,8,0,0,1,0,0,0,0,17,0,0,0,3,1,3,0,1,1,0,0,0,0,0,0,0,0,0,0,4,168,101,57,0,0,0,0,0,6,0,0,0,0,0,0,8,1,1,115,11,65,2,14,16,0,0,0,0,0,0,0,140,44,2,121,0,0,0,5,0,0,0,0,0,0,0,0,9,0,0,3,0,0,0,0,0,0,0,0,13,0,0,0,36,4,2,36,0,0,10,6,0,0,0,4,0,0,0,64,24,1,0,19,0,0,0,109,0,0,0,1,0,0,0,2,35,8,0,10,1,0,0,0,0,1,0,0,0,0,0,0,0,0,0,17,0,0,0,0,0,0,0,0,0,0,0,0,0,0,0,0,0,0,0,2,0,0,0,0,0,0,2,0,39,39,16,156,0,0,0,0,0,0,0,6,0,0,0,0,32,987,27,56,0,13,0,4,0,0,0,0,0,0,0,0,131,0,1,36,113,0,0,0,0,0,0,0,0,0,0,0,0,0,10,304,0,0,0,128,0,0,0,0,0,0,0,0,143,70,0,95,0,0,0,0,0,0,0,0,0,0,0,0,297,33,0,37,19,0,0,0,0,0,0,0,0,0,0,0,25,3,0,16,0,0,1,0,8,0,0,12,0,0,0,0,634,22,22,69,11,14,0,3,200,0,0,39,0,0,0,0,57,7,0,197,36,0,0,2,0,4,0,0,0,0,0,109,1,0,21,18,1,0,0,4,0,0,0,0,0,0,0,0,11,0,0,4,0,0,0,3,0,0,0,0,0,0,0,0,1997,980,454,1290,36,14,13,418,220,0,0,53,2,35,0,168,291,12,125,93,0,0,4,2,1,0,0,6,0,0,0,2,2738,584,696,1671,500,112,464,192,41,504,66,270,0,0,0,4,198,11,6,204,183,10,17,25,0,0,2,11,0,0,0,0,4521,881,1855,2447,411,134,212,76,425,5,163,0,342,3,0,260,4361,2192,2323,6470,367,5,575,1028,33,20,379,271,376,0,0,5,0,16,3,4,0,0,0,6,2,0,0,0,0,0,0,0,753,34,12,115,19,1,0,22,1,0,0,2,0,0,0,0,371,6,8,30,184,3,3,4,5,1,13,13,4,2,0,10,1350,1292,535,417,501,183,6,5,13,2,12,5,5,0,2,0,755,14,19,574,173,282,2,121,11,158,2,8,57,37,0,5,119,74,2,251,29,0,0,17,0,2,0,41,16,1,0,8,545,23,4,223,0,17,0,0,0,0,0,0,0,3,0,0,0,0,0,0,14,0,0,0,0,0,0,0,0,0,0,0,0,111,12,16,0,0,0,0,0,0,0,0,0,0,0,0,5924,2800,1757,6757,186,47,8,817,62,3,54,123,496,171,0,830,1359,433,123,1430,2,20,11,262,21,0,0,195,101,7,1,56,1943,876,1149,2968,287,5,14,1214,133,17,3,360,124,63,6,237,462,16,0,134,0,0,0,0,0,0,0,0,0,6,0,11,5722,2689,1733,7114,292,0,3,340,620,216,475,720,213,64,37,158,0,0,3,26,0,162,0,5,0,0,0,0,0,0,0,0,231,0,3,15,0,0,0,0,3,0,0,1,0,0,0,0,3338,890,261,874,466,26,30,270,35,0,16,183,6,305,0,59,1176,434,440,706,124,22,0,30,97,2,4,88,25,3,0
0,22,0,242,133,0,0,0,0,0,0,0,0,0,0,0,0,436,0,0,128,5,153,0,22,0,0,0,0,0,0,0,0,12,75,25,57,0,0,0,0,0,2,0,0,0,0,4,19,294,240,228,307,32,285,8,20,0,0,0,0,0,0,0,0,22,22,14,38,0,12,0,0,0,0,8,0,0,0,0,0,15,114,0,7,0,0,0,13,0,0,0,0,0,0,0,0,545,24,81,55,173,53,13,13,0,0,0,0,0,0,0,0,62,53,0,83,0,0,0,9,0,0,0,0,0,0,0,9,265,7,1,36,2,0,0,0,0,3,0,0,0,0,0,0,0,4,0,0,0,0,0,0,0,0,0,0,0,0,0,0,712,155,0,3,0,0,0,2,0,0,0,0,0,0,0,0,256,477,2,151,0,0,0,49,0,0,0,8,0,8,0,0,0,0,0,0,0,0,0,0,0,0,0,0,0,0,0,1,15,1,26,34,0,0,0,26,6,10,0,90,0,0,0,0,159,12,6,54,0,1,0,0,2,2,0,6,14,0,0,5,0,13,0,0,0,0,0,0,7,0,0,0,0,0,0,0,441,20,0,31,0,5,0,0,6,0,0,1,0,0,0,0,19,18,0,35,0,0,0,1,23,1,0,0,0,1,0,9,55,22,10,89,8,0,0,1,0,0,0,0,17,0,0,0,3,1,3,0,1,1,0,0,0,0,0,0,0,0,0,0,4,168,101,57,0,0,0,0,0,6,0,0,0,0,0,0,8,1,1,115,11,65,2,14,16,0,0,0,0,0,0,0,140,44,2,121,0,0,0,5,0,0,0,0,0,0,0,0,9,0,0,3,0,0,0,0,0,0,0,0,13,0,0,0,36,4,2,36,0,0,10,6,0,0,0,4,0,0,0,64,24,1,0,19,0,0,0,109,0,0,0,1,0,0,0,2,35,8,0,10,1,0,0,0,0,1,0,0,0,0,0,0,0,0,0,17,0,0,0,0,0,0,0,0,0,0,0,0,0,0,0,0,0,0,0,2,0,0,0,0,0,0,2,0,39,39,16,156,0,0,0,0,0,0,0,6,0,0,0,0,32,987,27,56,0,13,0,4,0,0,0,0,0,0,0,0,131,0,1,36,113,0,0,0,0,0,0,0,0,0,0,0,0,0,10,304,0,0,0,128,0,0,0,0,0,0,0,0,143,70,0,95,0,0,0,0,0,0,0,0,0,0,0,0,297,33,0,37,19,0,0,0,0,0,0,0,0,0,0,0,25,3,0,16,0,0,1,0,8,0,0,12,0,0,0,0,634,22,22,69,11,14,0,3,200,0,0,39,0,0,0,0,57,7,0,197,36,0,0,2,0,4,0,0,0,0,0,109,1,0,21,18,1,0,0,4,0,0,0,0,0,0,0,0,11,0,0,4,0,0,0,3,0,0,0,0,0,0,0,0,1997,980,454,1290,36,14,13,418,220,0,0,53,2,35,0,168,291,12,125,93,0,0,4,2,1,0,0,6,0,0,0,2,2737,584,696,1671,500,112,464,192,41,504,66,270,0,0,0,4,198,11,6,204,183,10,17,25,0,0,2,11,0,0,0,0,4521,881,1855,2448,410,134,212,76,424,5,163,0,342,3,0,260,4361,2192,2323,6470,367,5,575,1028,33,20,379,271,376,0,0,5,0,16,3,4,0,0,0,6,2,0,0,0,0,0,0,0,753,34,12,115,19,1,0,22,1,0,0,2,0,0,0,0,371,6,8,30,184,3,3,4,5,1,13,13,4,2,0,10,1350,1292,535,417,501,183,6,5,13,2,12,5,5,0,2,0,755,14,19,574,173,282,2,121,11,158,2,8,57,37,0,5,119,74,2,251,29,0,0,17,0,2,0,41,16,1,0,8,545,23,4,223,0,17,0,0,0,0,0,0,0,3,0,0,0,0,0,0,14,0,0,0,0,0,0,0,0,0,0,0,0,111,12,16,0,0,0,0,0,0,0,0,0,0,0,0,5924,2800,1757,6757,186,47,8,817,62,3,54,123,496,171,0,830,1359,433,123,1430,2,20,11,262,21,0,0,195,101,7,1,56,1943,876,1149,2969,287,5,14,1214,133,17,3,360,124,63,6,237,462,16,0,134,0,0,0,0,0,0,0,0,0,6,0,11,5722,2691,1731,7115,292,0,3,340,620,216,475,720,213,64,37,158,0,0,3,26,0,162,0,5,0,0,0,0,0,0,0,0,231,0,3,15,0,0,0,0,3,0,0,1,0,0,0,0,3338,890,261,874,466,26,30,270,35,0,16,183,6,305,0,59,1176,434,440,706,124,22,0,30,97,2,4,88,25,3,0
0,22,0,242,133,0,0,0,0,0,0,0,0,0,0,0,0,436,0,0,128,5,153,0,22,0,0,0,0,0,0,0,0,12,75,25,57,0,0,0,0,0,2,0,0,0,0,4,19,294,240,228,307,32,285,8,20,0,0,0,0,0,0,0,0,22,22,14,38,0,12,0,0,0,0,8,0,0,0,0,0,15,114,0,7,0,0,0,13,0,0,0,0,0,0,0,0,545,24,81,55,173,53,13,13,0,0,0,0,0,0,0,0,62,53,0,83,0,0,0,9,0,0,0,0,0,0,0,9,265,7,1,36,2,0,0,0,0,3,0,0,0,0,0,0,0,4,0,0,0,0,0,0,0,0,0,0,0,0,0,0,712,155,0,3,0,0,0,2,0,0,0,0,0,0,0,0,256,477,2,151,0,0,0,49,0,0,0,8,0,8,0,0,0,0,0,0,0,0,0,0,0,0,0,0,0,0,0,1,15,1,26,34,0,0,0,26,6,10,0,90,0,0,0,0,159,12,6,54,0,1,0,0,2,2,0,6,14,0,0,5,0,13,0,0,0,0,0,0,7,0,0,0,0,0,0,0,441,20,0,31,0,5,0,0,6,0,0,1,0,0,0,0,19,18,0,35,0,0,0,1,23,1,0,0,0,1,0,9,55,22,10,89,8,0,0,1,0,0,0,0,17,0,0,0,3,1,3,0,1,1,0,0,0,0,0,0,0,0,0,0,4,168,101,57,0,0,0,0,0,6,0,0,0,0,0,0,8,1,1,115,11,65,2,14,16,0,0,0,0,0,0,0,140,44,2,121,0,0,0,5,0,0,0,0,0,0,0,0,9,0,0,3,0,0,0,0,0,0,0,0,13,0,0,0,36,4,2,36,0,0,10,6,0,0,0,4,0,0,0,64,24,1,0,19,0,0,0,109,0,0,0,1,0,0,0,2,35,8,0,10,1,0,0,0,0,1,0,0,0,0,0,0,0,0,0,17,0,0,0,0,0,0,0,0,0,0,0,0,0,0,0,0,0,0,0,2,0,0,0,0,0,0,2,0,39,39,16,156,0,0,0,0,0,0,0,6,0,0,0,0,32,987,27,56,0,13,0,4,0,0,0,0,0,0,0,0,131,0,1,36,113,0,0,0,0,0,0,0,0,0,0,0,0,0,10,304,0,0,0,128,0,0,0,0,0,0,0,0,143,70,0,95,0,0,0,0,0,0,0,0,0,0,0,0,297,33,0,37,19,0,0,0,0,0,0,0,0,0,0,0,25,3,0,16,0,0,1,0,8,0,0,12,0,0,0,0,634,22,22,69,11,14,0,3,201,0,0,39,0,0,0,0,57,7,0,197,36,0,0,2,0,4,0,0,0,0,0,109,1,0,21,18,1,0,0,4,0,0,0,0,0,0,0,0,11,0,0,4,0,0,0,3,0,0,0,0,0,0,0,0,1997,980,454,1290,36,14,13,418,220,0,0,53,2,35,0,168,291,12,125,93,0,0,4,2,1,0,0,6,0,0,0,2,2737,584,696,1671,500,112,464,192,41,504,66,270,0,0,0,4,198,11,6,204,183,10,17,25,0,0,2,11,0,0,0,0,4521,881,1855,2447,410,134,212,76,424,5,163,0,342,3,0,260,4362,2192,2323,6469,367,5,575,1028,33,20,379,271,376,0,0,5,0,16,3,4,0,0,0,6,2,0,0,0,0,0,0,0,753,34,12,115,19,1,0,22,1,0,0,2,0,0,0,0,371,6,8,30,184,3,3,4,5,1,13,13,4,2,0,10,1350,1293,535,417,501,183,6,5,13,2,12,5,5,0,2,0,755,14,19,574,173,282,2,121,11,158,2,8,57,37,0,5,119,74,2,251,29,0,0,17,0,2,0,41,16,1,0,8,545,23,4,223,0,17,0,0,0,0,0,0,0,3,0,0,0,0,0,0,14,0,0,0,0,0,0,0,0,0,0,0,0,111,12,16,0,0,0,0,0,0,0,0,0,0,0,0,5924,2800,1757,6758,186,47,8,817,62,3,54,123,496,171,0,830,1359,433,123,1430,2,20,11,262,21,0,0,195,101,7,1,56,1944,876,1149,2968,287,5,14,1214,133,17,3,360,124,63,6,237,462,16,0,134,0,0,0,0,0,0,0,0,0,6,0,11,5722,2690,1731,7113,292,0,3,340,620,216,475,720,214,64,37,158,0,0,3,26,0,162,0,5,0,0,0,0,0,0,0,0,231,0,3,15,0,0,0,0,3,0,0,1,0,0,0,0,3338,890,261,874,466,26,30,270,35,0,16,183,6,305,0,59,1176,434,440,706,124,22,0,30,97,2,4,88,25,3,0
0,22,0,242,133,0,0,0,0,0,0,0,0,0,0,0,0,436,0,0,128,5,153,0,22,0,0,0,0,0,0,0,0,12,75,25,57,0,0,0,0,0,2,0,0,0,0,4,19,294,240,228,307,32,285,8,20,0,0,0,0,0,0,0,0,22,22,14,38,0,12,0,0,0,0,8,0,0,0,0,0,15,114,0,7,0,0,0,13,0,0,0,0,0,0,0,0,545,24,81,55,173,53,13,13,0,0,0,0,0,0,0,0,62,53,0,83,0,0,0,9,0,0,0,0,0,0,0,9,265,7,1,36,2,0,0,0,0,3,0,0,0,0,0,0,0,4,0,0,0,0,0,0,0,0,0,0,0,0,0,0,712,155,0,3,0,0,0,2,0,0,0,0,0,0,0,0,256,477,2,151,0,0,0,49,0,0,0,8,0,8,0,0,0,0,0,0,0,0,0,0,0,0,0,0,0,0,0,1,15,1,26,34,0,0,0,26,6,10,0,90,0,0,0,0,159,12,6,54,0,1,0,0,2,2,0,6,14,0,0,5,0,13,0,0,0,0,0,0,7,0,0,0,0,0,0,0,441,20,0,31,0,5,0,0,6,0,0,1,0,0,0,0,19,18,0,35,0,0,0,1,23,1,0,0,0,1,0,9,55,22,10,89,8,0,0,1,0,0,0,0,17,0,0,0,3,1,3,0,1,1,0,0,0,0,0,0,0,0,0,0,4,168,101,57,0,0,0,0,0,6,0,0,0,0,0,0,8,1,1,115,11,65,2,14,16,0,0,0,0,0,0,0,140,44,2,121,0,0,0,5,0,0,0,0,0,0,0,0,9,0,0,3,0,0,0,0,0,0,0,0,13,0,0,0,36,4,2,36,0,0,10,6,0,0,0,4,0,0,0,64,24,1,0,19,0,0,0,109,0,0,0,1,0,0,0,2,35,8,0,10,1,0,0,0,0,1,0,0,0,0,0,0,0,0,0,17,0,0,0,0,0,0,0,0,0,0,0,0,0,0,0,0,0,0,0,2,0,0,0,0,0,0,2,0,39,39,16,156,0,0,0,0,0,0,0,6,0,0,0,0,32,987,27,56,0,13,0,4,0,0,0,0,0,0,0,0,131,0,1,36,113,0,0,0,0,0,0,0,0,0,0,0,0,0,10,304,0,0,0,128,0,0,0,0,0,0,0,0,143,70,0,95,0,0,0,0,0,0,0,0,0,0,0,0,297,33,0,37,19,0,0,0,0,0,0,0,0,0,0,0,25,3,0,16,0,0,1,0,8,0,0,12,0,0,0,0,634,22,22,69,11,14,0,3,200,0,0,39,0,0,0,0,57,7,0,197,36,0,0,2,0,4,0,0,0,0,0,109,1,0,21,18,1,0,0,4,0,0,0,0,0,0,0,0,11,0,0,4,0,0,0,3,0,0,0,0,0,0,0,0,1997,980,454,1290,36,14,13,418,220,0,0,53,2,35,0,168,291,12,125,93,0,0,4,2,1,0,0,6,0,0,0,2,2737,584,696,1671,500,112,464,192,41,504,66,270,0,0,0,4,198,11,6,204,183,10,17,25,0,0,2,11,0,0,0,0,4521,881,1856,2447,410,134,212,76,424,5,163,0,342,3,0,260,4360,2192,2323,6469,367,5,575,1028,33,20,379,271,376,0,0,5,0,16,3,4,0,0,0,6,2,0,0,0,0,0,0,0,753,34,12,115,19,1,0,22,1,0,0,2,0,0,0,0,371,6,8,30,184,3,3,4,5,1,13,13,4,2,0,10,1350,1292,535,417,501,183,6,5,13,2,12,5,5,0,2,0,755,14,19,574,173,282,2,121,11,158,2,8,57,37,0,5,119,74,2,251,29,0,0,17,0,2,0,41,16,1,0,8,545,23,4,223,0,17,0,0,0,0,0,0,0,3,0,0,0,0,0,0,14,0,0,0,0,0,0,0,0,0,0,0,0,111,12,16,0,0,0,0,0,0,0,0,0,0,0,0,5925,2800,1757,6757,186,47,8,817,62,3,54,123,496,171,0,830,1359,433,123,1430,2,20,11,262,21,0,0,195,101,7,1,56,1943,876,1149,2968,287,5,14,1214,133,17,3,360,124,63,6,237,462,16,0,134,0,0,0,0,0,0,0,0,0,6,0,11,5723,2689,1731,7113,292,0,3,340,620,216,475,720,213,64,37,158,0,0,3,26,0,162,0,5,0,0,0,0,0,0,0,0,231,0,3,15,0,0,0,0,3,0,0,1,0,0,0,0,3338,890,261,874,466,26,30,270,35,0,16,183,6,305,0,59,1176,434,440,706,124,22,0,30,97,2,4,88,25,3,0
0,22,0,242,133,0,0,0,0,0,0,0,0,0,0,0,0,436,0,0,128,5,153,0,22,0,0,0,0,0,0,0,0,12,75,25,57,0,0,0,0,0,2,0,0,0,0,4,19,294,240,228,307,32,285,8,20,0,0,0,0,0,0,0,0,22,22,14,38,0,12,0,0,0,0,8,0,0,0,0,0,15,114,0,7,0,0,0,13,0,0,0,0,0,0,0,0,545,24,81,55,173,53,13,13,0,0,0,0,0,0,0,0,62,53,0,83,0,0,0,9,0,0,0,0,0,0,0,9,265,7,1,36,2,0,0,0,0,3,0,0,0,0,0,0,0,4,0,0,0,0,0,0,0,0,0,0,0,0,0,0,712,155,0,3,0,0,0,2,0,0,0,0,0,0,0,0,256,477,2,151,0,0,0,49,0,0,0,8,0,8,0,0,0,0,0,0,0,0,0,0,0,0,0,0,0,0,0,1,15,1,26,34,0,0,0,26,6,10,0,90,0,0,0,0,159,12,6,54,0,1,0,0,2,2,0,6,14,0,0,5,0,13,0,0,0,0,0,0,7,0,0,0,0,0,0,0,441,20,0,31,0,5,0,0,6,0,0,1,0,0,0,0,19,18,0,35,0,0,0,1,23,1,0,0,0,1,0,9,55,22,10,89,8,0,0,1,0,0,0,0,17,0,0,0,3,1,3,0,1,1,0,0,0,0,0,0,0,0,0,0,4,168,101,57,0,0,0,0,0,6,0,0,0,0,0,0,8,1,1,115,11,65,2,14,16,0,0,0,0,0,0,0,140,44,2,121,0,0,0,5,0,0,0,0,0,0,0,0,9,0,0,3,0,0,0,0,0,0,0,0,13,0,0,0,36,4,2,36,0,0,10,6,0,0,0,4,0,0,0,64,24,1,0,19,0,0,0,109,0,0,0,1,0,0,0,2,35,8,0,10,1,0,0,0,0,1,0,0,0,0,0,0,0,0,0,17,0,0,0,0,0,0,0,0,0,0,0,0,0,0,0,0,0,0,0,2,0,0,0,0,0,0,2,0,39,39,16,156,0,0,0,0,0,0,0,6,0,0,0,0,32,987,27,56,0,13,0,4,0,0,0,0,0,0,0,0,131,0,1,36,113,0,0,0,0,0,0,0,0,0,0,0,0,0,10,304,0,0,0,128,0,0,0,0,0,0,0,0,143,70,0,95,0,0,0,0,0,0,0,0,0,0,0,0,297,33,0,37,19,0,0,0,0,0,0,0,0,0,0,0,25,3,0,16,0,0,1,0,8,0,0,12,0,0,0,0,634,22,22,69,11,14,0,3,200,0,0,39,0,0,0,0,57,7,0,197,36,0,0,2,0,4,0,0,0,0,0,109,1,0,21,18,1,0,0,4,0,0,0,0,0,0,0,0,11,0,0,4,0,0,0,3,0,0,0,0,0,0,0,0,1997,980,454,1290,36,14,13,418,220,0,0,53,2,35,0,168,291,12,125,93,0,0,4,2,1,0,0,6,0,0,0,2,2737,584,696,1671,500,112,464,192,41,504,66,270,0,0,0,4,198,11,6,204,183,10,17,25,0,0,2,11,0,0,0,0,4521,881,1855,2447,410,134,212,76,424,5,163,0,342,3,0,260,4360,2192,2323,6469,367,5,575,1028,33,20,379,271,376,0,0,5,0,16,3,4,0,0,0,6,2,0,0,0,0,0,0,0,753,34,12,115,19,1,0,22,1,0,0,2,0,0,0,0,371,6,8,30,184,3,3,4,5,1,13,13,4,2,0,10,1350,1292,535,417,501,183,6,5,13,2,12,5,5,0,2,0,755,14,19,574,173,282,2,121,11,158,2,8,57,37,0,5,119,74,2,251,29,0,0,17,0,2,0,41,16,1,0,8,545,23,4,223,0,17,0,0,0,0,0,0,0,3,0,0,0,0,0,0,14,0,0,0,0,0,0,0,0,0,0,0,0,111,12,16,0,0,0,0,0,0,0,0,0,0,0,0,5924,2800,1757,6757,186,47,8,817,62,3,54,123,496,171,0,830,1359,433,123,1430,2,20,11,262,21,0,0,195,101,7,1,56,1943,876,1149,2968,287,5,14,1214,133,17,3,360,124,63,6,237,462,16,0,134,0,0,0,0,0,0,0,0,0,6,0,11,5722,2689,1731,7113,292,0,3,340,620,216,475,720,213,64,37,158,0,0,3,26,0,162,0,5,0,0,0,0,0,0,0,0,231,0,3,15,0,0,0,0,3,0,0,1,0,0,0,0,3338,890,261,874,466,26,30,270,35,0,16,183,6,305,0,59,1176,434,440,706,124,22,0,30,97,2,4,88,25,3,0
0,22,0,242,133,0,0,0,0,0,0,0,0,0,0,0,0,436,0,0,128,5,153,0,22,0,0,0,0,0,0,0,0,12,75,25,57,0,0,0,0,0,2,0,0,0,0,4,19,294,240,228,307,32,285,8,20,0,0,0,0,0,0,0,0,22,22,14,38,0,12,0,0,0,0,8,0,0,0,0,0,15,114,0,7,0,0,0,13,0,0,0,0,0,0,0,0,545,24,81,55,173,53,13,13,0,0,0,0,0,0,0,0,62,53,0,83,0,0,0,9,0,0,0,0,0,0,0,9,265,7,1,36,2,0,0,0,0,3,0,0,0,0,0,0,0,4,0,0,0,0,0,0,0,0,0,0,0,0,0,0,712,155,0,3,0,0,0,2,0,0,0,0,0,0,0,0,256,477,2,151,0,0,0,49,0,0,0,8,0,8,0,0,0,0,0,0,0,0,0,0,0,0,0,0,0,0,0,1,15,1,26,34,0,0,0,26,6,10,0,90,0,0,0,0,159,12,6,54,0,1,0,0,2,2,0,6,14,0,0,5,0,13,0,0,0,0,0,0,7,0,0,0,0,0,0,0,441,20,0,31,0,5,0,0,6,0,0,1,0,0,0,0,19,18,0,35,0,0,0,1,23,1,0,0,0,1,0,9,55,22,10,89,8,0,0,1,0,0,0,0,17,0,0,0,3,1,3,0,1,1,0,0,0,0,0,0,0,0,0,0,4,168,101,57,0,0,0,0,0,6,0,0,0,0,0,0,8,1,1,115,11,65,2,14,16,0,0,0,0,0,0,0,140,44,2,121,0,0,0,5,0,0,0,0,0,0,0,0,9,0,0,3,0,0,0,0,0,0,0,0,13,0,0,0,36,4,2,36,0,0,10,6,0,0,0,4,0,0,0,64,24,1,0,19,0,0,0,109,0,0,0,1,0,0,0,2,35,8,0,10,1,0,0,0,0,1,0,0,0,0,0,0,0,0,0,17,0,0,0,0,0,0,0,0,0,0,0,0,0,0,0,0,0,0,0,2,0,0,0,0,0,0,2,0,39,39,16,156,0,0,0,0,0,0,0,6,0,0,0,0,32,987,27,56,0,13,0,4,0,0,0,0,0,0,0,0,131,0,1,36,113,0,0,0,0,0,0,0,0,0,0,0,0,0,10,304,0,0,0,128,0,0,0,0,0,0,0,0,143,70,0,95,0,0,0,0,0,0,0,0,0,0,0,0,297,33,0,37,19,0,0,0,0,0,0,0,0,0,0,0,25,3,0,16,0,0,1,0,8,0,0,12,0,0,0,0,634,22,22,69,11,14,0,3,200,0,0,39,0,0,0,0,57,7,0,197,36,0,0,2,0,4,0,0,0,0,0,109,1,0,21,18,1,0,0,4,0,0,0,0,0,0,0,0,11,0,0,4,0,0,0,3,0,0,0,0,0,0,0,0,1997,980,454,1290,36,14,13,418,220,0,0,53,2,35,0,168,291,12,125,93,0,0,4,2,1,0,0,6,0,0,0,2,2737,584,696,1671,500,112,464,192,41,504,66,270,0,0,0,4,198,11,6,204,183,10,17,25,0,0,2,11,0,0,0,0,4521,881,1855,2447,410,134,212,76,424,5,163,0,342,3,0,260,4360,2192,2323,6469,367,5,575,1028,33,20,379,271,376,0,0,5,0,16,3,4,0,0,0,6,2,0,0,0,0,0,0,0,753,34,12,115,19,1,0,22,1,0,0,2,0,0,0,0,371,6,8,30,184,3,3,4,5,1,13,13,4,2,0,10,1350,1292,535,417,501,183,6,5,13,2,12,5,5,0,2,0,755,14,19,574,173,282,2,121,11,158,2,8,57,37,0,5,119,74,2,251,29,0,0,17,0,2,0,41,16,1,0,8,545,23,4,223,0,17,0,0,0,0,0,0,0,3,0,0,0,0,0,0,14,0,0,0,0,0,0,0,0,0,0,0,0,111,12,16,0,0,0,0,0,0,0,0,0,0,0,0,5924,2800,1757,6757,186,47,8,817,62,3,54,123,496,171,0,830,1359,433,123,1430,2,20,11,262,21,0,0,195,101,7,1,56,1943,876,1149,2968,287,5,14,1214,133,17,3,360,124,63,6,237,462,16,0,134,0,0,0,0,0,0,0,0,0,6,0,11,5722,2689,1731,7113,292,0,3,340,620,216,475,720,213,64,37,158,0,0,3,26,0,162,0,5,0,0,0,0,0,0,0,0,231,0,3,15,0,0,0,0,3,0,0,1,0,0,0,0,3338,890,261,874,466,26,30,270,35,0,16,183,6,305,0,59,1176,434,440,706,124,22,0,30,97,2,4,88,25,3,0
0,22,0,242,133,0,0,0,0,0,0,0,0,0,0,0,0,436,0,0,128,5,153,0,22,0,0,0,0,0,0,0,0,12,75,25,57,0,0,0,0,0,2,0,0,0,0,4,19,294,240,229,307,32,285,8,20,0,0,0,0,0,0,0,0,22,22,14,38,0,12,0,0,0,0,8,0,0,0,0,0,15,114,0,7,0,0,0,13,0,0,0,0,0,0,0,0,545,24,81,55,173,53,13,13,0,0,0,0,0,0,0,0,62,53,0,83,0,0,0,9,0,0,0,0,0,0,0,9,265,7,1,36,2,0,0,0,0,3,0,0,0,0,0,0,0,4,0,0,0,0,0,0,0,0,0,0,0,0,0,0,712,155,0,3,0,0,0,2,0,0,0,0,0,0,0,0,256,477,2,151,0,0,0,49,0,0,0,8,0,8,0,0,0,0,0,0,0,0,0,0,0,0,0,0,0,0,0,1,15,1,26,34,0,0,0,26,6,10,0,90,0,0,0,0,159,12,6,54,0,1,0,0,2,2,0,6,14,0,0,5,0,13,0,0,0,0,0,0,7,0,0,0,0,0,0,0,441,20,0,31,0,5,0,0,6,0,0,1,0,0,0,0,19,18,0,35,0,0,0,1,23,1,0,0,0,1,0,9,55,22,10,89,8,0,0,1,0,0,0,0,17,0,0,0,3,1,3,0,1,1,0,0,0,0,0,0,0,0,0,0,4,168,101,57,0,0,0,0,0,6,0,0,0,0,0,0,8,1,1,115,11,65,2,14,16,0,0,0,0,0,0,0,140,44,2,121,0,0,0,5,0,0,0,0,0,0,0,0,9,0,0,3,0,0,0,0,0,0,0,0,13,0,0,0,36,4,2,36,0,0,10,6,0,0,0,4,0,0,0,64,24,1,0,19,0,0,0,109,0,0,0,1,0,0,0,2,35,8,0,10,1,0,0,0,0,1,0,0,0,0,0,0,0,0,0,17,0,0,0,0,0,0,0,0,0,0,0,0,0,0,0,0,0,0,0,2,0,0,0,0,0,0,2,0,39,39,16,156,0,0,0,0,0,0,0,6,0,0,0,0,32,987,27,57,0,13,0,4,0,0,0,0,0,0,0,0,131,0,1,36,113,0,0,0,0,0,0,0,0,0,0,0,0,0,10,304,0,0,0,128,0,0,0,0,0,0,0,0,143,70,0,95,0,0,0,0,0,0,0,0,0,0,0,0,297,33,0,37,19,0,0,0,0,0,0,0,0,0,0,0,25,3,0,16,0,0,1,0,8,0,0,12,0,0,0,0,634,22,22,69,11,14,0,3,200,0,0,39,0,0,0,0,57,7,0,197,36,0,0,2,0,4,0,0,0,0,0,109,1,0,21,18,1,0,0,4,0,0,0,0,0,0,0,0,11,0,0,4,0,0,0,3,0,0,0,0,0,0,0,0,1997,980,454,1290,36,14,13,418,220,0,0,53,2,35,0,169,291,12,125,93,0,0,4,2,1,0,0,6,0,0,0,2,2738,585,697,1673,500,112,464,192,42,504,66,270,0,0,0,4,198,11,6,204,183,10,17,25,0,0,2,11,0,0,0,0,4521,881,1855,2447,410,134,212,76,424,5,163,0,342,3,0,260,4360,2192,2323,6469,367,5,575,1028,33,20,379,271,376,0,0,5,0,16,3,4,0,0,0,6,2,0,0,0,0,0,0,0,753,34,12,115,19,1,0,22,1,0,0,2,0,0,0,0,371,6,8,30,184,3,3,4,5,1,13,13,4,2,0,10,1352,1292,535,417,501,183,6,5,13,2,12,5,5,0,2,0,755,14,19,574,173,282,2,121,11,158,2,8,57,37,0,5,119,74,2,251,29,0,0,17,0,2,0,41,16,1,0,8,545,23,4,223,0,17,0,0,0,0,0,0,0,3,0,0,0,0,0,0,14,0,0,0,0,0,0,0,0,0,0,0,0,111,12,16,0,0,0,0,0,0,0,0,0,0,0,0,5924,2800,1759,6760,186,48,8,819,62,3,54,123,496,171,0,830,1359,433,123,1430,2,20,11,262,21,0,0,195,101,7,1,56,1943,876,1149,2970,287,5,14,1215,133,17,3,360,124,63,6,237,462,16,0,135,0,0,0,0,0,0,0,0,0,6,0,11,5722,2689,1731,7113,292,0,3,340,620,216,475,720,213,64,37,158,0,0,3,26,0,162,0,5,0,0,0,0,0,0,0,0,231,0,3,15,0,0,0,0,3,0,0,1,0,0,0,0,3338,891,261,874,466,26,30,270,35,0,16,183,6,305,0,59,1177,434,440,706,124,22,0,30,97,2,4,88,25,3,0
0,22,0,242,133,0,0,0,0,0,0,0,0,0,0,0,0,436,0,0,128,5,153,0,22,0,0,0,0,0,0,0,0,12,75,25,57,0,0,0,0,0,2,0,0,0,0,4,19,294,240,228,307,32,285,8,20,0,0,0,0,0,0,0,0,22,22,14,38,0,12,0,0,0,0,8,0,0,0,0,0,15,114,0,7,0,0,0,13,0,0,0,0,0,0,0,0,545,24,81,55,173,53,13,13,0,0,0,0,0,0,0,0,62,53,0,83,0,0,0,9,0,0,0,0,0,0,0,9,265,7,1,36,2,0,0,0,0,3,0,0,0,0,0,0,0,4,0,0,0,0,0,0,0,0,0,0,0,0,0,0,714,155,0,3,0,0,0,2,0,0,0,0,0,0,0,0,256,477,2,151,0,0,0,49,0,0,0,8,0,8,0,0,0,0,0,0,0,0,0,0,0,0,0,0,0,0,0,1,15,1,26,34,0,0,0,26,6,10,0,90,0,0,0,0,159,12,6,54,0,1,0,0,2,2,0,6,14,0,0,5,0,13,0,0,0,0,0,0,7,0,0,0,0,0,0,0,441,20,0,31,0,5,0,0,6,0,0,1,0,0,0,0,19,18,0,35,0,0,0,1,23,1,0,0,0,1,0,9,55,22,10,89,8,0,0,1,0,0,0,0,17,0,0,0,3,1,3,0,1,1,0,0,0,0,0,0,0,0,0,0,4,168,101,57,0,0,0,0,0,6,0,0,0,0,0,0,8,1,1,115,11,65,2,14,16,0,0,0,0,0,0,0,140,44,2,121,0,0,0,5,0,0,0,0,0,0,0,0,9,0,0,3,0,0,0,0,0,0,0,0,13,0,0,0,36,4,2,36,0,0,10,6,0,0,0,4,0,0,0,64,24,1,0,19,0,0,0,109,0,0,0,1,0,0,0,2,35,8,0,10,1,0,0,0,0,1,0,0,0,0,0,0,0,0,0,17,0,0,0,0,0,0,0,0,0,0,0,0,0,0,0,0,0,0,0,2,0,0,0,0,0,0,2,0,39,39,16,156,0,0,0,0,0,0,0,6,0,0,0,0,32,987,27,56,0,13,0,4,0,0,0,0,0,0,0,0,131,0,1,36,113,0,0,0,0,0,0,0,0,0,0,0,0,0,10,304,0,0,0,128,0,0,0,0,0,0,0,0,143,70,0,95,0,0,0,0,0,0,0,0,0,0,0,0,297,33,0,37,19,0,0,0,0,0,0,0,0,0,0,0,25,3,0,16,0,0,1,0,8,0,0,12,0,0,0,0,634,22,22,69,11,14,0,3,200,0,0,39,0,0,0,0,57,7,0,197,36,0,0,2,0,4,0,0,0,0,0,109,1,0,21,18,1,0,0,4,0,0,0,0,0,0,0,0,11,0,0,4,0,0,0,3,0,0,0,0,0,0,0,0,1997,980,454,1290,36,14,13,418,220,0,0,53,2,35,0,168,291,12,125,93,0,0,4,2,1,0,0,6,0,0,0,2,2737,584,696,1671,500,112,464,192,41,504,66,270,0,0,0,4,198,11,6,204,183,10,17,25,0,0,2,11,0,0,0,0,4521,881,1855,2447,410,134,212,76,424,5,163,0,342,3,0,261,4361,2192,2323,6470,367,5,575,1029,33,20,379,271,376,0,0,5,0,16,3,4,0,0,0,6,2,0,0,0,0,0,0,0,753,34,12,115,19,1,0,22,1,0,0,2,0,0,0,0,371,6,8,30,184,3,3,4,5,1,13,13,4,2,0,10,1350,1292,535,417,501,183,6,5,13,2,12,5,5,0,2,0,755,14,19,574,173,282,2,121,11,158,2,8,57,37,0,5,119,74,2,251,29,0,0,17,0,2,0,41,16,1,0,8,545,23,4,223,0,17,0,0,0,0,0,0,0,3,0,0,0,0,0,0,14,0,0,0,0,0,0,0,0,0,0,0,0,111,12,16,0,0,0,0,0,0,0,0,0,0,0,0,5924,2800,1757,6757,186,47,8,817,62,3,54,123,496,171,0,830,1359,433,123,1430,2,20,11,262,21,0,0,195,101,7,1,56,1943,876,1149,2968,287,5,14,1214,133,17,3,360,124,63,6,237,462,16,0,134,0,0,0,0,0,0,0,0,0,6,0,11,5722,2689,1731,7113,292,0,3,340,620,216,475,720,213,64,37,158,0,0,3,26,0,162,0,5,0,0,0,0,0,0,0,0,231,0,3,15,0,0,0,0,3,0,0,1,0,0,0,0,3339,890,261,874,466,26,30,270,35,0,16,183,6,305,0,59,1176,434,440,706,124,22,0,30,97,2,4,88,25,3,0
0,22,0,242,133,0,0,0,0,0,0,0,0,0,0,0,0,436,0,0,128,5,153,0,22,0,0,0,0,0,0,0,0,12,75,25,57,0,0,0,0,0,2,0,0,0,0,4,19,294,240,228,307,32,285,8,20,0,0,0,0,0,0,0,0,22,22,14,38,0,12,0,0,0,0,8,0,0,0,0,0,15,114,0,7,0,0,0,13,0,0,0,0,0,0,0,0,545,24,81,55,173,53,13,13,0,0,0,0,0,0,0,0,62,53,0,83,0,0,0,9,0,0,0,0,0,0,0,9,265,7,1,36,2,0,0,0,0,3,0,0,0,0,0,0,0,4,0,0,0,0,0,0,0,0,0,0,0,0,0,0,712,155,0,3,0,0,0,2,0,0,0,0,0,0,0,0,256,477,2,151,0,0,0,49,0,0,0,8,0,8,0,0,0,0,0,0,0,0,0,0,0,0,0,0,0,0,0,1,15,1,26,34,0,0,0,26,6,10,0,90,0,0,0,0,159,12,6,54,0,1,0,0,2,2,0,6,14,0,0,5,0,13,0,0,0,0,0,0,7,0,0,0,0,0,0,0,441,20,0,31,0,5,0,0,6,0,0,1,0,0,0,0,19,18,0,35,0,0,0,1,23,1,0,0,0,1,0,9,55,22,10,89,8,0,0,1,0,0,0,0,17,0,0,0,3,1,3,0,1,1,0,0,0,0,0,0,0,0,0,0,4,168,101,57,0,0,0,0,0,6,0,0,0,0,0,0,8,1,1,115,11,65,2,14,16,0,0,0,0,0,0,0,140,44,2,121,0,0,0,5,0,0,0,0,0,0,0,0,9,0,0,3,0,0,0,0,0,0,0,0,13,0,0,0,36,4,2,36,0,0,10,6,0,0,0,4,0,0,0,64,24,1,0,19,0,0,0,109,0,0,0,1,0,0,0,2,35,8,0,10,1,0,0,0,0,1,0,0,0,0,0,0,0,0,0,17,0,0,0,0,0,0,0,0,0,0,0,0,0,0,0,0,0,0,0,2,0,0,0,0,0,0,2,0,39,39,16,156,0,0,0,0,0,0,0,6,0,0,0,0,32,987,27,56,0,13,0,4,0,0,0,0,0,0,0,0,131,0,1,36,113,0,0,0,0,0,0,0,0,0,0,0,0,0,10,304,0,0,0,128,0,0,0,0,0,0,0,0,143,70,0,95,0,0,0,0,0,0,0,0,0,0,0,0,297,33,0,37,19,0,0,0,0,0,0,0,0,0,0,0,25,3,0,16,0,0,1,0,8,0,0,12,0,0,0,0,634,22,22,69,11,14,0,3,200,0,0,39,0,0,0,0,57,7,0,197,36,0,0,2,0,4,0,0,0,0,0,109,1,0,21,18,1,0,0,4,0,0,0,0,0,0,0,0,11,0,0,4,0,0,0,3,0,0,0,0,0,0,0,0,1997,980,454,1290,36,14,13,418,220,0,0,53,2,35,0,168,291,12,125,93,0,0,4,2,1,0,0,6,0,0,0,2,2737,584,696,1671,500,112,464,192,41,504,66,270,0,0,0,4,198,11,6,204,183,10,17,25,0,0,2,11,0,0,0,0,4523,881,1855,2447,410,134,212,76,424,5,163,0,342,3,0,260,4361,2193,2323,6469,367,5,575,1028,33,20,379,271,376,0,0,5,0,16,3,4,0,0,0,6,2,0,0,0,0,0,0,0,753,34,12,115,19,1,0,22,1,0,0,2,0,0,0,0,371,6,8,30,184,3,3,4,5,1,13,13,4,2,0,10,1350,1292,535,417,501,183,6,5,13,2,12,5,5,0,2,0,755,14,19,574,173,282,2,121,11,158,2,8,57,37,0,5,119,74,2,251,29,0,0,17,0,2,0,41,16,1,0,8,545,23,4,223,0,17,0,0,0,0,0,0,0,3,0,0,0,0,0,0,14,0,0,0,0,0,0,0,0,0,0,0,0,111,12,16,0,0,0,0,0,0,0,0,0,0,0,0,5924,2800,1757,6757,186,47,8,817,62,3,54,123,496,171,0,830,1359,433,123,1430,2,20,11,262,21,0,0,195,101,7,1,56,1943,876,1149,2968,287,5,14,1214,133,17,3,360,124,63,6,237,462,16,0,134,0,0,0,0,0,0,0,0,0,6,0,11,5724,2689,1731,7113,292,0,3,340,620,216,475,720,213,64,37,158,0,0,3,26,0,162,0,5,0,0,0,0,0,0,0,0,231,0,3,15,0,0,0,0,3,0,0,1,0,0,0,0,3338,890,261,874,466,26,30,270,35,0,16,183,6,305,0,59,1176,434,440,706,124,22,0,30,97,2,4,88,25,3,0
0,22,0,242,133,0,0,0,0,0,0,0,0,0,0,0,0,436,0,0,128,5,153,0,22,0,0,0,0,0,0,0,0,12,75,25,57,0,0,0,0,0,2,0,0,0,0,4,19,294,240,228,307,32,285,8,20,0,0,0,0,0,0,0,0,22,22,14,38,0,12,0,0,0,0,8,0,0,0,0,0,15,114,0,7,0,0,0,13,0,0,0,0,0,0,0,0,545,24,81,55,173,53,13,13,0,0,0,0,0,0,0,0,62,53,0,83,0,0,0,9,0,0,0,0,0,0,0,9,265,7,1,36,2,0,0,0,0,3,0,0,0,0,0,0,0,4,0,0,0,0,0,0,0,0,0,0,0,0,0,0,712,155,0,3,0,0,0,2,0,0,0,0,0,0,0,0,256,477,2,151,0,0,0,49,0,0,0,8,0,8,0,0,0,0,0,0,0,0,0,0,0,0,0,0,0,0,0,1,15,1,26,34,0,0,0,26,6,10,0,90,0,0,0,0,159,12,6,54,0,1,0,0,2,2,0,6,14,0,0,5,0,13,0,0,0,0,0,0,7,0,0,0,0,0,0,0,441,20,0,31,0,5,0,0,6,0,0,1,0,0,0,0,19,18,0,35,0,0,0,1,23,1,0,0,0,1,0,9,55,22,10,89,8,0,0,1,0,0,0,0,17,0,0,0,3,1,3,0,1,1,0,0,0,0,0,0,0,0,0,0,4,168,101,57,0,0,0,0,0,6,0,0,0,0,0,0,8,1,1,115,11,65,2,14,16,0,0,0,0,0,0,0,140,44,2,121,0,0,0,5,0,0,0,0,0,0,0,0,9,0,0,3,0,0,0,0,0,0,0,0,13,0,0,0,36,4,2,36,0,0,10,6,0,0,0,4,0,0,0,64,24,1,0,19,0,0,0,109,0,0,0,1,0,0,0,2,35,8,0,10,1,0,0,0,0,1,0,0,0,0,0,0,0,0,0,17,0,0,0,0,0,0,0,0,0,0,0,0,0,0,0,0,0,0,0,2,0,0,0,0,0,0,2,0,39,39,16,156,0,0,0,0,0,0,0,6,0,0,0,0,32,988,27,56,0,13,0,4,0,0,0,0,0,0,0,0,131,0,1,36,113,0,0,0,0,0,0,0,0,0,0,0,0,0,10,304,0,0,0,128,0,0,0,0,0,0,0,0,143,70,0,95,0,0,0,0,0,0,0,0,0,0,0,0,297,33,0,37,19,0,0,0,0,0,0,0,0,0,0,0,25,3,0,16,0,0,1,0,8,0,0,12,0,0,0,0,634,22,22,69,11,14,0,3,200,0,0,39,0,0,0,0,57,7,0,197,36,0,0,2,0,4,0,0,0,0,0,109,1,0,21,18,1,0,0,4,0,0,0,0,0,0,0,0,11,0,0,4,0,0,0,3,0,0,0,0,0,0,0,0,1997,980,454,1290,36,14,13,418,220,0,0,53,2,35,0,168,291,12,125,93,0,0,4,2,1,0,0,6,0,0,0,2,2738,584,696,1671,500,112,465,192,41,505,66,270,0,0,0,4,198,11,6,204,183,10,17,25,0,0,2,11,0,0,0,0,4522,881,1855,2447,410,134,212,76,424,5,163,0,342,3,0,260,4360,2192,2324,6469,367,5,576,1029,33,20,379,271,376,0,0,5,0,16,3,4,0,0,0,6,2,0,0,0,0,0,0,0,753,34,12,115,19,1,0,22,1,0,0,2,0,0,0,0,371,6,8,30,184,3,3,4,5,1,13,13,4,2,0,10,1350,1293,535,417,501,183,6,5,13,2,12,5,5,0,2,0,756,14,19,575,173,282,2,121,11,158,2,8,57,37,0,5,119,74,2,251,29,0,0,17,0,2,0,41,16,1,0,8,545,23,4,223,0,17,0,0,0,0,0,0,0,3,0,0,0,0,0,0,14,0,0,0,0,0,0,0,0,0,0,0,0,111,12,16,0,0,0,0,0,0,0,0,0,0,0,0,5926,2800,1758,6759,186,47,8,818,62,3,54,123,496,171,0,830,1359,433,123,1430,2,20,11,262,21,0,0,195,101,7,1,56,1944,876,1149,2968,287,5,14,1216,133,17,3,360,124,63,6,237,462,16,0,134,0,0,0,0,0,0,0,0,0,6,0,11,5722,2689,1731,7114,292,0,3,340,620,216,475,720,213,64,37,158,0,0,3,26,0,162,0,5,0,0,0,0,0,0,0,0,231,0,3,15,0,0,0,0,3,0,0,1,0,0,0,0,3338,890,261,874,466,26,30,270,35,0,16,183,6,305,0,59,1176,434,440,706,124,22,0,30,97,2,4,88,25,3,0
0,22,0,242,133,0,0,0,0,0,0,0,0,0,0,0,0,436,0,0,128,5,153,0,22,0,0,0,0,0,0,0,0,12,75,25,57,0,0,0,0,0,2,0,0,0,0,4,19,294,240,228,307,32,285,8,20,0,0,0,0,0,0,0,0,22,22,14,38,0,12,0,0,0,0,8,0,0,0,0,0,15,114,0,7,0,0,0,13,0,0,0,0,0,0,0,0,545,24,81,55,173,53,13,13,0,0,0,0,0,0,0,0,62,53,0,83,0,0,0,9,0,0,0,0,0,0,0,9,265,7,1,36,2,0,0,0,0,3,0,0,0,0,0,0,0,4,0,0,0,0,0,0,0,0,0,0,0,0,0,0,712,155,0,3,0,0,0,2,0,0,0,0,0,0,0,0,256,477,2,151,0,0,0,49,0,0,0,8,0,8,0,0,0,0,0,0,0,0,0,0,0,0,0,0,0,0,0,1,15,1,26,34,0,0,0,26,6,10,0,90,0,0,0,0,159,12,6,54,0,1,0,0,2,2,0,6,14,0,0,5,0,13,0,0,0,0,0,0,7,0,0,0,0,0,0,0,441,20,0,31,0,5,0,0,6,0,0,1,0,0,0,0,19,18,0,35,0,0,0,1,23,1,0,0,0,1,0,9,55,22,10,89,8,0,0,1,0,0,0,0,17,0,0,0,3,1,3,0,1,1,0,0,0,0,0,0,0,0,0,0,4,168,101,57,0,0,0,0,0,6,0,0,0,0,0,0,8,1,1,115,11,65,2,14,16,0,0,0,0,0,0,0,140,44,2,121,0,0,0,5,0,0,0,0,0,0,0,0,9,0,0,3,0,0,0,0,0,0,0,0,13,0,0,0,36,4,2,36,0,0,10,6,0,0,0,4,0,0,0,64,24,1,0,19,0,0,0,109,0,0,0,1,0,0,0,2,35,8,0,10,1,0,0,0,0,1,0,0,0,0,0,0,0,0,0,17,0,0,0,0,0,0,0,0,0,0,0,0,0,0,0,0,0,0,0,2,0,0,0,0,0,0,2,0,39,39,16,156,0,0,0,0,0,0,0,6,0,0,0,0,32,987,27,56,0,13,0,4,0,0,0,0,0,0,0,0,131,0,1,36,113,0,0,0,0,0,0,0,0,0,0,0,0,0,10,305,0,0,0,128,0,0,0,0,0,0,0,0,143,70,0,95,0,0,0,0,0,0,0,0,0,0,0,0,297,33,0,37,19,0,0,0,0,0,0,0,0,0,0,0,25,3,0,16,0,0,1,0,8,0,0,12,0,0,0,0,634,22,22,69,11,14,0,3,200,0,0,39,0,0,0,0,57,7,0,197,36,0,0,2,0,4,0,0,0,0,0,109,1,0,21,18,1,0,0,4,0,0,0,0,0,0,0,0,11,0,0,4,0,0,0,3,0,0,0,0,0,0,0,0,1997,980,454,1290,36,14,13,418,220,0,0,53,2,35,0,168,291,12,125,93,0,0,4,2,1,0,0,6,0,0,0,2,2738,584,697,1671,500,112,464,192,41,504,66,270,0,0,0,4,198,11,6,204,183,10,17,25,0,0,2,11,0,0,0,0,4521,881,1855,2447,410,134,212,77,424,5,163,0,342,3,0,260,4360,2192,2323,6471,367,5,575,1028,33,20,379,271,376,0,0,5,0,16,3,4,0,0,0,6,2,0,0,0,0,0,0,0,753,34,12,115,19,1,0,22,1,0,0,2,0,0,0,0,371,6,8,30,184,3,3,4,5,1,13,13,4,2,0,10,1350,1292,535,417,501,183,6,5,13,2,12,5,5,0,2,0,755,14,19,574,173,282,2,121,11,158,2,8,57,37,0,5,119,74,2,251,29,0,0,17,0,2,0,41,16,1,0,8,545,23,4,223,0,17,0,0,0,0,0,0,0,3,0,0,0,0,0,0,14,0,0,0,0,0,0,0,0,0,0,0,0,111,12,16,0,0,0,0,0,0,0,0,0,0,0,0,5925,2800,1757,6758,186,47,8,817,62,3,54,123,496,171,0,830,1359,433,123,1430,2,20,11,262,21,0,0,195,101,7,1,56,1943,876,1149,2969,287,5,14,1214,133,17,3,360,124,63,6,237,462,16,0,134,0,0,0,0,0,0,0,0,0,6,0,11,5723,2690,1731,7115,292,0,3,340,620,216,475,720,213,64,37,158,0,0,3,26,0,162,0,5,0,0,0,0,0,0,0,0,231,0,3,15,0,0,0,0,3,0,0,1,0,0,0,0,3338,890,261,874,466,26,30,270,35,0,16,183,6,305,0,59,1176,434,440,706,124,22,0,30,97,2,4,88,25,3,0
0,22,0,242,133,0,0,0,0,0,0,0,0,0,0,0,0,436,0,0,128,5,153,0,22,0,0,0,0,0,0,0,0,12,75,25,57,0,0,0,0,0,2,0,0,0,0,4,19,294,240,228,307,32,285,8,20,0,0,0,0,0,0,0,0,22,22,14,38,0,12,0,0,0,0,8,0,0,0,0,0,15,114,0,7,0,0,0,13,0,0,0,0,0,0,0,0,545,24,81,55,173,53,13,13,0,0,0,0,0,0,0,0,62,53,0,83,0,0,0,9,0,0,0,0,0,0,0,9,265,7,1,36,2,0,0,0,0,3,0,0,0,0,0,0,0,4,0,0,0,0,0,0,0,0,0,0,0,0,0,0,712,155,0,3,0,0,0,2,0,0,0,0,0,0,0,0,256,477,2,151,0,0,0,49,0,0,0,8,0,8,0,0,0,0,0,0,0,0,0,0,0,0,0,0,0,0,0,1,15,1,26,34,0,0,0,26,6,10,0,90,0,0,0,0,159,12,6,54,0,1,0,0,2,2,0,6,14,0,0,5,0,13,0,0,0,0,0,0,7,0,0,0,0,0,0,0,441,20,0,31,0,5,0,0,6,0,0,1,0,0,0,0,19,18,0,35,0,0,0,1,23,1,0,0,0,1,0,9,55,22,10,89,8,0,0,1,0,0,0,0,17,0,0,0,3,1,3,0,1,1,0,0,0,0,0,0,0,0,0,0,4,168,101,57,0,0,0,0,0,6,0,0,0,0,0,0,8,1,1,115,11,65,2,14,16,0,0,0,0,0,0,0,140,44,2,121,0,0,0,5,0,0,0,0,0,0,0,0,9,0,0,3,0,0,0,0,0,0,0,0,13,0,0,0,36,4,2,36,0,0,10,6,0,0,0,4,0,0,0,64,24,1,0,19,0,0,0,109,0,0,0,1,0,0,0,2,35,8,0,10,1,0,0,0,0,1,0,0,0,0,0,0,0,0,0,17,0,0,0,0,0,0,0,0,0,0,0,0,0,0,0,0,0,0,0,2,0,0,0,0,0,0,2,0,39,39,16,156,0,0,0,0,0,0,0,6,0,0,0,0,32,987,27,56,0,13,0,4,0,0,0,0,0,0,0,0,131,0,1,36,113,0,0,0,0,0,0,0,0,0,0,0,0,0,10,304,0,0,0,128,0,0,0,0,0,0,0,0,143,70,0,95,0,0,0,0,0,0,0,0,0,0,0,0,297,33,0,37,19,0,0,0,0,0,0,0,0,0,0,0,25,3,0,16,0,0,1,0,8,0,0,12,0,0,0,0,634,22,22,69,11,14,0,3,200,0,0,39,0,0,0,0,57,7,0,197,36,0,0,2,0,4,0,0,0,0,0,109,1,0,21,18,1,0,0,4,0,0,0,0,0,0,0,0,11,0,0,4,0,0,0,3,0,0,0,0,0,0,0,0,1997,980,454,1290,36,14,13,418,220,0,0,53,2,35,0,168,291,12,125,93,0,0,4,2,1,0,0,6,0,0,0,2,2737,584,696,1671,500,112,464,192,41,504,66,270,0,0,0,4,198,11,6,204,183,10,17,25,0,0,2,11,0,0,0,0,4523,881,1855,2447,410,134,212,76,424,5,163,0,342,3,0,260,4361,2193,2323,6469,367,5,575,1028,33,20,379,271,376,0,0,5,0,16,3,4,0,0,0,6,2,0,0,0,0,0,0,0,753,34,12,115,19,1,0,22,1,0,0,2,0,0,0,0,371,6,8,30,184,3,3,4,5,1,13,13,4,2,0,10,1350,1292,535,417,501,183,6,5,13,2,12,5,5,0,2,0,755,14,19,574,173,282,2,121,11,158,2,8,57,37,0,5,119,74,2,251,29,0,0,17,0,2,0,41,16,1,0,8,545,23,4,223,0,17,0,0,0,0,0,0,0,3,0,0,0,0,0,0,14,0,0,0,0,0,0,0,0,0,0,0,0,111,12,16,0,0,0,0,0,0,0,0,0,0,0,0,5924,2800,1757,6757,186,47,8,817,62,3,54,123,496,171,0,830,1359,433,123,1430,2,20,11,262,21,0,0,195,101,7,1,56,1943,876,1149,2968,287,5,14,1214,133,17,3,360,124,63,6,237,462,16,0,134,0,0,0,0,0,0,0,0,0,6,0,11,5724,2689,1731,7113,292,0,3,340,620,216,475,720,213,64,37,158,0,0,3,26,0,162,0,5,0,0,0,0,0,0,0,0,231,0,3,15,0,0,0,0,3,0,0,1,0,0,0,0,3338,890,261,874,466,26,30,270,35,0,16,183,6,305,0,59,1176,434,440,706,124,22,0,30,97,2,4,88,25,3,0
0,22,0,242,133,0,0,0,0,0,0,0,0,0,0,0,0,436,0,0,128,5,153,0,22,0,0,0,0,0,0,0,0,12,75,25,57,0,0,0,0,0,2,0,0,0,0,4,19,294,240,228,307,32,285,8,20,0,0,0,0,0,0,0,0,22,22,14,38,0,12,0,0,0,0,8,0,0,0,0,0,15,114,0,7,0,0,0,13,0,0,0,0,0,0,0,0,545,24,81,55,173,53,13,13,0,0,0,0,0,0,0,0,62,53,0,83,0,0,0,9,0,0,0,0,0,0,0,9,265,7,1,36,2,0,0,0,0,3,0,0,0,0,0,0,0,4,0,0,0,0,0,0,0,0,0,0,0,0,0,0,712,155,0,3,0,0,0,2,0,0,0,0,0,0,0,0,256,477,2,151,0,0,0,49,0,0,0,8,0,8,0,0,0,0,0,0,0,0,0,0,0,0,0,0,0,0,0,1,15,1,26,34,0,0,0,26,6,10,0,90,0,0,0,0,159,12,6,54,0,1,0,0,2,2,0,6,14,0,0,5,0,13,0,0,0,0,0,0,7,0,0,0,0,0,0,0,441,20,0,31,0,5,0,0,6,0,0,1,0,0,0,0,19,18,0,35,0,0,0,1,23,1,0,0,0,1,0,9,55,22,10,89,8,0,0,1,0,0,0,0,17,0,0,0,3,1,3,0,1,1,0,0,0,0,0,0,0,0,0,0,4,168,101,57,0,0,0,0,0,6,0,0,0,0,0,0,8,1,1,115,11,65,2,14,16,0,0,0,0,0,0,0,140,44,2,121,0,0,0,5,0,0,0,0,0,0,0,0,9,0,0,3,0,0,0,0,0,0,0,0,13,0,0,0,36,4,2,36,0,0,10,6,0,0,0,4,0,0,0,64,24,1,0,19,0,0,0,109,0,0,0,1,0,0,0,2,35,8,0,10,1,0,0,0,0,1,0,0,0,0,0,0,0,0,0,17,0,0,0,0,0,0,0,0,0,0,0,0,0,0,0,0,0,0,0,2,0,0,0,0,0,0,2,0,39,39,16,156,0,0,0,0,0,0,0,6,0,0,0,0,32,987,27,56,0,13,0,4,0,0,0,0,0,0,0,0,131,0,1,36,113,0,0,0,0,0,0,0,0,0,0,0,0,0,10,304,0,0,0,128,0,0,0,0,0,0,0,0,143,70,0,95,0,0,0,0,0,0,0,0,0,0,0,0,297,33,0,37,19,0,0,0,0,0,0,0,0,0,0,0,25,3,0,16,0,0,1,0,8,0,0,12,0,0,0,0,634,22,22,69,11,14,0,3,200,0,0,39,0,0,0,0,57,7,0,197,36,0,0,2,0,4,0,0,0,0,0,109,1,0,21,18,1,0,0,4,0,0,0,0,0,0,0,0,11,0,0,4,0,0,0,3,0,0,0,0,0,0,0,0,1997,980,454,1290,36,14,13,418,220,0,0,53,2,35,0,168,291,12,125,93,0,0,4,2,1,0,0,6,0,0,0,2,2737,584,696,1671,500,112,464,192,41,504,66,270,0,0,0,4,198,11,6,204,183,10,17,25,0,0,2,11,0,0,0,0,4521,881,1855,2447,410,134,212,76,424,5,163,0,342,3,0,260,4360,2192,2323,6469,367,5,575,1028,33,20,379,271,376,0,0,5,0,16,3,4,0,0,0,6,2,0,0,0,0,0,0,0,753,34,12,115,19,1,0,22,1,0,0,2,0,0,0,0,371,6,8,30,184,3,3,4,5,1,13,13,4,2,0,10,1350,1292,535,417,501,183,6,5,13,2,12,5,5,0,2,0,755,14,19,574,173,282,2,121,11,158,2,8,57,37,0,5,119,74,2,251,29,0,0,17,0,2,0,41,16,1,0,8,545,23,4,223,0,17,0,0,0,0,0,0,0,3,0,0,0,0,0,0,14,0,0,0,0,0,0,0,0,0,0,0,0,111,12,16,0,0,0,0,0,0,0,0,0,0,0,0,5924,2800,1757,6757,186,47,8,817,62,3,54,123,496,171,0,830,1359,433,123,1430,2,20,11,262,21,0,0,195,101,7,1,56,1943,876,1149,2968,287,5,14,1214,133,17,3,360,124,63,6,237,462,16,0,134,0,0,0,0,0,0,0,0,0,6,0,11,5722,2689,1731,7113,292,0,3,340,620,216,475,720,213,64,37,158,0,0,3,26,0,162,0,5,0,0,0,0,0,0,0,0,231,0,3,15,0,0,0,0,3,0,0,1,0,0,0,0,3338,890,261,874,466,26,30,270,35,0,16,183,6,305,0,59,1176,434,440,706,124,22,0,30,97,2,4,88,25,3,0
0,22,0,242,133,0,0,0,0,0,0,0,0,0,0,0,0,436,0,0,128,5,153,0,22,0,0,0,0,0,0,0,0,12,75,25,57,0,0,0,0,0,2,0,0,0,0,4,19,294,240,228,307,32,285,8,20,0,0,0,0,0,0,0,0,22,22,14,38,0,12,0,0,0,0,8,0,0,0,0,0,15,114,0,7,0,0,0,13,0,0,0,0,0,0,0,0,545,24,81,55,173,53,13,13,0,0,0,0,0,0,0,0,62,53,0,83,0,0,0,9,0,0,0,0,0,0,0,9,265,7,1,36,2,0,0,0,0,3,0,0,0,0,0,0,0,4,0,0,0,0,0,0,0,0,0,0,0,0,0,0,712,155,0,3,0,0,0,2,0,0,0,0,0,0,0,0,256,477,2,151,0,0,0,49,0,0,0,8,0,8,0,0,0,0,0,0,0,0,0,0,0,0,0,0,0,0,0,1,15,1,26,34,0,0,0,26,6,10,0,90,0,0,0,0,159,12,6,54,0,1,0,0,2,2,0,6,14,0,0,5,0,13,0,0,0,0,0,0,7,0,0,0,0,0,0,0,441,20,0,31,0,5,0,0,6,0,0,1,0,0,0,0,19,18,0,35,0,0,0,1,23,1,0,0,0,1,0,9,55,22,10,89,8,0,0,1,0,0,0,0,17,0,0,0,3,1,3,0,1,1,0,0,0,0,0,0,0,0,0,0,4,168,101,57,0,0,0,0,0,6,0,0,0,0,0,0,8,1,1,115,11,65,2,14,16,0,0,0,0,0,0,0,140,44,2,121,0,0,0,5,0,0,0,0,0,0,0,0,9,0,0,3,0,0,0,0,0,0,0,0,13,0,0,0,36,4,2,36,0,0,10,6,0,0,0,4,0,0,0,64,24,1,0,19,0,0,0,109,0,0,0,1,0,0,0,2,35,8,0,10,1,0,0,0,0,1,0,0,0,0,0,0,0,0,0,17,0,0,0,0,0,0,0,0,0,0,0,0,0,0,0,0,0,0,0,2,0,0,0,0,0,0,2,0,39,39,16,156,0,0,0,0,0,0,0,6,0,0,0,0,32,987,27,56,0,13,0,4,0,0,0,0,0,0,0,0,131,0,1,36,113,0,0,0,0,0,0,0,0,0,0,0,0,0,10,304,0,0,0,128,0,0,0,0,0,0,0,0,143,70,0,95,0,0,0,0,0,0,0,0,0,0,0,0,297,33,0,37,19,0,0,0,0,0,0,0,0,0,0,0,25,3,0,16,0,0,1,0,8,0,0,12,0,0,0,0,634,22,22,69,11,14,0,3,200,0,0,39,0,0,0,0,57,7,0,197,36,0,0,2,0,4,0,0,0,0,0,109,1,0,21,18,1,0,0,4,0,0,0,0,0,0,0,0,11,0,0,4,0,0,0,3,0,0,0,0,0,0,0,0,1997,980,454,1290,36,14,13,418,220,0,0,53,2,35,0,168,291,12,125,93,0,0,4,2,1,0,0,6,0,0,0,2,2737,584,696,1671,500,112,464,192,41,504,66,270,0,0,0,4,198,11,6,204,183,10,17,25,0,0,2,11,0,0,0,0,4521,881,1855,2447,410,134,212,76,424,5,163,0,342,3,0,260,4360,2192,2323,6469,367,5,575,1028,33,20,379,271,376,0,0,5,0,16,3,4,0,0,0,6,2,0,0,0,0,0,0,0,753,34,12,115,19,1,0,22,1,0,0,2,0,0,0,0,371,6,8,30,184,3,3,4,5,1,13,13,4,2,0,10,1350,1292,535,417,501,183,6,5,13,2,12,5,5,0,2,0,755,14,19,574,173,282,2,121,11,158,2,8,57,37,0,5,119,74,2,251,29,0,0,17,0,2,0,41,16,1,0,8,545,23,4,223,0,17,0,0,0,0,0,0,0,3,0,0,0,0,0,0,14,0,0,0,0,0,0,0,0,0,0,0,0,111,12,16,0,0,0,0,0,0,0,0,0,0,0,0,5924,2800,1757,6757,186,47,8,817,62,3,54,123,496,171,0,830,1359,433,123,1430,2,20,11,262,21,0,0,195,101,7,1,56,1943,876,1149,2968,287,5,14,1214,133,17,3,360,124,63,6,237,462,16,0,134,0,0,0,0,0,0,0,0,0,6,0,11,5722,2689,1731,7113,292,0,3,340,620,216,475,720,213,64,37,158,0,0,3,26,0,162,0,5,0,0,0,0,0,0,0,0,231,0,3,15,0,0,0,0,3,0,0,1,0,0,0,0,3338,890,261,874,466,26,30,270,35,0,16,183,6,305,0,59,1176,434,440,706,124,22,0,30,97,2,4,88,25,3,0
0,22,0,242,133,0,0,0,0,0,0,0,0,0,0,0,0,436,0,0,128,5,153,0,22,0,0,0,0,0,0,0,0,12,75,25,57,0,0,0,0,0,2,0,0,0,0,4,19,294,240,228,307,32,285,8,20,0,0,0,0,0,0,0,0,22,22,14,38,0,12,0,0,0,0,8,0,0,0,0,0,15,114,0,7,0,0,0,13,0,0,0,0,0,0,0,0,545,24,81,55,173,53,13,13,0,0,0,0,0,0,0,0,62,53,0,83,0,0,0,9,0,0,0,0,0,0,0,9,265,7,1,36,2,0,0,0,0,3,0,0,0,0,0,0,0,4,0,0,0,0,0,0,0,0,0,0,0,0,0,0,712,155,0,3,0,0,0,2,0,0,0,0,0,0,0,0,256,477,2,151,0,0,0,49,0,0,0,8,0,8,0,0,0,0,0,0,0,0,0,0,0,0,0,0,0,0,0,1,15,1,26,34,0,0,0,26,6,10,0,90,0,0,0,0,159,12,6,54,0,1,0,0,2,2,0,6,14,0,0,5,0,13,0,0,0,0,0,0,7,0,0,0,0,0,0,0,441,20,0,31,0,5,0,0,6,0,0,1,0,0,0,0,19,18,0,35,0,0,0,1,23,1,0,0,0,1,0,9,55,22,10,89,8,0,0,1,0,0,0,0,17,0,0,0,3,1,3,0,1,1,0,0,0,0,0,0,0,0,0,0,4,168,101,57,0,0,0,0,0,6,0,0,0,0,0,0,8,1,1,115,11,65,2,14,16,0,0,0,0,0,0,0,140,44,2,121,0,0,0,5,0,0,0,0,0,0,0,0,9,0,0,3,0,0,0,0,0,0,0,0,13,0,0,0,36,4,2,36,0,0,10,6,0,0,0,4,0,0,0,64,24,1,0,19,0,0,0,109,0,0,0,1,0,0,0,2,35,8,0,10,1,0,0,0,0,1,0,0,0,0,0,0,0,0,0,17,0,0,0,0,0,0,0,0,0,0,0,0,0,0,0,0,0,0,0,2,0,0,0,0,0,0,2,0,39,39,16,156,0,0,0,0,0,0,0,6,0,0,0,0,32,987,27,56,0,13,0,4,0,0,0,0,0,0,0,0,131,0,1,36,113,0,0,0,0,0,0,0,0,0,0,0,0,0,10,304,0,0,0,128,0,0,0,0,0,0,0,0,143,70,0,95,0,0,0,0,0,0,0,0,0,0,0,0,297,33,0,37,19,0,0,0,0,0,0,0,0,0,0,0,25,3,0,16,0,0,1,0,8,0,0,12,0,0,0,0,634,22,22,69,11,14,0,3,200,0,0,39,0,0,0,0,57,7,0,197,36,0,0,2,0,4,0,0,0,0,0,109,1,0,21,18,1,0,0,4,0,0,0,0,0,0,0,0,11,0,0,4,0,0,0,3,0,0,0,0,0,0,0,0,1997,980,454,1290,36,14,13,418,220,0,0,53,2,35,0,168,291,12,125,93,0,0,4,2,1,0,0,6,0,0,0,2,2737,584,696,1671,500,112,464,192,41,504,66,270,0,0,0,4,198,11,6,204,183,10,17,25,0,0,2,11,0,0,0,0,4521,881,1855,2448,410,134,212,76,424,5,163,0,342,3,0,260,4361,2192,2323,6470,367,5,575,1028,33,20,379,271,376,0,0,5,0,16,3,4,0,0,0,6,2,0,0,0,0,0,0,0,753,34,12,115,19,1,0,22,1,0,0,2,0,0,0,0,371,6,8,30,184,3,3,4,5,1,13,13,4,2,0,10,1350,1292,535,417,501,183,6,5,13,2,12,5,5,0,2,0,755,14,19,574,173,282,2,121,11,158,2,8,57,37,0,5,119,74,2,251,29,0,0,17,0,2,0,41,16,1,0,8,545,23,4,223,0,17,0,0,0,0,0,0,0,3,0,0,0,0,0,0,14,0,0,0,0,0,0,0,0,0,0,0,0,111,12,16,0,0,0,0,0,0,0,0,0,0,0,0,5924,2800,1757,6757,186,47,8,817,62,3,54,123,496,171,0,830,1359,433,123,1430,2,20,11,262,21,0,0,195,101,7,1,56,1943,876,1149,2969,287,5,14,1214,133,17,3,360,124,63,6,237,462,16,0,134,0,0,0,0,0,0,0,0,0,6,0,11,5722,2691,1731,7115,292,0,3,340,620,216,475,720,213,64,37,158,0,0,3,26,0,162,0,5,0,0,0,0,0,0,0,0,231,0,3,15,0,0,0,0,3,0,0,1,0,0,0,0,3338,890,261,874,466,26,30,270,35,0,16,183,6,305,0,59,1176,434,440,706,124,22,0,30,97,2,4,88,25,3,0
0,22,0,242,133,0,0,0,0,0,0,0,0,0,0,0,0,436,0,0,128,5,153,0,22,0,0,0,0,0,0,0,0,12,75,25,57,0,0,0,0,0,2,0,0,0,0,4,19,294,240,228,307,32,285,8,20,0,0,0,0,0,0,0,0,22,22,14,38,0,12,0,0,0,0,8,0,0,0,0,0,15,114,0,7,0,0,0,13,0,0,0,0,0,0,0,0,545,24,81,55,173,53,13,13,0,0,0,0,0,0,0,0,62,53,0,83,0,0,0,9,0,0,0,0,0,0,0,9,265,7,1,36,2,0,0,0,0,3,0,0,0,0,0,0,0,4,0,0,0,0,0,0,0,0,0,0,0,0,0,0,712,155,0,3,0,0,0,2,0,0,0,0,0,0,0,0,256,477,2,151,0,0,0,49,0,0,0,8,0,8,0,0,0,0,0,0,0,0,0,0,0,0,0,0,0,0,0,1,15,1,26,34,0,0,0,26,6,10,0,90,0,0,0,0,159,12,6,54,0,1,0,0,2,2,0,6,14,0,0,5,0,13,0,0,0,0,0,0,7,0,0,0,0,0,0,0,441,20,0,31,0,5,0,0,6,0,0,1,0,0,0,0,19,18,0,35,0,0,0,1,23,1,0,0,0,1,0,9,55,22,10,89,8,0,0,1,0,0,0,0,17,0,0,0,3,1,3,0,1,1,0,0,0,0,0,0,0,0,0,0,4,168,101,57,0,0,0,0,0,6,0,0,0,0,0,0,8,1,1,115,11,65,2,14,16,0,0,0,0,0,0,0,140,44,2,121,0,0,0,5,0,0,0,0,0,0,0,0,9,0,0,3,0,0,0,0,0,0,0,0,13,0,0,0,36,4,2,36,0,0,10,6,0,0,0,4,0,0,0,64,24,1,0,19,0,0,0,109,0,0,0,1,0,0,0,2,35,8,0,10,1,0,0,0,0,1,0,0,0,0,0,0,0,0,0,17,0,0,0,0,0,0,0,0,0,0,0,0,0,0,0,0,0,0,0,2,0,0,0,0,0,0,2,0,39,39,16,156,0,0,0,0,0,0,0,6,0,0,0,0,32,987,27,56,0,13,0,4,0,0,0,0,0,0,0,0,131,0,1,36,113,0,0,0,0,0,0,0,0,0,0,0,0,0,10,304,0,0,0,128,0,0,0,0,0,0,0,0,143,70,0,95,0,0,0,0,0,0,0,0,0,0,0,0,297,33,0,37,19,0,0,0,0,0,0,0,0,0,0,0,25,3,0,16,0,0,1,0,8,0,0,12,0,0,0,0,634,22,22,69,11,14,0,3,200,0,0,39,0,0,0,0,57,7,0,197,36,0,0,2,0,4,0,0,0,0,0,109,1,0,21,18,1,0,0,4,0,0,0,0,0,0,0,0,11,0,0,4,0,0,0,3,0,0,0,0,0,0,0,0,1997,980,454,1290,36,14,13,418,220,0,0,53,2,35,0,168,291,12,125,93,0,0,4,2,1,0,0,6,0,0,0,2,2737,584,696,1671,500,112,464,192,41,504,66,270,0,0,0,4,198,11,6,204,183,10,17,25,0,0,2,11,0,0,0,0,4521,881,1856,2447,410,134,212,76,424,5,163,0,342,3,0,260,4360,2192,2323,6469,367,5,575,1028,33,20,379,271,376,0,0,5,0,16,3,4,0,0,0,6,2,0,0,0,0,0,0,0,753,34,12,115,19,1,0,22,1,0,0,2,0,0,0,0,371,6,8,30,184,3,3,4,5,1,13,13,4,2,0,10,1350,1292,535,417,501,183,6,5,13,2,12,5,5,0,2,0,755,14,19,574,173,282,2,121,11,158,2,8,57,37,0,5,119,74,2,251,29,0,0,17,0,2,0,41,16,1,0,8,545,23,4,223,0,17,0,0,0,0,0,0,0,3,0,0,0,0,0,0,14,0,0,0,0,0,0,0,0,0,0,0,0,111,12,16,0,0,0,0,0,0,0,0,0,0,0,0,5925,2800,1757,6757,186,47,8,817,62,3,54,123,496,171,0,830,1359,433,123,1430,2,20,11,262,21,0,0,195,101,7,1,56,1943,876,1149,2968,287,5,14,1214,133,17,3,360,124,63,6,237,462,16,0,134,0,0,0,0,0,0,0,0,0,6,0,11,5723,2689,1731,7113,292,0,3,340,620,216,475,720,213,64,37,158,0,0,3,26,0,162,0,5,0,0,0,0,0,0,0,0,231,0,3,15,0,0,0,0,3,0,0,1,0,0,0,0,3338,890,261,874,466,26,30,270,35,0,16,183,6,305,0,59,1176,434,440,706,124,22,0,30,97,2,4,88,25,3,0
0,22,0,242,133,0,0,0,0,0,0,0,0,0,0,0,0,436,0,0,128,5,153,0,22,0,0,0,0,0,0,0,0,12,75,25,57,0,0,0,0,0,2,0,0,0,0,4,19,294,240,228,307,32,285,8,20,0,0,0,0,0,0,0,0,22,22,14,38,0,12,0,0,0,0,8,0,0,0,0,0,15,114,0,7,0,0,0,13,0,0,0,0,0,0,0,0,545,24,81,55,173,53,13,13,0,0,0,0,0,0,0,0,62,53,0,83,0,0,0,9,0,0,0,0,0,0,0,9,265,7,1,36,2,0,0,0,0,3,0,0,0,0,0,0,0,4,0,0,0,0,0,0,0,0,0,0,0,0,0,0,712,155,0,3,0,0,0,2,0,0,0,0,0,0,0,0,256,477,2,151,0,0,0,49,0,0,0,8,0,8,0,0,0,0,0,0,0,0,0,0,0,0,0,0,0,0,0,1,15,1,26,34,0,0,0,26,6,10,0,90,0,0,0,0,159,12,6,54,0,1,0,0,2,2,0,6,14,0,0,5,0,13,0,0,0,0,0,0,7,0,0,0,0,0,0,0,441,20,0,31,0,5,0,0,6,0,0,1,0,0,0,0,19,18,0,35,0,0,0,1,23,1,0,0,0,1,0,9,55,22,10,89,8,0,0,1,0,0,0,0,17,0,0,0,3,1,3,0,1,1,0,0,0,0,0,0,0,0,0,0,4,168,101,57,0,0,0,0,0,6,0,0,0,0,0,0,8,1,1,115,11,65,2,14,16,0,0,0,0,0,0,0,140,44,2,121,0,0,0,5,0,0,0,0,0,0,0,0,9,0,0,3,0,0,0,0,0,0,0,0,13,0,0,0,36,4,2,36,0,0,10,6,0,0,0,4,0,0,0,64,24,1,0,19,0,0,0,109,0,0,0,1,0,0,0,2,35,8,0,10,1,0,0,0,0,1,0,0,0,0,0,0,0,0,0,17,0,0,0,0,0,0,0,0,0,0,0,0,0,0,0,0,0,0,0,2,0,0,0,0,0,0,2,0,39,39,16,156,0,0,0,0,0,0,0,6,0,0,0,0,32,987,27,56,0,13,0,4,0,0,0,0,0,0,0,0,131,0,1,36,113,0,0,0,0,0,0,0,0,0,0,0,0,0,10,304,0,0,0,128,0,0,0,0,0,0,0,0,143,70,0,95,0,0,0,0,0,0,0,0,0,0,0,0,297,33,0,37,19,0,0,0,0,0,0,0,0,0,0,0,25,3,0,16,0,0,1,0,8,0,0,12,0,0,0,0,634,22,22,69,11,14,0,3,200,0,0,39,0,0,0,0,57,7,0,197,36,0,0,2,0,4,0,0,0,0,0,109,1,0,21,18,1,0,0,4,0,0,0,0,0,0,0,0,11,0,0,4,0,0,0,3,0,0,0,0,0,0,0,0,1997,980,454,1290,36,14,13,418,220,0,0,53,2,35,0,168,291,12,125,93,0,0,4,2,1,0,0,6,0,0,0,2,2737,584,696,1671,500,112,464,192,41,504,66,270,0,0,0,4,198,11,6,204,183,10,17,25,0,0,2,11,0,0,0,0,4523,881,1855,2447,410,134,212,76,424,5,163,0,342,3,0,260,4361,2193,2323,6469,367,5,575,1028,33,20,379,271,376,0,0,5,0,16,3,4,0,0,0,6,2,0,0,0,0,0,0,0,753,34,12,115,19,1,0,22,1,0,0,2,0,0,0,0,371,6,8,30,184,3,3,4,5,1,13,13,4,2,0,10,1350,1292,535,417,501,183,6,5,13,2,12,5,5,0,2,0,755,14,19,574,173,282,2,121,11,158,2,8,57,37,0,5,119,74,2,251,29,0,0,17,0,2,0,41,16,1,0,8,545,23,4,223,0,17,0,0,0,0,0,0,0,3,0,0,0,0,0,0,14,0,0,0,0,0,0,0,0,0,0,0,0,111,12,16,0,0,0,0,0,0,0,0,0,0,0,0,5924,2800,1757,6757,186,47,8,817,62,3,54,123,496,171,0,830,1359,433,123,1430,2,20,11,262,21,0,0,195,101,7,1,56,1943,876,1149,2968,287,5,14,1214,133,17,3,360,124,63,6,237,462,16,0,134,0,0,0,0,0,0,0,0,0,6,0,11,5724,2689,1731,7113,292,0,3,340,620,216,475,720,213,64,37,158,0,0,3,26,0,162,0,5,0,0,0,0,0,0,0,0,231,0,3,15,0,0,0,0,3,0,0,1,0,0,0,0,3338,890,261,874,466,26,30,270,35,0,16,183,6,305,0,59,1176,434,440,706,124,22,0,30,97,2,4,88,25,3,0
0,22,0,242,133,0,0,0,0,0,0,0,0,0,0,0,0,436,0,0,128,5,153,0,22,0,0,0,0,0,0,0,0,12,75,25,57,0,0,0,0,0,2,0,0,0,0,4,19,294,240,228,307,32,285,8,20,0,0,0,0,0,0,0,0,22,22,14,38,0,12,0,0,0,0,8,0,0,0,0,0,15,114,0,7,0,0,0,13,0,0,0,0,0,0,0,0,545,24,81,55,173,53,13,13,0,0,0,0,0,0,0,0,62,53,0,83,0,0,0,9,0,0,0,0,0,0,0,9,265,7,1,36,2,0,0,0,0,3,0,0,0,0,0,0,0,4,0,0,0,0,0,0,0,0,0,0,0,0,0,0,712,155,0,3,0,0,0,2,0,0,0,0,0,0,0,0,256,477,2,151,0,0,0,49,0,0,0,8,0,8,0,0,0,0,0,0,0,0,0,0,0,0,0,0,0,0,0,1,15,1,26,34,0,0,0,26,6,10,0,90,0,0,0,0,159,12,6,54,0,1,0,0,2,2,0,6,14,0,0,5,0,13,0,0,0,0,0,0,7,0,0,0,0,0,0,0,441,20,0,31,0,5,0,0,6,0,0,1,0,0,0,0,19,18,0,35,0,0,0,1,23,1,0,0,0,1,0,9,55,22,10,89,8,0,0,1,0,0,0,0,17,0,0,0,3,1,3,0,1,1,0,0,0,0,0,0,0,0,0,0,4,168,101,57,0,0,0,0,0,6,0,0,0,0,0,0,8,1,1,115,11,65,2,14,16,0,0,0,0,0,0,0,140,44,2,121,0,0,0,5,0,0,0,0,0,0,0,0,9,0,0,3,0,0,0,0,0,0,0,0,13,0,0,0,36,4,2,36,0,0,10,6,0,0,0,4,0,0,0,64,24,1,0,19,0,0,0,109,0,0,0,1,0,0,0,2,35,8,0,10,1,0,0,0,0,1,0,0,0,0,0,0,0,0,0,17,0,0,0,0,0,0,0,0,0,0,0,0,0,0,0,0,0,0,0,2,0,0,0,0,0,0,2,0,39,39,16,156,0,0,0,0,0,0,0,6,0,0,0,0,32,987,27,56,0,13,0,4,0,0,0,0,0,0,0,0,131,0,1,36,113,0,0,0,0,0,0,0,0,0,0,0,0,0,10,304,0,0,0,128,0,0,0,0,0,0,0,0,143,70,0,95,0,0,0,0,0,0,0,0,0,0,0,0,297,33,0,37,19,0,0,0,0,0,0,0,0,0,0,0,25,3,0,16,0,0,1,0,8,0,0,12,0,0,0,0,634,22,22,69,11,14,0,3,200,0,0,39,0,0,0,0,57,7,0,197,36,0,0,2,0,4,0,0,0,0,0,109,1,0,21,18,1,0,0,4,0,0,0,0,0,0,0,0,11,0,0,4,0,0,0,3,0,0,0,0,0,0,0,0,1997,980,454,1290,36,14,13,418,220,0,0,53,2,35,0,168,291,12,125,93,0,0,4,2,1,0,0,6,0,0,0,2,2737,584,696,1671,500,112,464,192,41,504,66,270,0,0,0,4,198,11,6,204,183,10,17,25,0,0,2,11,0,0,0,0,4523,881,1855,2447,410,134,212,76,424,5,163,0,342,3,0,260,4361,2193,2323,6469,367,5,575,1028,33,20,379,271,376,0,0,5,0,16,3,4,0,0,0,6,2,0,0,0,0,0,0,0,753,34,12,115,19,1,0,22,1,0,0,2,0,0,0,0,371,6,8,30,184,3,3,4,5,1,13,13,4,2,0,10,1350,1292,535,417,501,183,6,5,13,2,12,5,5,0,2,0,755,14,19,574,173,282,2,121,11,158,2,8,57,37,0,5,119,74,2,251,29,0,0,17,0,2,0,41,16,1,0,8,545,23,4,223,0,17,0,0,0,0,0,0,0,3,0,0,0,0,0,0,14,0,0,0,0,0,0,0,0,0,0,0,0,111,12,16,0,0,0,0,0,0,0,0,0,0,0,0,5924,2800,1757,6757,186,47,8,817,62,3,54,123,496,171,0,830,1359,433,123,1430,2,20,11,262,21,0,0,195,101,7,1,56,1943,876,1149,2968,287,5,14,1214,133,17,3,360,124,63,6,237,462,16,0,134,0,0,0,0,0,0,0,0,0,6,0,11,5724,2689,1731,7113,292,0,3,340,620,216,475,720,213,64,37,158,0,0,3,26,0,162,0,5,0,0,0,0,0,0,0,0,231,0,3,15,0,0,0,0,3,0,0,1,0,0,0,0,3338,890,261,874,466,26,30,270,35,0,16,183,6,305,0,59,1176,434,440,706,124,22,0,30,97,2,4,88,25,3,0
0,22,0,242,133,0,0,0,0,0,0,0,0,0,0,0,0,436,0,0,128,5,153,0,22,0,0,0,0,0,0,0,0,12,75,25,57,0,0,0,0,0,2,0,0,0,0,4,19,294,240,228,307,32,285,8,20,0,0,0,0,0,0,0,0,22,22,14,38,0,12,0,0,0,0,8,0,0,0,0,0,15,114,0,7,0,0,0,13,0,0,0,0,0,0,0,0,545,24,81,55,173,53,13,13,0,0,0,0,0,0,0,0,62,53,0,83,0,0,0,9,0,0,0,0,0,0,0,9,265,7,1,36,2,0,0,0,0,3,0,0,0,0,0,0,0,4,0,0,0,0,0,0,0,0,0,0,0,0,0,0,712,155,0,3,0,0,0,2,0,0,0,0,0,0,0,0,256,478,2,151,0,0,0,49,0,0,0,8,0,8,0,0,0,0,0,0,0,0,0,0,0,0,0,0,0,0,0,1,15,1,26,34,0,0,0,26,6,10,0,90,0,0,0,0,159,12,6,54,0,1,0,0,2,2,0,6,14,0,0,5,0,13,0,0,0,0,0,0,7,0,0,0,0,0,0,0,441,20,0,31,0,5,0,0,6,0,0,1,0,0,0,0,19,18,0,35,0,0,0,1,23,1,0,0,0,1,0,9,55,22,10,89,8,0,0,1,0,0,0,0,17,0,0,0,3,1,3,0,1,1,0,0,0,0,0,0,0,0,0,0,4,168,101,57,0,0,0,0,0,6,0,0,0,0,0,0,8,1,1,115,11,65,2,14,16,0,0,0,0,0,0,0,140,44,2,121,0,0,0,5,0,0,0,0,0,0,0,0,9,0,0,3,0,0,0,0,0,0,0,0,13,0,0,0,36,4,2,36,0,0,10,6,0,0,0,4,0,0,0,64,24,1,0,19,0,0,0,109,0,0,0,1,0,0,0,2,35,8,0,10,1,0,0,0,0,1,0,0,0,0,0,0,0,0,0,17,0,0,0,0,0,0,0,0,0,0,0,0,0,0,0,0,0,0,0,2,0,0,0,0,0,0,2,0,39,39,16,156,0,0,0,0,0,0,0,6,0,0,0,0,32,987,27,56,0,13,0,4,0,0,0,0,0,0,0,0,131,0,1,36,113,0,0,0,0,0,0,0,0,0,0,0,0,0,10,304,0,0,0,128,0,0,0,0,0,0,0,0,143,70,0,95,0,0,0,0,0,0,0,0,0,0,0,0,297,33,0,37,19,0,0,0,0,0,0,0,0,0,0,0,25,3,0,16,0,0,1,0,8,0,0,12,0,0,0,0,634,22,22,69,11,14,0,3,200,0,0,39,0,0,0,0,57,7,0,197,36,0,0,2,0,4,0,0,0,0,0,109,1,0,21,18,1,0,0,4,0,0,0,0,0,0,0,0,11,0,0,4,0,0,0,3,0,0,0,0,0,0,0,0,1999,980,454,1290,36,14,13,418,220,0,0,53,2,35,0,168,291,12,125,93,0,0,4,2,1,0,0,6,0,0,0,2,2737,584,696,1671,500,112,464,192,41,504,66,270,0,0,0,4,198,11,6,204,183,10,17,25,0,0,2,11,0,0,0,0,4521,881,1855,2447,410,134,212,76,424,5,163,0,342,3,0,260,4360,2192,2323,6469,367,5,575,1028,33,20,379,271,376,0,0,5,0,16,3,4,0,0,0,6,2,0,0,0,0,0,0,0,753,34,12,115,19,1,0,22,1,0,0,2,0,0,0,0,371,6,8,30,184,3,3,4,5,1,13,13,4,2,0,10,1350,1293,535,417,501,183,6,5,13,2,12,5,5,0,2,0,755,14,19,574,173,282,2,121,11,158,2,8,57,37,0,5,119,74,2,251,29,0,0,17,0,2,0,41,16,1,0,8,545,23,4,223,0,17,0,0,0,0,0,0,0,3,0,0,0,0,0,0,14,0,0,0,0,0,0,0,0,0,0,0,0,111,12,16,0,0,0,0,0,0,0,0,0,0,0,0,5925,2800,1757,6757,186,47,8,817,62,3,54,123,496,171,0,830,1359,433,123,1430,2,20,11,262,21,0,0,195,101,7,1,56,1943,876,1149,2968,287,5,14,1214,133,17,3,360,124,63,6,237,462,16,0,134,0,0,0,0,0,0,0,0,0,6,0,11,5722,2689,1731,7113,292,0,3,340,620,216,475,720,213,64,37,158,0,0,3,26,0,162,0,5,0,0,0,0,0,0,0,0,231,0,3,15,0,0,0,0,3,0,0,1,0,0,0,0,3338,890,261,874,466,26,30,270,35,0,16,183,6,305,0,59,1176,434,440,706,124,22,0,30,97,2,4,88,25,3,0
0,22,0,242,133,0,0,0,0,0,0,0,0,0,0,0,0,436,0,0,128,5,153,0,22,0,0,0,0,0,0,0,0,12,75,25,57,0,0,0,0,0,2,0,0,0,0,4,19,294,240,228,307,32,285,8,20,0,0,0,0,0,0,0,0,22,22,14,38,0,12,0,0,0,0,8,0,0,0,0,0,15,114,0,7,0,0,0,13,0,0,0,0,0,0,0,0,545,24,81,55,173,53,13,13,0,0,0,0,0,0,0,0,62,53,0,83,0,0,0,9,0,0,0,0,0,0,0,9,265,7,1,36,2,0,0,0,0,3,0,0,0,0,0,0,0,4,0,0,0,0,0,0,0,0,0,0,0,0,0,0,712,155,0,3,0,0,0,2,0,0,0,0,0,0,0,0,256,477,2,151,0,0,0,49,0,0,0,8,0,8,0,0,0,0,0,0,0,0,0,0,0,0,0,0,0,0,0,1,15,1,26,34,0,0,0,26,6,10,0,90,0,0,0,0,159,12,6,54,0,1,0,0,2,2,0,6,14,0,0,5,0,13,0,0,0,0,0,0,7,0,0,0,0,0,0,0,441,20,0,31,0,5,0,0,6,0,0,1,0,0,0,0,19,18,0,35,0,0,0,1,23,1,0,0,0,1,0,9,55,22,10,89,8,0,0,1,0,0,0,0,17,0,0,0,3,1,3,0,1,1,0,0,0,0,0,0,0,0,0,0,4,168,101,57,0,0,0,0,0,6,0,0,0,0,0,0,8,1,1,115,11,65,2,14,16,0,0,0,0,0,0,0,140,44,2,121,0,0,0,5,0,0,0,0,0,0,0,0,9,0,0,3,0,0,0,0,0,0,0,0,13,0,0,0,36,4,2,36,0,0,10,6,0,0,0,4,0,0,0,64,24,1,0,19,0,0,0,109,0,0,0,1,0,0,0,2,35,8,0,10,1,0,0,0,0,1,0,0,0,0,0,0,0,0,0,17,0,0,0,0,0,0,0,0,0,0,0,0,0,0,0,0,0,0,0,2,0,0,0,0,0,0,2,0,39,39,16,156,0,0,0,0,0,0,0,6,0,0,0,0,32,988,27,56,0,13,0,4,0,0,0,0,0,0,0,0,131,0,1,36,113,0,0,0,0,0,0,0,0,0,0,0,0,0,10,304,0,0,0,128,0,0,0,0,0,0,0,0,143,70,0,95,0,0,0,0,0,0,0,0,0,0,0,0,297,33,0,37,19,0,0,0,0,0,0,0,0,0,0,0,25,3,0,16,0,0,1,0,8,0,0,12,0,0,0,0,634,22,22,69,11,14,0,3,200,0,0,39,0,0,0,0,57,7,0,197,36,0,0,2,0,4,0,0,0,0,0,109,1,0,21,18,1,0,0,4,0,0,0,0,0,0,0,0,11,0,0,4,0,0,0,3,0,0,0,0,0,0,0,0,1997,980,454,1290,36,14,13,418,220,0,0,53,2,35,0,168,291,12,125,93,0,0,4,2,1,0,0,6,0,0,0,2,2738,584,696,1671,500,112,465,192,41,505,66,270,0,0,0,4,198,11,6,204,183,10,17,25,0,0,2,11,0,0,0,0,4522,881,1855,2447,410,134,212,76,424,5,163,0,342,3,0,260,4360,2192,2324,6469,367,5,576,1029,33,20,379,271,376,0,0,5,0,16,3,4,0,0,0,6,2,0,0,0,0,0,0,0,753,34,12,115,19,1,0,22,1,0,0,2,0,0,0,0,371,6,8,30,184,3,3,4,5,1,13,13,4,2,0,10,1350,1293,535,417,501,183,6,5,13,2,12,5,5,0,2,0,756,14,19,575,173,282,2,121,11,158,2,8,57,37,0,5,119,74,2,251,29,0,0,17,0,2,0,41,16,1,0,8,545,23,4,223,0,17,0,0,0,0,0,0,0,3,0,0,0,0,0,0,14,0,0,0,0,0,0,0,0,0,0,0,0,111,12,16,0,0,0,0,0,0,0,0,0,0,0,0,5926,2800,1758,6759,186,47,8,818,62,3,54,123,496,171,0,830,1359,433,123,1430,2,20,11,262,21,0,0,195,101,7,1,56,1944,876,1149,2968,287,5,14,1216,133,17,3,360,124,63,6,237,462,16,0,134,0,0,0,0,0,0,0,0,0,6,0,11,5722,2689,1731,7114,292,0,3,340,620,216,475,720,213,64,37,158,0,0,3,26,0,162,0,5,0,0,0,0,0,0,0,0,231,0,3,15,0,0,0,0,3,0,0,1,0,0,0,0,3338,890,261,874,466,26,30,270,35,0,16,183,6,305,0,59,1176,434,440,706,124,22,0,30,97,2,4,88,25,3,0
0,22,0,242,133,0,0,0,0,0,0,0,0,0,0,0,0,436,0,0,128,5,153,0,22,0,0,0,0,0,0,0,0,12,75,25,57,0,0,0,0,0,2,0,0,0,0,4,19,294,240,228,307,32,285,8,20,0,0,0,0,0,0,0,0,22,22,14,38,0,12,0,0,0,0,8,0,0,0,0,0,15,114,0,7,0,0,0,13,0,0,0,0,0,0,0,0,545,24,81,55,173,53,13,13,0,0,0,0,0,0,0,0,62,53,0,83,0,0,0,9,0,0,0,0,0,0,0,9,265,7,1,36,2,0,0,0,0,3,0,0,0,0,0,0,0,4,0,0,0,0,0,0,0,0,0,0,0,0,0,0,712,155,0,3,0,0,0,2,0,0,0,0,0,0,0,0,256,477,2,151,0,0,0,49,0,0,0,8,0,8,0,0,0,0,0,0,0,0,0,0,0,0,0,0,0,0,0,1,15,1,26,34,0,0,0,26,6,10,0,90,0,0,0,0,159,12,6,54,0,1,0,0,2,2,0,6,14,0,0,5,0,13,0,0,0,0,0,0,7,0,0,0,0,0,0,0,441,20,0,31,0,5,0,0,6,0,0,1,0,0,0,0,19,18,0,35,0,0,0,1,23,1,0,0,0,1,0,9,55,22,10,89,8,0,0,1,0,0,0,0,17,0,0,0,3,1,3,0,1,1,0,0,0,0,0,0,0,0,0,0,4,168,101,57,0,0,0,0,0,6,0,0,0,0,0,0,8,1,1,115,11,65,2,14,16,0,0,0,0,0,0,0,140,44,2,121,0,0,0,5,0,0,0,0,0,0,0,0,9,0,0,3,0,0,0,0,0,0,0,0,13,0,0,0,36,4,2,36,0,0,10,6,0,0,0,4,0,0,0,64,24,1,0,19,0,0,0,109,0,0,0,1,0,0,0,2,35,8,0,10,1,0,0,0,0,1,0,0,0,0,0,0,0,0,0,17,0,0,0,0,0,0,0,0,0,0,0,0,0,0,0,0,0,0,0,2,0,0,0,0,0,0,2,0,39,39,16,156,0,0,0,0,0,0,0,6,0,0,0,0,32,987,27,56,0,13,0,4,0,0,0,0,0,0,0,0,131,0,1,36,113,0,0,0,0,0,0,0,0,0,0,0,0,0,10,304,0,0,0,128,0,0,0,0,0,0,0,0,143,70,0,95,0,0,0,0,0,0,0,0,0,0,0,0,297,33,0,37,19,0,0,0,0,0,0,0,0,0,0,0,25,3,0,16,0,0,1,0,8,0,0,12,0,0,0,0,634,22,22,69,11,14,0,3,200,0,0,39,0,0,0,0,57,7,0,197,36,0,0,2,0,4,0,0,0,0,0,109,1,0,21,18,1,0,0,4,0,0,0,0,0,0,0,0,11,0,0,4,0,0,0,3,0,0,0,0,0,0,0,0,1997,980,454,1290,36,14,13,418,220,0,0,53,2,35,0,168,291,12,125,93,0,0,4,2,1,0,0,6,0,0,0,2,2737,584,696,1671,500,112,464,192,41,504,66,270,0,0,0,4,198,11,6,204,183,10,17,25,0,0,2,11,0,0,0,0,4523,881,1855,2447,410,134,212,76,424,5,163,0,342,3,0,260,4361,2193,2323,6469,367,5,575,1028,33,20,379,271,376,0,0,5,0,16,3,4,0,0,0,6,2,0,0,0,0,0,0,0,753,34,12,115,19,1,0,22,1,0,0,2,0,0,0,0,371,6,8,30,184,3,3,4,5,1,13,13,4,2,0,10,1350,1292,535,417,501,183,6,5,13,2,12,5,5,0,2,0,755,14,19,574,173,282,2,121,11,158,2,8,57,37,0,5,119,74,2,251,29,0,0,17,0,2,0,41,16,1,0,8,545,23,4,223,0,17,0,0,0,0,0,0,0,3,0,0,0,0,0,0,14,0,0,0,0,0,0,0,0,0,0,0,0,111,12,16,0,0,0,0,0,0,0,0,0,0,0,0,5924,2800,1757,6757,186,47,8,817,62,3,54,123,496,171,0,830,1359,433,123,1430,2,20,11,262,21,0,0,195,101,7,1,56,1943,876,1149,2968,287,5,14,1214,133,17,3,360,124,63,6,237,462,16,0,134,0,0,0,0,0,0,0,0,0,6,0,11,5724,2689,1731,7113,292,0,3,340,620,216,475,720,213,64,37,158,0,0,3,26,0,162,0,5,0,0,0,0,0,0,0,0,231,0,3,15,0,0,0,0,3,0,0,1,0,0,0,0,3338,890,261,874,466,26,30,270,35,0,16,183,6,305,0,59,1176,434,440,706,124,22,0,30,97,2,4,88,25,3,0
0,22,0,242,133,0,0,0,0,0,0,0,0,0,0,0,0,436,0,0,128,5,153,0,22,0,0,0,0,0,0,0,0,12,75,25,57,0,0,0,0,0,2,0,0,0,0,4,19,294,240,228,307,32,285,8,20,0,0,0,0,0,0,0,0,22,22,14,38,0,12,0,0,0,0,8,0,0,0,0,0,15,114,0,7,0,0,0,13,0,0,0,0,0,0,0,0,545,24,81,55,173,53,13,13,0,0,0,0,0,0,0,0,62,53,0,83,0,0,0,9,0,0,0,0,0,0,0,9,265,7,1,36,2,0,0,0,0,3,0,0,0,0,0,0,0,4,0,0,0,0,0,0,0,0,0,0,0,0,0,0,712,155,0,3,0,0,0,2,0,0,0,0,0,0,0,0,256,477,2,151,0,0,0,49,0,0,0,8,0,8,0,0,0,0,0,0,0,0,0,0,0,0,0,0,0,0,0,1,15,1,26,34,0,0,0,26,6,10,0,90,0,0,0,0,159,12,6,54,0,1,0,0,2,2,0,6,14,0,0,5,0,13,0,0,0,0,0,0,7,0,0,0,0,0,0,0,441,20,0,31,0,5,0,0,6,0,0,1,0,0,0,0,19,18,0,35,0,0,0,1,23,1,0,0,0,1,0,9,55,22,10,89,8,0,0,1,0,0,0,0,17,0,0,0,3,1,3,0,1,1,0,0,0,0,0,0,0,0,0,0,4,168,101,57,0,0,0,0,0,6,0,0,0,0,0,0,8,1,1,115,11,65,2,14,16,0,0,0,0,0,0,0,140,44,2,121,0,0,0,5,0,0,0,0,0,0,0,0,9,0,0,3,0,0,0,0,0,0,0,0,13,0,0,0,36,4,2,36,0,0,10,6,0,0,0,4,0,0,0,64,24,1,0,19,0,0,0,109,0,0,0,1,0,0,0,2,35,8,0,10,1,0,0,0,0,1,0,0,0,0,0,0,0,0,0,17,0,0,0,0,0,0,0,0,0,0,0,0,0,0,0,0,0,0,0,2,0,0,0,0,0,0,2,0,39,39,16,156,0,0,0,0,0,0,0,6,0,0,0,0,32,987,27,56,0,13,0,4,0,0,0,0,0,0,0,0,131,0,1,36,113,0,0,0,0,0,0,0,0,0,0,0,0,0,10,304,0,0,0,128,0,0,0,0,0,0,0,0,143,70,0,95,0,0,0,0,0,0,0,0,0,0,0,0,297,33,0,37,19,0,0,0,0,0,0,0,0,0,0,0,25,3,0,16,0,0,1,0,8,0,0,12,0,0,0,0,634,22,22,69,11,14,0,3,200,0,0,39,0,0,0,0,57,7,0,197,36,0,0,2,0,4,0,0,0,0,0,109,1,0,21,18,1,0,0,4,0,0,0,0,0,0,0,0,11,0,0,4,0,0,0,3,0,0,0,0,0,0,0,0,1997,980,454,1290,36,14,13,418,220,0,0,53,2,35,0,168,291,12,125,93,0,0,4,2,1,0,0,6,0,0,0,2,2737,584,696,1671,500,112,464,192,41,504,66,270,0,0,0,4,198,11,6,204,183,10,17,25,0,0,2,11,0,0,0,0,4523,881,1855,2447,410,134,212,76,424,5,163,0,342,3,0,260,4361,2193,2323,6469,367,5,575,1028,33,20,379,271,376,0,0,5,0,16,3,4,0,0,0,6,2,0,0,0,0,0,0,0,753,34,12,115,19,1,0,22,1,0,0,2,0,0,0,0,371,6,8,30,184,3,3,4,5,1,13,13,4,2,0,10,1350,1292,535,417,501,183,6,5,13,2,12,5,5,0,2,0,755,14,19,574,173,282,2,121,11,158,2,8,57,37,0,5,119,74,2,251,29,0,0,17,0,2,0,41,16,1,0,8,545,23,4,223,0,17,0,0,0,0,0,0,0,3,0,0,0,0,0,0,14,0,0,0,0,0,0,0,0,0,0,0,0,111,12,16,0,0,0,0,0,0,0,0,0,0,0,0,5924,2800,1757,6757,186,47,8,817,62,3,54,123,496,171,0,830,1359,433,123,1430,2,20,11,262,21,0,0,195,101,7,1,56,1943,876,1149,2968,287,5,14,1214,133,17,3,360,124,63,6,237,462,16,0,134,0,0,0,0,0,0,0,0,0,6,0,11,5724,2689,1731,7113,292,0,3,340,620,216,475,720,213,64,37,158,0,0,3,26,0,162,0,5,0,0,0,0,0,0,0,0,231,0,3,15,0,0,0,0,3,0,0,1,0,0,0,0,3338,890,261,874,466,26,30,270,35,0,16,183,6,305,0,59,1176,434,440,706,124,22,0,30,97,2,4,88,25,3,0
0,22,0,242,133,0,0,0,0,0,0,0,0,0,0,0,0,436,0,0,128,5,153,0,22,0,0,0,0,0,0,0,0,12,75,25,57,0,0,0,0,0,2,0,0,0,0,4,19,294,240,228,307,32,285,8,20,0,0,0,0,0,0,0,0,22,22,14,38,0,12,0,0,0,0,8,0,0,0,0,0,15,114,0,7,0,0,0,13,0,0,0,0,0,0,0,0,545,24,81,55,173,53,13,13,0,0,0,0,0,0,0,0,62,53,0,83,0,0,0,9,0,0,0,0,0,0,0,9,265,7,1,36,2,0,0,0,0,3,0,0,0,0,0,0,0,4,0,0,0,0,0,0,0,0,0,0,0,0,0,0,712,155,0,3,0,0,0,2,0,0,0,0,0,0,0,0,256,477,2,151,0,0,0,49,0,0,0,8,0,8,0,0,0,0,0,0,0,0,0,0,0,0,0,0,0,0,0,1,15,1,26,34,0,0,0,26,6,10,0,90,0,0,0,0,159,12,6,54,0,1,0,0,2,2,0,6,14,0,0,5,0,13,0,0,0,0,0,0,7,0,0,0,0,0,0,0,441,20,0,31,0,5,0,0,6,0,0,1,0,0,0,0,19,18,0,35,0,0,0,1,23,1,0,0,0,1,0,9,55,22,10,89,8,0,0,1,0,0,0,0,17,0,0,0,3,1,3,0,1,1,0,0,0,0,0,0,0,0,0,0,4,168,101,57,0,0,0,0,0,6,0,0,0,0,0,0,8,1,1,115,11,65,2,14,16,0,0,0,0,0,0,0,140,44,2,121,0,0,0,5,0,0,0,0,0,0,0,0,9,0,0,3,0,0,0,0,0,0,0,0,13,0,0,0,36,4,2,36,0,0,10,6,0,0,0,4,0,0,0,64,24,1,0,19,0,0,0,109,0,0,0,1,0,0,0,2,35,8,0,10,1,0,0,0,0,1,0,0,0,0,0,0,0,0,0,17,0,0,0,0,0,0,0,0,0,0,0,0,0,0,0,0,0,0,0,2,0,0,0,0,0,0,2,0,39,39,16,156,0,0,0,0,0,0,0,6,0,0,0,0,32,987,27,56,0,13,0,4,0,0,0,0,0,0,0,0,131,0,1,36,113,0,0,0,0,0,0,0,0,0,0,0,0,0,10,304,0,0,0,128,0,0,0,0,0,0,0,0,143,70,0,95,0,0,0,0,0,0,0,0,0,0,0,0,297,33,0,37,19,0,0,0,0,0,0,0,0,0,0,0,25,3,0,16,0,0,1,0,8,0,0,12,0,0,0,0,634,22,22,69,11,14,0,3,200,0,0,39,0,0,0,0,57,7,0,197,36,0,0,2,0,4,0,0,0,0,0,109,1,0,21,18,1,0,0,4,0,0,0,0,0,0,0,0,11,0,0,4,0,0,0,3,0,0,0,0,0,0,0,0,1997,980,454,1290,36,14,13,418,220,0,0,53,2,35,0,168,291,12,125,93,0,0,4,2,1,0,0,6,0,0,0,2,2737,584,696,1671,500,112,464,192,41,505,66,270,0,0,0,4,198,11,6,204,183,10,17,25,0,0,2,11,0,0,0,0,4521,881,1855,2447,410,134,213,76,424,5,163,0,342,3,0,260,4360,2192,2323,6469,367,5,575,1028,33,20,379,271,376,0,0,5,0,16,3,4,0,0,0,6,2,0,0,0,0,0,0,0,753,34,12,115,19,1,0,22,1,0,0,2,0,0,0,0,371,6,8,30,184,3,3,4,5,1,13,13,4,2,0,10,1350,1292,535,417,501,183,6,5,13,2,12,5,5,0,2,0,755,14,19,574,173,282,2,121,11,158,2,8,57,37,0,5,119,74,2,251,29,0,0,17,0,2,0,41,16,1,0,8,545,23,4,223,0,17,0,0,0,0,0,0,0,3,0,0,0,0,0,0,14,0,0,0,0,0,0,0,0,0,0,0,0,111,12,16,0,0,0,0,0,0,0,0,0,0,0,0,5924,2801,1757,6757,186,47,8,817,62,3,54,123,497,171,0,830,1359,433,123,1430,2,20,11,262,21,0,0,195,101,7,1,56,1943,876,1149,2968,287,5,14,1214,133,17,3,360,124,63,6,237,462,16,0,134,0,0,0,0,0,0,0,0,0,6,0,11,5723,2689,1731,7113,292,0,3,340,620,216,475,720,213,64,37,158,0,0,3,26,0,162,0,5,0,0,0,0,0,0,0,0,231,0,3,15,0,0,0,0,3,0,0,1,0,0,0,0,3338,890,261,874,466,26,30,270,35,0,16,183,6,305,0,59,1176,434,440,706,124,22,0,30,97,2,4,88,25,3,0
0,22,0,242,133,0,0,0,0,0,0,0,0,0,0,0,0,436,0,0,128,5,153,0,22,0,0,0,0,0,0,0,0,12,75,25,57,0,0,0,0,0,2,0,0,0,0,4,19,294,240,228,307,32,285,8,20,0,0,0,0,0,0,0,0,22,22,14,38,0,12,0,0,0,0,8,0,0,0,0,0,15,114,0,7,0,0,0,13,0,0,0,0,0,0,0,0,545,24,81,55,173,53,13,13,0,0,0,0,0,0,0,0,62,53,0,83,0,0,0,9,0,0,0,0,0,0,0,9,265,7,1,36,2,0,0,0,0,3,0,0,0,0,0,0,0,4,0,0,0,0,0,0,0,0,0,0,0,0,0,0,712,155,0,3,0,0,0,2,0,0,0,0,0,0,0,0,256,477,2,151,0,0,0,49,0,0,0,8,0,8,0,0,0,0,0,0,0,0,0,0,0,0,0,0,0,0,0,1,15,1,26,34,0,0,0,26,6,10,0,90,0,0,0,0,159,12,6,54,0,1,0,0,2,2,0,6,14,0,0,5,0,13,0,0,0,0,0,0,7,0,0,0,0,0,0,0,441,20,0,31,0,5,0,0,6,0,0,1,0,0,0,0,19,18,0,35,0,0,0,1,23,1,0,0,0,1,0,9,55,22,10,89,8,0,0,1,0,0,0,0,17,0,0,0,3,1,3,0,1,1,0,0,0,0,0,0,0,0,0,0,4,168,101,57,0,0,0,0,0,6,0,0,0,0,0,0,8,1,1,115,11,65,2,14,16,0,0,0,0,0,0,0,140,44,2,121,0,0,0,5,0,0,0,0,0,0,0,0,9,0,0,3,0,0,0,0,0,0,0,0,13,0,0,0,36,4,2,36,0,0,10,6,0,0,0,4,0,0,0,64,24,1,0,19,0,0,0,109,0,0,0,1,0,0,0,2,35,8,0,10,1,0,0,0,0,1,0,0,0,0,0,0,0,0,0,17,0,0,0,0,0,0,0,0,0,0,0,0,0,0,0,0,0,0,0,2,0,0,0,0,0,0,2,0,39,39,16,156,0,0,0,0,0,0,0,6,0,0,0,0,32,987,27,56,0,13,0,4,0,0,0,0,0,0,0,0,131,0,1,36,113,0,0,0,0,0,0,0,0,0,0,0,0,0,10,304,0,0,0,128,0,0,0,0,0,0,0,0,143,70,0,95,0,0,0,0,0,0,0,0,0,0,0,0,297,33,0,37,19,0,0,0,0,0,0,0,0,0,0,0,25,3,0,16,0,0,1,0,8,0,0,12,0,0,0,0,634,22,22,69,11,14,0,3,200,0,0,39,0,0,0,0,57,7,0,197,36,0,0,2,0,4,0,0,0,0,0,109,1,0,21,18,1,0,0,4,0,0,0,0,0,0,0,0,11,0,0,4,0,0,0,3,0,0,0,0,0,0,0,0,1997,980,454,1290,36,14,13,418,220,0,0,53,2,35,0,168,291,12,125,93,0,0,4,2,1,0,0,6,0,0,0,2,2737,584,696,1671,500,112,464,192,41,504,66,270,0,0,0,4,198,11,6,204,183,10,17,25,0,0,2,11,0,0,0,0,4521,881,1855,2447,410,134,212,76,424,5,163,0,342,3,0,260,4360,2192,2323,6469,367,5,575,1028,33,20,379,271,376,0,0,5,0,16,3,4,0,0,0,6,2,0,0,0,0,0,0,0,753,34,12,115,19,1,0,22,1,0,0,2,0,0,0,0,371,6,8,30,184,3,3,4,5,1,13,13,4,2,0,10,1350,1292,535,417,501,183,6,5,13,2,12,5,5,0,2,0,755,14,19,574,173,282,2,121,11,158,2,8,57,37,0,5,119,74,2,251,29,0,0,17,0,2,0,41,16,1,0,8,545,23,4,223,0,17,0,0,0,0,0,0,0,3,0,0,0,0,0,0,14,0,0,0,0,0,0,0,0,0,0,0,0,111,12,16,0,0,0,0,0,0,0,0,0,0,0,0,5924,2800,1757,6757,186,47,8,817,62,3,54,123,496,171,0,830,1359,433,123,1430,2,20,11,262,21,0,0,195,101,7,1,56,1943,876,1149,2968,287,5,14,1214,133,17,3,360,124,63,6,237,462,16,0,134,0,0,0,0,0,0,0,0,0,6,0,11,5722,2689,1731,7113,292,0,3,340,620,216,475,720,213,64,37,158,0,0,3,26,0,162,0,5,0,0,0,0,0,0,0,0,231,0,3,15,0,0,0,0,3,0,0,1,0,0,0,0,3338,890,261,874,466,26,30,270,35,0,16,183,6,305,0,59,1176,434,440,706,124,22,0,30,97,2,4,88,25,3,0
0,22,0,242,133,0,0,0,0,0,0,0,0,0,0,0,0,436,0,0,128,5,153,0,22,0,0,0,0,0,0,0,0,12,75,25,57,0,0,0,0,0,2,0,0,0,0,4,19,294,240,228,307,32,285,8,20,0,0,0,0,0,0,0,0,22,22,14,38,0,12,0,0,0,0,8,0,0,0,0,0,15,114,0,7,0,0,0,13,0,0,0,0,0,0,0,0,545,24,81,55,173,53,13,13,0,0,0,0,0,0,0,0,62,53,0,83,0,0,0,9,0,0,0,0,0,0,0,9,265,7,1,36,2,0,0,0,0,3,0,0,0,0,0,0,0,4,0,0,0,0,0,0,0,0,0,0,0,0,0,0,712,155,0,3,0,0,0,2,0,0,0,0,0,0,0,0,256,477,2,151,0,0,0,49,0,0,0,8,0,8,0,0,0,0,0,0,0,0,0,0,0,0,0,0,0,0,0,1,15,1,26,34,0,0,0,26,6,10,0,90,0,0,0,0,159,12,6,54,0,1,0,0,2,2,0,6,14,0,0,5,0,13,0,0,0,0,0,0,7,0,0,0,0,0,0,0,441,20,0,31,0,5,0,0,6,0,0,1,0,0,0,0,19,18,0,35,0,0,0,1,23,1,0,0,0,1,0,9,55,22,10,89,8,0,0,1,0,0,0,0,17,0,0,0,3,1,3,0,1,1,0,0,0,0,0,0,0,0,0,0,4,168,101,57,0,0,0,0,0,6,0,0,0,0,0,0,8,1,1,115,11,65,2,14,16,0,0,0,0,0,0,0,140,44,2,121,0,0,0,5,0,0,0,0,0,0,0,0,9,0,0,3,0,0,0,0,0,0,0,0,13,0,0,0,36,4,2,36,0,0,10,6,0,0,0,4,0,0,0,64,24,1,0,19,0,0,0,109,0,0,0,1,0,0,0,2,35,8,0,10,1,0,0,0,0,1,0,0,0,0,0,0,0,0,0,17,0,0,0,0,0,0,0,0,0,0,0,0,0,0,0,0,0,0,0,2,0,0,0,0,0,0,2,0,39,39,16,156,0,0,0,0,0,0,0,6,0,0,0,0,32,987,27,56,0,13,0,4,0,0,0,0,0,0,0,0,131,0,1,36,113,0,0,0,0,0,0,0,0,0,0,0,0,0,10,304,0,0,0,128,0,0,0,0,0,0,0,0,143,70,0,95,0,0,0,0,0,0,0,0,0,0,0,0,297,33,0,37,19,0,0,0,0,0,0,0,0,0,0,0,25,3,0,16,0,0,1,0,8,0,0,12,0,0,0,0,634,22,22,69,11,14,0,3,200,0,0,39,0,0,0,0,57,7,0,197,36,0,0,2,0,4,0,0,0,0,0,109,1,0,21,18,1,0,0,4,0,0,0,0,0,0,0,0,11,0,0,4,0,0,0,3,0,0,0,0,0,0,0,0,1997,980,454,1290,36,14,13,418,220,0,0,53,2,35,0,168,291,12,125,93,0,0,4,2,1,0,0,6,0,0,0,2,2737,584,696,1671,500,112,464,192,41,504,66,270,0,0,0,4,198,11,6,204,183,10,17,25,0,0,2,11,0,0,0,0,4521,881,1855,2447,410,134,212,76,424,5,163,0,342,3,0,260,4360,2192,2323,6469,367,5,575,1028,33,20,379,271,376,0,0,5,0,16,3,4,0,0,0,6,2,0,0,0,0,0,0,0,753,34,12,115,19,1,0,22,1,0,0,2,0,0,0,0,371,6,8,30,184,3,3,4,5,1,13,13,4,2,0,10,1350,1292,535,417,501,183,6,5,13,2,12,5,5,0,2,0,755,14,19,574,173,282,2,121,11,158,2,8,57,37,0,5,119,74,2,251,29,0,0,17,0,2,0,41,16,1,0,8,545,23,4,223,0,17,0,0,0,0,0,0,0,3,0,0,0,0,0,0,14,0,0,0,0,0,0,0,0,0,0,0,0,111,12,16,0,0,0,0,0,0,0,0,0,0,0,0,5924,2800,1757,6757,186,47,8,817,62,3,54,123,496,171,0,830,1359,433,123,1430,2,20,11,262,21,0,0,195,101,7,1,56,1943,876,1149,2968,287,5,14,1214,133,17,3,360,124,63,6,237,462,16,0,134,0,0,0,0,0,0,0,0,0,6,0,11,5722,2689,1731,7113,292,0,3,340,620,216,475,720,213,64,37,158,0,0,3,26,0,162,0,5,0,0,0,0,0,0,0,0,231,0,3,15,0,0,0,0,3,0,0,1,0,0,0,0,3338,890,261,874,466,26,30,270,35,0,16,183,6,305,0,59,1176,434,440,706,124,22,0,30,97,2,4,88,25,3,0
0,22,0,242,133,0,0,0,0,0,0,0,0,0,0,0,0,436,0,0,128,5,153,0,22,0,0,0,0,0,0,0,0,12,75,25,57,0,0,0,0,0,2,0,0,0,0,4,19,294,240,228,307,32,285,8,20,0,0,0,0,0,0,0,0,22,22,14,38,0,12,0,0,0,0,8,0,0,0,0,0,15,114,0,7,0,0,0,13,0,0,0,0,0,0,0,0,545,24,81,55,173,53,13,13,0,0,0,0,0,0,0,0,62,53,0,83,0,0,0,9,0,0,0,0,0,0,0,9,265,7,1,36,2,0,0,0,0,3,0,0,0,0,0,0,0,4,0,0,0,0,0,0,0,0,0,0,0,0,0,0,712,155,0,3,0,0,0,2,0,0,0,0,0,0,0,0,256,477,2,151,0,0,0,49,0,0,0,8,0,8,0,0,0,0,0,0,0,0,0,0,0,0,0,0,0,0,0,1,15,1,26,34,0,0,0,26,6,10,0,90,0,0,0,0,159,12,6,54,0,1,0,0,2,2,0,6,14,0,0,5,0,13,0,0,0,0,0,0,7,0,0,0,0,0,0,0,441,20,0,31,0,5,0,0,6,0,0,1,0,0,0,0,19,18,0,35,0,0,0,1,23,1,0,0,0,1,0,9,55,22,10,89,8,0,0,1,0,0,0,0,17,0,0,0,3,1,3,0,1,1,0,0,0,0,0,0,0,0,0,0,4,168,101,57,0,0,0,0,0,6,0,0,0,0,0,0,8,1,1,115,11,65,2,14,16,0,0,0,0,0,0,0,140,44,2,121,0,0,0,5,0,0,0,0,0,0,0,0,9,0,0,3,0,0,0,0,0,0,0,0,13,0,0,0,36,4,2,36,0,0,10,6,0,0,0,4,0,0,0,64,24,1,0,19,0,0,0,109,0,0,0,1,0,0,0,2,35,8,0,10,1,0,0,0,0,1,0,0,0,0,0,0,0,0,0,17,0,0,0,0,0,0,0,0,0,0,0,0,0,0,0,0,0,0,0,2,0,0,0,0,0,0,2,0,39,39,16,156,0,0,0,0,0,0,0,6,0,0,0,0,32,987,27,56,0,13,0,4,0,0,0,0,0,0,0,0,131,0,1,36,113,0,0,0,0,0,0,0,0,0,0,0,0,0,10,304,0,0,0,128,0,0,0,0,0,0,0,0,143,70,0,95,0,0,0,0,0,0,0,0,0,0,0,0,297,33,0,37,19,0,0,0,0,0,0,0,0,0,0,0,25,3,0,16,0,0,1,0,8,0,0,12,0,0,0,0,634,22,22,69,11,14,0,3,200,0,0,39,0,0,0,0,57,7,0,197,36,0,0,2,0,4,0,0,0,0,0,109,1,0,21,18,1,0,0,4,0,0,0,0,0,0,0,0,11,0,0,4,0,0,0,3,0,0,0,0,0,0,0,0,1997,980,454,1290,36,14,13,418,220,0,0,53,2,35,0,168,291,12,125,93,0,0,4,2,1,0,0,6,0,0,0,2,2737,584,696,1671,500,112,464,192,41,504,66,270,0,0,0,4,198,11,6,204,183,10,17,25,0,0,2,11,0,0,0,0,4521,881,1855,2447,410,134,212,76,424,5,163,0,342,3,0,260,4360,2192,2324,6471,367,5,575,1028,33,20,380,271,377,0,0,5,0,16,3,4,0,0,0,6,2,0,0,0,0,0,0,0,753,34,12,115,19,1,0,22,1,0,0,2,0,0,0,0,371,6,8,30,184,3,3,4,5,1,13,13,4,2,0,10,1350,1292,535,417,501,183,6,5,13,2,12,5,5,0,2,0,755,14,19,574,173,282,2,121,11,158,2,8,57,37,0,5,119,74,2,251,29,0,0,17,0,2,0,41,16,1,0,8,545,23,4,223,0,17,0,0,0,0,0,0,0,3,0,0,0,0,0,0,14,0,0,0,0,0,0,0,0,0,0,0,0,111,12,16,0,0,0,0,0,0,0,0,0,0,0,0,5924,2800,1757,6757,186,47,8,817,62,3,54,123,496,171,0,830,1359,433,123,1430,2,20,11,262,21,0,0,195,101,7,1,56,1943,876,1150,2968,287,5,14,1214,133,17,3,360,124,63,6,237,462,16,0,134,0,0,0,0,0,0,0,0,0,6,0,11,5722,2689,1732,7114,292,0,3,340,620,216,475,720,213,64,37,158,0,0,3,26,0,162,0,5,0,0,0,0,0,0,0,0,231,0,3,15,0,0,0,0,3,0,0,1,0,0,0,0,3338,890,261,874,466,26,30,270,35,0,16,183,6,305,0,59,1176,434,440,706,124,22,0,30,97,2,4,88,25,3,0
0,22,0,242,133,0,0,0,0,0,0,0,0,0,0,0,0,436,0,0,128,5,153,0,22,0,0,0,0,0,0,0,0,12,75,25,57,0,0,0,0,0,2,0,0,0,0,4,19,294,240,228,307,32,285,8,20,0,0,0,0,0,0,0,0,22,22,14,38,0,12,0,0,0,0,8,0,0,0,0,0,15,114,0,7,0,0,0,13,0,0,0,0,0,0,0,0,545,24,81,55,173,53,13,13,0,0,0,0,0,0,0,0,62,53,0,83,0,0,0,9,0,0,0,0,0,0,0,9,265,7,1,36,2,0,0,0,0,3,0,0,0,0,0,0,0,4,0,0,0,0,0,0,0,0,0,0,0,0,0,0,712,155,0,3,0,0,0,2,0,0,0,0,0,0,0,0,256,477,2,151,0,0,0,49,0,0,0,8,0,8,0,0,0,0,0,0,0,0,0,0,0,0,0,0,0,0,0,1,15,1,26,34,0,0,0,26,6,10,0,90,0,0,0,0,159,12,6,54,0,1,0,0,2,2,0,6,14,0,0,5,0,13,0,0,0,0,0,0,7,0,0,0,0,0,0,0,441,20,0,31,0,5,0,0,6,0,0,1,0,0,0,0,19,18,0,35,0,0,0,1,23,1,0,0,0,1,0,9,55,22,10,89,8,0,0,1,0,0,0,0,17,0,0,0,3,1,3,0,1,1,0,0,0,0,0,0,0,0,0,0,4,168,101,57,0,0,0,0,0,6,0,0,0,0,0,0,8,1,1,115,11,65,2,14,16,0,0,0,0,0,0,0,140,44,2,121,0,0,0,5,0,0,0,0,0,0,0,0,9,0,0,3,0,0,0,0,0,0,0,0,13,0,0,0,36,4,2,36,0,0,10,6,0,0,0,4,0,0,0,64,24,1,0,19,0,0,0,109,0,0,0,1,0,0,0,2,35,8,0,10,1,0,0,0,0,1,0,0,0,0,0,0,0,0,0,17,0,0,0,0,0,0,0,0,0,0,0,0,0,0,0,0,0,0,0,2,0,0,0,0,0,0,2,0,39,39,16,156,0,0,0,0,0,0,0,6,0,0,0,0,32,987,27,56,0,13,0,4,0,0,0,0,0,0,0,0,131,0,1,36,113,0,0,0,0,0,0,0,0,0,0,0,0,0,10,304,0,0,0,128,0,0,0,0,0,0,0,0,143,70,0,95,0,0,0,0,0,0,0,0,0,0,0,0,297,33,0,37,19,0,0,0,0,0,0,0,0,0,0,0,25,3,0,16,0,0,1,0,8,0,0,12,0,0,0,0,634,22,22,69,11,14,0,3,200,0,0,39,0,0,0,0,57,7,0,197,36,0,0,2,0,4,0,0,0,0,0,109,1,0,21,18,1,0,0,4,0,0,0,0,0,0,0,0,11,0,0,4,0,0,0,3,0,0,0,0,0,0,0,0,1997,980,454,1290,36,14,13,418,220,0,0,53,2,35,0,168,291,12,125,93,0,0,4,2,1,0,0,6,0,0,0,2,2737,584,696,1671,500,112,464,192,41,504,66,270,0,0,0,4,198,11,6,204,183,10,17,25,0,0,2,11,0,0,0,0,4523,881,1855,2447,410,134,212,76,424,5,163,0,342,3,0,260,4361,2193,2323,6469,367,5,575,1028,33,20,379,271,376,0,0,5,0,16,3,4,0,0,0,6,2,0,0,0,0,0,0,0,753,34,12,115,19,1,0,22,1,0,0,2,0,0,0,0,371,6,8,30,184,3,3,4,5,1,13,13,4,2,0,10,1350,1292,535,417,501,183,6,5,13,2,12,5,5,0,2,0,755,14,19,574,173,282,2,121,11,158,2,8,57,37,0,5,119,74,2,251,29,0,0,17,0,2,0,41,16,1,0,8,545,23,4,223,0,17,0,0,0,0,0,0,0,3,0,0,0,0,0,0,14,0,0,0,0,0,0,0,0,0,0,0,0,111,12,16,0,0,0,0,0,0,0,0,0,0,0,0,5924,2800,1757,6757,186,47,8,817,62,3,54,123,496,171,0,830,1359,433,123,1430,2,20,11,262,21,0,0,195,101,7,1,56,1943,876,1149,2968,287,5,14,1214,133,17,3,360,124,63,6,237,462,16,0,134,0,0,0,0,0,0,0,0,0,6,0,11,5724,2689,1731,7113,292,0,3,340,620,216,475,720,213,64,37,158,0,0,3,26,0,162,0,5,0,0,0,0,0,0,0,0,231,0,3,15,0,0,0,0,3,0,0,1,0,0,0,0,3338,890,261,874,466,26,30,270,35,0,16,183,6,305,0,59,1176,434,440,706,124,22,0,30,97,2,4,88,25,3,0
0,22,0,242,133,0,0,0,0,0,0,0,0,0,0,0,0,436,0,0,128,5,153,0,22,0,0,0,0,0,0,0,0,12,75,25,57,0,0,0,0,0,2,0,0,0,0,4,19,294,240,228,307,32,285,8,20,0,0,0,0,0,0,0,0,22,22,14,38,0,12,0,0,0,0,8,0,0,0,0,0,15,114,0,7,0,0,0,13,0,0,0,0,0,0,0,0,545,24,81,55,173,53,13,13,0,0,0,0,0,0,0,0,62,53,0,83,0,0,0,9,0,0,0,0,0,0,0,9,265,7,1,36,2,0,0,0,0,3,0,0,0,0,0,0,0,4,0,0,0,0,0,0,0,0,0,0,0,0,0,0,712,155,0,3,0,0,0,2,0,0,0,0,0,0,0,0,256,477,2,151,0,0,0,49,0,0,0,8,0,8,0,0,0,0,0,0,0,0,0,0,0,0,0,0,0,0,0,1,15,1,26,34,0,0,0,26,6,10,0,90,0,0,0,0,159,12,6,54,0,1,0,0,2,2,0,6,14,0,0,5,0,13,0,0,0,0,0,0,7,0,0,0,0,0,0,0,441,20,0,31,0,5,0,0,6,0,0,1,0,0,0,0,19,18,0,35,0,0,0,1,23,1,0,0,0,1,0,9,55,22,10,89,8,0,0,1,0,0,0,0,17,0,0,0,3,1,3,0,1,1,0,0,0,0,0,0,0,0,0,0,4,168,101,57,0,0,0,0,0,6,0,0,0,0,0,0,8,1,1,115,11,65,2,14,16,0,0,0,0,0,0,0,140,44,2,121,0,0,0,5,0,0,0,0,0,0,0,0,9,0,0,3,0,0,0,0,0,0,0,0,13,0,0,0,36,4,2,36,0,0,10,6,0,0,0,4,0,0,0,64,24,1,0,19,0,0,0,109,0,0,0,1,0,0,0,2,35,8,0,10,1,0,0,0,0,1,0,0,0,0,0,0,0,0,0,17,0,0,0,0,0,0,0,0,0,0,0,0,0,0,0,0,0,0,0,2,0,0,0,0,0,0,2,0,39,39,16,156,0,0,0,0,0,0,0,6,0,0,0,0,32,987,27,56,0,13,0,4,0,0,0,0,0,0,0,0,131,0,1,36,113,0,0,0,0,0,0,0,0,0,0,0,0,0,10,304,0,0,0,128,0,0,0,0,0,0,0,0,143,70,0,95,0,0,0,0,0,0,0,0,0,0,0,0,297,33,0,37,19,0,0,0,0,0,0,0,0,0,0,0,25,3,0,16,0,0,1,0,8,0,0,12,0,0,0,0,634,22,22,69,11,14,0,3,201,0,0,39,0,0,0,0,57,7,0,197,36,0,0,2,0,4,0,0,0,0,0,109,1,0,21,18,1,0,0,4,0,0,0,0,0,0,0,0,11,0,0,4,0,0,0,3,0,0,0,0,0,0,0,0,1997,980,454,1290,36,14,13,418,220,0,0,53,2,35,0,168,291,12,125,93,0,0,4,2,1,0,0,6,0,0,0,2,2737,584,696,1671,500,112,464,192,41,504,66,270,0,0,0,4,198,11,6,204,183,10,17,25,0,0,2,11,0,0,0,0,4521,881,1855,2447,410,134,212,76,424,5,163,0,342,3,0,260,4362,2192,2323,6469,367,5,575,1028,33,20,379,271,376,0,0,5,0,16,3,4,0,0,0,6,2,0,0,0,0,0,0,0,753,34,12,115,19,1,0,22,1,0,0,2,0,0,0,0,371,6,8,30,184,3,3,4,5,1,13,13,4,2,0,10,1350,1293,535,417,501,183,6,5,13,2,12,5,5,0,2,0,755,14,19,574,173,282,2,121,11,158,2,8,57,37,0,5,119,74,2,251,29,0,0,17,0,2,0,41,16,1,0,8,545,23,4,223,0,17,0,0,0,0,0,0,0,3,0,0,0,0,0,0,14,0,0,0,0,0,0,0,0,0,0,0,0,111,12,16,0,0,0,0,0,0,0,0,0,0,0,0,5924,2800,1757,6758,186,47,8,817,62,3,54,123,496,171,0,830,1359,433,123,1430,2,20,11,262,21,0,0,195,101,7,1,56,1944,876,1149,2968,287,5,14,1214,133,17,3,360,124,63,6,237,462,16,0,134,0,0,0,0,0,0,0,0,0,6,0,11,5722,2690,1731,7113,292,0,3,340,620,216,475,720,214,64,37,158,0,0,3,26,0,162,0,5,0,0,0,0,0,0,0,0,231,0,3,15,0,0,0,0,3,0,0,1,0,0,0,0,3338,890,261,874,466,26,30,270,35,0,16,183,6,305,0,59,1176,434,440,706,124,22,0,30,97,2,4,88,25,3,0
0,22,0,242,133,0,0,0,0,0,0,0,0,0,0,0,0,436,0,0,128,5,153,0,22,0,0,0,0,0,0,0,0,12,75,25,57,0,0,0,0,0,2,0,0,0,0,4,19,294,240,228,307,32,285,8,20,0,0,0,0,0,0,0,0,22,22,14,38,0,12,0,0,0,0,8,0,0,0,0,0,15,114,0,7,0,0,0,13,0,0,0,0,0,0,0,0,545,24,81,55,173,53,13,13,0,0,0,0,0,0,0,0,62,53,0,83,0,0,0,9,0,0,0,0,0,0,0,9,265,7,1,36,2,0,0,0,0,3,0,0,0,0,0,0,0,4,0,0,0,0,0,0,0,0,0,0,0,0,0,0,712,155,0,3,0,0,0,2,0,0,0,0,0,0,0,0,256,477,2,151,0,0,0,49,0,0,0,8,0,8,0,0,0,0,0,0,0,0,0,0,0,0,0,0,0,0,0,1,15,1,26,34,0,0,0,26,6,10,0,90,0,0,0,0,159,12,6,54,0,1,0,0,2,2,0,6,14,0,0,5,0,13,0,0,0,0,0,0,7,0,0,0,0,0,0,0,441,20,0,31,0,5,0,0,6,0,0,1,0,0,0,0,19,18,0,35,0,0,0,1,23,1,0,0,0,1,0,9,55,22,10,89,8,0,0,1,0,0,0,0,17,0,0,0,3,1,3,0,1,1,0,0,0,0,0,0,0,0,0,0,4,168,101,57,0,0,0,0,0,6,0,0,0,0,0,0,8,1,1,115,11,65,2,14,16,0,0,0,0,0,0,0,140,44,2,121,0,0,0,5,0,0,0,0,0,0,0,0,9,0,0,3,0,0,0,0,0,0,0,0,13,0,0,0,36,4,2,36,0,0,10,6,0,0,0,4,0,0,0,64,24,1,0,19,0,0,0,109,0,0,0,1,0,0,0,2,35,8,0,10,1,0,0,0,0,1,0,0,0,0,0,0,0,0,0,17,0,0,0,0,0,0,0,0,0,0,0,0,0,0,0,0,0,0,0,2,0,0,0,0,0,0,2,0,39,39,16,156,0,0,0,0,0,0,0,6,0,0,0,0,32,987,27,56,0,13,0,4,0,0,0,0,0,0,0,0,131,0,1,36,113,0,0,0,0,0,0,0,0,0,0,0,0,0,10,304,0,0,0,128,0,0,0,0,0,0,0,0,143,70,0,95,0,0,0,0,0,0,0,0,0,0,0,0,297,33,0,37,19,0,0,0,0,0,0,0,0,0,0,0,25,3,0,16,0,0,1,0,8,0,0,12,0,0,0,0,634,22,22,69,11,14,0,3,200,0,0,39,0,0,0,0,57,7,0,197,36,0,0,2,0,4,0,0,0,0,0,109,1,0,21,18,1,0,0,4,0,0,0,0,0,0,0,0,11,0,0,4,0,0,0,3,0,0,0,0,0,0,0,0,1997,980,454,1290,36,14,13,418,220,0,0,53,2,35,0,168,291,12,125,93,0,0,4,2,1,0,0,6,0,0,0,2,2737,584,696,1671,500,112,464,192,41,504,66,270,0,0,0,4,198,11,6,204,183,10,17,25,0,0,2,11,0,0,0,0,4521,881,1855,2447,410,134,212,76,424,5,163,0,342,3,0,260,4360,2192,2323,6469,367,5,575,1028,33,20,379,271,376,0,0,5,0,16,3,4,0,0,0,6,2,0,0,0,0,0,0,0,753,34,12,115,19,1,0,22,1,0,0,2,0,0,0,0,371,6,8,30,184,3,3,4,5,1,13,13,4,2,0,10,1350,1292,535,417,501,183,6,5,13,2,12,5,5,0,2,0,755,14,19,574,173,282,2,121,11,158,2,8,57,37,0,5,119,74,2,251,29,0,0,17,0,2,0,41,16,1,0,8,545,23,4,223,0,17,0,0,0,0,0,0,0,3,0,0,0,0,0,0,14,0,0,0,0,0,0,0,0,0,0,0,0,111,12,16,0,0,0,0,0,0,0,0,0,0,0,0,5924,2800,1757,6757,186,47,8,817,62,3,54,123,496,171,0,830,1359,433,123,1430,2,20,11,262,21,0,0,195,101,7,1,56,1943,876,1149,2968,287,5,14,1214,133,17,3,360,124,63,6,237,462,16,0,134,0,0,0,0,0,0,0,0,0,6,0,11,5722,2689,1732,7113,292,0,3,340,620,216,475,720,213,64,37,158,0,0,3,26,0,162,0,5,0,0,0,0,0,0,0,0,231,0,3,15,0,0,0,0,3,0,0,1,0,0,0,0,3338,890,261,874,466,26,30,270,35,0,16,183,6,305,0,59,1176,434,440,706,124,22,0,30,97,2,4,88,25,3,0
0,22,0,242,133,0,0,0,0,0,0,0,0,0,0,0,0,436,0,0,128,5,153,0,22,0,0,0,0,0,0,0,0,12,75,25,57,0,0,0,0,0,2,0,0,0,0,4,19,294,240,228,307,32,285,8,20,0,0,0,0,0,0,0,0,22,22,14,38,0,12,0,0,0,0,8,0,0,0,0,0,15,114,0,7,0,0,0,13,0,0,0,0,0,0,0,0,545,24,81,55,173,53,13,13,0,0,0,0,0,0,0,0,62,53,0,83,0,0,0,9,0,0,0,0,0,0,0,9,265,7,1,36,2,0,0,0,0,3,0,0,0,0,0,0,0,4,0,0,0,0,0,0,0,0,0,0,0,0,0,0,712,155,0,3,0,0,0,2,0,0,0,0,0,0,0,0,256,477,2,151,0,0,0,49,0,0,0,8,0,8,0,0,0,0,0,0,0,0,0,0,0,0,0,0,0,0,0,1,15,1,26,34,0,0,0,26,6,10,0,90,0,0,0,0,159,12,6,54,0,1,0,0,2,2,0,6,14,0,0,5,0,13,0,0,0,0,0,0,7,0,0,0,0,0,0,0,441,20,0,31,0,5,0,0,6,0,0,1,0,0,0,0,19,18,0,35,0,0,0,1,23,1,0,0,0,1,0,9,55,22,10,89,8,0,0,1,0,0,0,0,17,0,0,0,3,1,3,0,1,1,0,0,0,0,0,0,0,0,0,0,4,168,101,57,0,0,0,0,0,6,0,0,0,0,0,0,8,1,1,115,11,65,2,14,16,0,0,0,0,0,0,0,140,44,2,121,0,0,0,5,0,0,0,0,0,0,0,0,9,0,0,3,0,0,0,0,0,0,0,0,13,0,0,0,36,4,2,36,0,0,10,6,0,0,0,4,0,0,0,64,24,1,0,19,0,0,0,109,0,0,0,1,0,0,0,2,35,8,0,10,1,0,0,0,0,1,0,0,0,0,0,0,0,0,0,17,0,0,0,0,0,0,0,0,0,0,0,0,0,0,0,0,0,0,0,2,0,0,0,0,0,0,2,0,39,39,16,156,0,0,0,0,0,0,0,6,0,0,0,0,32,987,27,56,0,13,0,4,0,0,0,0,0,0,0,0,131,0,1,36,113,0,0,0,0,0,0,0,0,0,0,0,0,0,10,304,0,0,0,128,0,0,0,0,0,0,0,0,143,70,0,95,0,0,0,0,0,0,0,0,0,0,0,0,297,33,0,37,19,0,0,0,0,0,0,0,0,0,0,0,25,3,0,16,0,0,1,0,8,0,0,12,0,0,0,0,634,22,22,69,11,14,0,3,200,0,0,39,0,0,0,0,57,7,0,197,36,0,0,2,0,4,0,0,0,0,0,109,1,0,21,18,1,0,0,4,0,0,0,0,0,0,0,0,11,0,0,4,0,0,0,3,0,0,0,0,0,0,0,0,1997,980,454,1290,36,14,13,418,220,0,0,53,2,35,0,168,291,12,125,93,0,0,4,2,1,0,0,6,0,0,0,2,2737,584,696,1671,500,112,464,192,41,504,66,270,0,0,0,4,198,11,6,204,183,10,17,25,0,0,2,11,0,0,0,0,4523,881,1855,2447,410,134,212,76,424,5,163,0,342,3,0,260,4361,2193,2323,6469,367,5,575,1028,33,20,379,271,376,0,0,5,0,16,3,4,0,0,0,6,2,0,0,0,0,0,0,0,753,34,12,115,19,1,0,22,1,0,0,2,0,0,0,0,371,6,8,30,184,3,3,4,5,1,13,13,4,2,0,10,1350,1292,535,417,501,183,6,5,13,2,12,5,5,0,2,0,755,14,19,574,173,282,2,121,11,158,2,8,57,37,0,5,119,74,2,251,29,0,0,17,0,2,0,41,16,1,0,8,545,23,4,223,0,17,0,0,0,0,0,0,0,3,0,0,0,0,0,0,14,0,0,0,0,0,0,0,0,0,0,0,0,111,12,16,0,0,0,0,0,0,0,0,0,0,0,0,5924,2800,1757,6757,186,47,8,817,62,3,54,123,496,171,0,830,1359,433,123,1430,2,20,11,262,21,0,0,195,101,7,1,56,1943,876,1149,2968,287,5,14,1214,133,17,3,360,124,63,6,237,462,16,0,134,0,0,0,0,0,0,0,0,0,6,0,11,5724,2689,1731,7113,292,0,3,340,620,216,475,720,213,64,37,158,0,0,3,26,0,162,0,5,0,0,0,0,0,0,0,0,231,0,3,15,0,0,0,0,3,0,0,1,0,0,0,0,3338,890,261,874,466,26,30,270,35,0,16,183,6,305,0,59,1176,434,440,706,124,22,0,30,97,2,4,88,25,3,0
0,22,0,242,133,0,0,0,0,0,0,0,0,0,0,0,0,436,0,0,128,5,153,0,22,0,0,0,0,0,0,0,0,12,75,25,57,0,0,0,0,0,2,0,0,0,0,4,19,294,240,228,307,32,285,8,20,0,0,0,0,0,0,0,0,22,22,14,38,0,12,0,0,0,0,8,0,0,0,0,0,15,114,0,7,0,0,0,13,0,0,0,0,0,0,0,0,545,24,81,55,173,53,13,13,0,0,0,0,0,0,0,0,62,53,0,83,0,0,0,9,0,0,0,0,0,0,0,9,265,7,1,36,2,0,0,0,0,3,0,0,0,0,0,0,0,4,0,0,0,0,0,0,0,0,0,0,0,0,0,0,712,155,0,3,0,0,0,2,0,0,0,0,0,0,0,0,256,477,2,151,0,0,0,49,0,0,0,8,0,8,0,0,0,0,0,0,0,0,0,0,0,0,0,0,0,0,0,1,15,1,26,34,0,0,0,26,6,10,0,90,0,0,0,0,159,12,6,54,0,1,0,0,2,2,0,6,14,0,0,5,0,13,0,0,0,0,0,0,7,0,0,0,0,0,0,0,441,20,0,31,0,5,0,0,6,0,0,1,0,0,0,0,19,18,0,35,0,0,0,1,23,1,0,0,0,1,0,9,55,22,10,89,8,0,0,1,0,0,0,0,17,0,0,0,3,1,3,0,1,1,0,0,0,0,0,0,0,0,0,0,4,168,101,57,0,0,0,0,0,6,0,0,0,0,0,0,8,1,1,115,11,65,2,14,16,0,0,0,0,0,0,0,140,44,2,121,0,0,0,5,0,0,0,0,0,0,0,0,9,0,0,3,0,0,0,0,0,0,0,0,13,0,0,0,36,4,2,36,0,0,10,6,0,0,0,4,0,0,0,64,24,1,0,19,0,0,0,109,0,0,0,1,0,0,0,2,35,8,0,10,1,0,0,0,0,1,0,0,0,0,0,0,0,0,0,17,0,0,0,0,0,0,0,0,0,0,0,0,0,0,0,0,0,0,0,2,0,0,0,0,0,0,2,0,39,39,16,156,0,0,0,0,0,0,0,6,0,0,0,0,32,987,27,56,0,13,0,4,0,0,0,0,0,0,0,0,131,0,1,36,113,0,0,0,0,0,0,0,0,0,0,0,0,0,10,304,0,0,0,128,0,0,0,0,0,0,0,0,143,70,0,95,0,0,0,0,0,0,0,0,0,0,0,0,297,33,0,37,19,0,0,0,0,0,0,0,0,0,0,0,25,3,0,16,0,0,1,0,8,0,0,12,0,0,0,0,634,22,22,69,11,14,0,3,200,0,0,39,0,0,0,0,57,7,0,197,36,0,0,2,0,4,0,0,0,0,0,109,1,0,21,18,1,0,0,4,0,0,0,0,0,0,0,0,11,0,0,4,0,0,0,3,0,0,0,0,0,0,0,0,1997,980,454,1290,36,14,13,418,220,0,0,53,2,35,0,168,291,12,125,93,0,0,4,2,1,0,0,6,0,0,0,2,2737,584,696,1671,500,112,464,192,41,504,66,270,0,0,0,4,198,11,6,204,183,10,17,25,0,0,2,11,0,0,0,0,4523,881,1855,2447,410,134,212,76,424,5,163,0,342,3,0,260,4361,2193,2323,6469,367,5,575,1028,33,20,379,271,376,0,0,5,0,16,3,4,0,0,0,6,2,0,0,0,0,0,0,0,753,34,12,115,19,1,0,22,1,0,0,2,0,0,0,0,371,6,8,30,184,3,3,4,5,1,13,13,4,2,0,10,1350,1292,535,417,501,183,6,5,13,2,12,5,5,0,2,0,755,14,19,574,173,282,2,121,11,158,2,8,57,37,0,5,119,74,2,251,29,0,0,17,0,2,0,41,16,1,0,8,545,23,4,223,0,17,0,0,0,0,0,0,0,3,0,0,0,0,0,0,14,0,0,0,0,0,0,0,0,0,0,0,0,111,12,16,0,0,0,0,0,0,0,0,0,0,0,0,5924,2800,1757,6757,186,47,8,817,62,3,54,123,496,171,0,830,1359,433,123,1430,2,20,11,262,21,0,0,195,101,7,1,56,1943,876,1149,2968,287,5,14,1214,133,17,3,360,124,63,6,237,462,16,0,134,0,0,0,0,0,0,0,0,0,6,0,11,5724,2689,1731,7113,292,0,3,340,620,216,475,720,213,64,37,158,0,0,3,26,0,162,0,5,0,0,0,0,0,0,0,0,231,0,3,15,0,0,0,0,3,0,0,1,0,0,0,0,3338,890,261,874,466,26,30,270,35,0,16,183,6,305,0,59,1176,434,440,706,124,22,0,30,97,2,4,88,25,3,0
0,22,0,242,133,0,0,0,0,0,0,0,0,0,0,0,0,436,0,0,128,5,153,0,22,0,0,0,0,0,0,0,0,12,75,25,57,0,0,0,0,0,2,0,0,0,0,4,19,294,240,228,307,32,285,8,20,0,0,0,0,0,0,0,0,22,22,14,38,0,12,0,0,0,0,8,0,0,0,0,0,15,114,0,7,0,0,0,13,0,0,0,0,0,0,0,0,545,24,81,55,173,53,13,13,0,0,0,0,0,0,0,0,62,53,0,83,0,0,0,9,0,0,0,0,0,0,0,9,265,7,1,36,2,0,0,0,0,3,0,0,0,0,0,0,0,4,0,0,0,0,0,0,0,0,0,0,0,0,0,0,712,155,0,3,0,0,0,2,0,0,0,0,0,0,0,0,256,477,2,151,0,0,0,49,0,0,0,8,0,8,0,0,0,0,0,0,0,0,0,0,0,0,0,0,0,0,0,1,15,1,26,34,0,0,0,26,6,10,0,90,0,0,0,0,159,12,6,54,0,1,0,0,2,2,0,6,14,0,0,5,0,13,0,0,0,0,0,0,7,0,0,0,0,0,0,0,441,20,0,31,0,5,0,0,6,0,0,1,0,0,0,0,19,18,0,35,0,0,0,1,23,1,0,0,0,1,0,9,55,22,10,89,8,0,0,1,0,0,0,0,17,0,0,0,3,1,3,0,1,1,0,0,0,0,0,0,0,0,0,0,4,168,101,57,0,0,0,0,0,6,0,0,0,0,0,0,8,1,1,115,11,65,2,14,16,0,0,0,0,0,0,0,140,44,2,121,0,0,0,5,0,0,0,0,0,0,0,0,9,0,0,3,0,0,0,0,0,0,0,0,13,0,0,0,36,4,2,36,0,0,10,6,0,0,0,4,0,0,0,64,24,1,0,19,0,0,0,109,0,0,0,1,0,0,0,2,35,8,0,10,1,0,0,0,0,1,0,0,0,0,0,0,0,0,0,17,0,0,0,0,0,0,0,0,0,0,0,0,0,0,0,0,0,0,0,2,0,0,0,0,0,0,2,0,39,39,16,156,0,0,0,0,0,0,0,6,0,0,0,0,32,987,27,56,0,13,0,4,0,0,0,0,0,0,0,0,131,0,1,36,113,0,0,0,0,0,0,0,0,0,0,0,0,0,10,304,0,0,0,128,0,0,0,0,0,0,0,0,143,70,0,95,0,0,0,0,0,0,0,0,0,0,0,0,297,33,0,37,19,0,0,0,0,0,0,0,0,0,0,0,25,3,0,16,0,0,1,0,8,0,0,12,0,0,0,0,634,22,22,69,11,14,0,3,200,0,0,39,0,0,0,0,57,7,0,197,36,0,0,2,0,4,0,0,0,0,0,109,1,0,21,18,1,0,0,4,0,0,0,0,0,0,0,0,11,0,0,4,0,0,0,3,0,0,0,0,0,0,0,0,1997,980,454,1290,36,14,13,418,220,0,0,53,2,35,0,168,291,12,125,93,0,0,4,2,1,0,0,6,0,0,0,2,2737,584,696,1671,500,112,464,192,41,504,66,270,0,0,0,4,198,11,6,204,183,10,17,25,0,0,2,11,0,0,0,0,4521,881,1855,2448,410,134,212,76,424,5,163,0,342,3,0,260,4361,2192,2323,6470,367,5,575,1028,33,20,379,271,376,0,0,5,0,16,3,4,0,0,0,6,2,0,0,0,0,0,0,0,753,34,12,115,19,1,0,22,1,0,0,2,0,0,0,0,371,6,8,30,184,3,3,4,5,1,13,13,4,2,0,10,1350,1292,535,417,501,183,6,5,13,2,12,5,5,0,2,0,755,14,19,574,173,282,2,121,11,158,2,8,57,37,0,5,119,74,2,251,29,0,0,17,0,2,0,41,16,1,0,8,545,23,4,223,0,17,0,0,0,0,0,0,0,3,0,0,0,0,0,0,14,0,0,0,0,0,0,0,0,0,0,0,0,111,12,16,0,0,0,0,0,0,0,0,0,0,0,0,5924,2800,1757,6757,186,47,8,817,62,3,54,123,496,171,0,830,1359,433,123,1430,2,20,11,262,21,0,0,195,101,7,1,56,1943,876,1149,2969,287,5,14,1214,133,17,3,360,124,63,6,237,462,16,0,134,0,0,0,0,0,0,0,0,0,6,0,11,5722,2691,1731,7115,292,0,3,340,620,216,475,720,213,64,37,158,0,0,3,26,0,162,0,5,0,0,0,0,0,0,0,0,231,0,3,15,0,0,0,0,3,0,0,1,0,0,0,0,3338,890,261,874,466,26,30,270,35,0,16,183,6,305,0,59,1176,434,440,706,124,22,0,30,97,2,4,88,25,3,0
0,22,0,242,133,0,0,0,0,0,0,0,0,0,0,0,0,436,0,0,128,5,153,0,22,0,0,0,0,0,0,0,0,12,75,25,57,0,0,0,0,0,2,0,0,0,0,4,19,294,240,228,307,32,285,8,20,0,0,0,0,0,0,0,0,22,22,14,38,0,12,0,0,0,0,8,0,0,0,0,0,15,114,0,7,0,0,0,13,0,0,0,0,0,0,0,0,545,24,81,55,173,53,13,13,0,0,0,0,0,0,0,0,62,53,0,83,0,0,0,9,0,0,0,0,0,0,0,9,265,7,1,36,2,0,0,0,0,3,0,0,0,0,0,0,0,4,0,0,0,0,0,0,0,0,0,0,0,0,0,0,712,155,0,3,0,0,0,2,0,0,0,0,0,0,0,0,256,477,2,151,0,0,0,49,0,0,0,8,0,8,0,0,0,0,0,0,0,0,0,0,0,0,0,0,0,0,0,1,15,1,26,34,0,0,0,26,6,10,0,90,0,0,0,0,159,12,6,54,0,1,0,0,2,2,0,6,14,0,0,5,0,13,0,0,0,0,0,0,7,0,0,0,0,0,0,0,441,20,0,31,0,5,0,0,6,0,0,1,0,0,0,0,19,18,0,35,0,0,0,1,23,1,0,0,0,1,0,9,55,22,10,89,8,0,0,1,0,0,0,0,17,0,0,0,3,1,3,0,1,1,0,0,0,0,0,0,0,0,0,0,4,168,101,57,0,0,0,0,0,6,0,0,0,0,0,0,8,1,1,115,11,65,2,14,16,0,0,0,0,0,0,0,140,44,2,121,0,0,0,5,0,0,0,0,0,0,0,0,9,0,0,3,0,0,0,0,0,0,0,0,13,0,0,0,36,4,2,36,0,0,10,6,0,0,0,4,0,0,0,64,24,1,0,19,0,0,0,109,0,0,0,1,0,0,0,2,35,8,0,10,1,0,0,0,0,1,0,0,0,0,0,0,0,0,0,17,0,0,0,0,0,0,0,0,0,0,0,0,0,0,0,0,0,0,0,2,0,0,0,0,0,0,2,0,39,39,16,156,0,0,0,0,0,0,0,6,0,0,0,0,32,987,27,56,0,13,0,4,0,0,0,0,0,0,0,0,131,0,1,36,113,0,0,0,0,0,0,0,0,0,0,0,0,0,10,304,0,0,0,128,0,0,0,0,0,0,0,0,143,70,0,95,0,0,0,0,0,0,0,0,0,0,0,0,297,33,0,37,19,0,0,0,0,0,0,0,0,0,0,0,25,3,0,16,0,0,1,0,8,0,0,12,0,0,0,0,634,22,22,69,11,14,0,3,200,0,0,39,0,0,0,0,57,7,0,197,36,0,0,2,0,4,0,0,0,0,0,109,1,0,21,18,1,0,0,4,0,0,0,0,0,0,0,0,11,0,0,4,0,0,0,3,0,0,0,0,0,0,0,0,1997,980,454,1290,36,14,13,418,220,0,0,53,2,35,0,168,291,12,125,93,0,0,4,2,1,0,0,6,0,0,0,2,2737,584,696,1671,500,112,464,192,41,504,66,270,0,0,0,4,198,11,6,204,183,10,17,25,0,0,2,11,0,0,0,0,4523,881,1855,2447,410,134,212,76,424,5,163,0,342,3,0,260,4361,2193,2323,6469,367,5,575,1028,33,20,379,271,376,0,0,5,0,16,3,4,0,0,0,6,2,0,0,0,0,0,0,0,753,34,12,115,19,1,0,22,1,0,0,2,0,0,0,0,371,6,8,30,184,3,3,4,5,1,13,13,4,2,0,10,1350,1292,535,417,501,183,6,5,13,2,12,5,5,0,2,0,755,14,19,574,173,282,2,121,11,158,2,8,57,37,0,5,119,74,2,251,29,0,0,17,0,2,0,41,16,1,0,8,545,23,4,223,0,17,0,0,0,0,0,0,0,3,0,0,0,0,0,0,14,0,0,0,0,0,0,0,0,0,0,0,0,111,12,16,0,0,0,0,0,0,0,0,0,0,0,0,5924,2800,1757,6757,186,47,8,817,62,3,54,123,496,171,0,830,1359,433,123,1430,2,20,11,262,21,0,0,195,101,7,1,56,1943,876,1149,2968,287,5,14,1214,133,17,3,360,124,63,6,237,462,16,0,134,0,0,0,0,0,0,0,0,0,6,0,11,5724,2689,1731,7113,292,0,3,340,620,216,475,720,213,64,37,158,0,0,3,26,0,162,0,5,0,0,0,0,0,0,0,0,231,0,3,15,0,0,0,0,3,0,0,1,0,0,0,0,3338,890,261,874,466,26,30,270,35,0,16,183,6,305,0,59,1176,434,440,706,124,22,0,30,97,2,4,88,25,3,0
0,22,0,242,133,0,0,0,0,0,0,0,0,0,0,0,0,436,0,0,128,5,153,0,22,0,0,0,0,0,0,0,0,12,75,25,57,0,0,0,0,0,2,0,0,0,0,4,19,294,240,228,307,32,285,8,20,0,0,0,0,0,0,0,0,22,22,14,38,0,12,0,0,0,0,8,0,0,0,0,0,15,114,0,7,0,0,0,13,0,0,0,0,0,0,0,0,545,24,81,55,173,53,13,13,0,0,0,0,0,0,0,0,62,53,0,83,0,0,0,9,0,0,0,0,0,0,0,9,265,7,1,36,2,0,0,0,0,3,0,0,0,0,0,0,0,4,0,0,0,0,0,0,0,0,0,0,0,0,0,0,712,155,0,3,0,0,0,2,0,0,0,0,0,0,0,0,256,477,2,151,0,0,0,49,0,0,0,8,0,8,0,0,0,0,0,0,0,0,0,0,0,0,0,0,0,0,0,1,15,1,26,34,0,0,0,26,6,10,0,90,0,0,0,0,159,12,6,54,0,1,0,0,2,2,0,6,14,0,0,5,0,13,0,0,0,0,0,0,7,0,0,0,0,0,0,0,441,20,0,31,0,5,0,0,6,0,0,1,0,0,0,0,19,18,0,35,0,0,0,1,23,1,0,0,0,1,0,9,55,22,10,89,8,0,0,1,0,0,0,0,17,0,0,0,3,1,3,0,1,1,0,0,0,0,0,0,0,0,0,0,4,168,101,57,0,0,0,0,0,6,0,0,0,0,0,0,8,1,1,115,11,65,2,14,16,0,0,0,0,0,0,0,140,44,2,121,0,0,0,5,0,0,0,0,0,0,0,0,9,0,0,3,0,0,0,0,0,0,0,0,13,0,0,0,36,4,2,36,0,0,10,6,0,0,0,4,0,0,0,64,24,1,0,19,0,0,0,109,0,0,0,1,0,0,0,2,35,8,0,10,1,0,0,0,0,1,0,0,0,0,0,0,0,0,0,17,0,0,0,0,0,0,0,0,0,0,0,0,0,0,0,0,0,0,0,2,0,0,0,0,0,0,2,0,39,39,16,156,0,0,0,0,0,0,0,6,0,0,0,0,32,987,27,56,0,13,0,4,0,0,0,0,0,0,0,0,131,0,1,36,113,0,0,0,0,0,0,0,0,0,0,0,0,0,10,304,0,0,0,128,0,0,0,0,0,0,0,0,143,70,0,95,0,0,0,0,0,0,0,0,0,0,0,0,297,33,0,37,19,0,0,0,0,0,0,0,0,0,0,0,25,3,0,16,0,0,1,0,8,0,0,12,0,0,0,0,634,22,22,69,11,14,0,3,200,0,0,39,0,0,0,0,57,7,0,197,36,0,0,2,0,4,0,0,0,0,0,109,1,0,21,18,1,0,0,4,0,0,0,0,0,0,0,0,11,0,0,4,0,0,0,3,0,0,0,0,0,0,0,0,1997,980,454,1290,36,14,13,418,220,0,0,53,2,35,0,168,291,12,125,93,0,0,4,2,1,0,0,6,0,0,0,2,2737,584,696,1671,500,112,464,192,41,504,66,270,0,0,0,4,198,11,6,204,183,10,17,25,0,0,2,11,0,0,0,0,4521,881,1856,2447,410,134,212,76,424,5,163,0,342,3,0,260,4360,2192,2323,6469,367,5,575,1028,33,20,379,271,376,0,0,5,0,16,3,4,0,0,0,6,2,0,0,0,0,0,0,0,753,34,12,115,19,1,0,22,1,0,0,2,0,0,0,0,371,6,8,30,184,3,3,4,5,1,13,13,4,2,0,10,1350,1292,535,417,501,183,6,5,13,2,12,5,5,0,2,0,755,14,19,574,173,282,2,121,11,158,2,8,57,37,0,5,119,74,2,251,29,0,0,17,0,2,0,41,16,1,0,8,545,23,4,223,0,17,0,0,0,0,0,0,0,3,0,0,0,0,0,0,14,0,0,0,0,0,0,0,0,0,0,0,0,111,12,16,0,0,0,0,0,0,0,0,0,0,0,0,5925,2800,1757,6757,186,47,8,817,62,3,54,123,496,171,0,830,1359,433,123,1430,2,20,11,262,21,0,0,195,101,7,1,56,1943,876,1149,2968,287,5,14,1214,133,17,3,360,124,63,6,237,462,16,0,134,0,0,0,0,0,0,0,0,0,6,0,11,5723,2689,1731,7113,292,0,3,340,620,216,475,720,213,64,37,158,0,0,3,26,0,162,0,5,0,0,0,0,0,0,0,0,231,0,3,15,0,0,0,0,3,0,0,1,0,0,0,0,3338,890,261,874,466,26,30,270,35,0,16,183,6,305,0,59,1176,434,440,706,124,22,0,30,97,2,4,88,25,3,0
0,22,0,242,133,0,0,0,0,0,0,0,0,0,0,0,0,436,0,0,128,5,153,0,22,0,0,0,0,0,0,0,0,12,75,25,57,0,0,0,0,0,2,0,0,0,0,4,19,294,240,228,307,32,285,8,20,0,0,0,0,0,0,0,0,22,22,14,38,0,12,0,0,0,0,8,0,0,0,0,0,15,114,0,7,0,0,0,13,0,0,0,0,0,0,0,0,545,24,81,55,173,53,13,13,0,0,0,0,0,0,0,0,62,53,0,83,0,0,0,9,0,0,0,0,0,0,0,9,265,7,1,36,2,0,0,0,0,3,0,0,0,0,0,0,0,4,0,0,0,0,0,0,0,0,0,0,0,0,0,0,712,155,0,3,0,0,0,2,0,0,0,0,0,0,0,0,256,477,2,151,0,0,0,49,0,0,0,8,0,8,0,0,0,0,0,0,0,0,0,0,0,0,0,0,0,0,0,1,15,1,26,34,0,0,0,26,6,10,0,90,0,0,0,0,159,12,6,54,0,1,0,0,2,2,0,6,14,0,0,5,0,13,0,0,0,0,0,0,7,0,0,0,0,0,0,0,441,20,0,31,0,5,0,0,6,0,0,1,0,0,0,0,19,18,0,35,0,0,0,1,23,1,0,0,0,1,0,9,55,22,10,89,8,0,0,1,0,0,0,0,17,0,0,0,3,1,3,0,1,1,0,0,0,0,0,0,0,0,0,0,4,168,101,57,0,0,0,0,0,6,0,0,0,0,0,0,8,1,1,115,11,65,2,14,16,0,0,0,0,0,0,0,140,44,2,121,0,0,0,5,0,0,0,0,0,0,0,0,9,0,0,3,0,0,0,0,0,0,0,0,13,0,0,0,36,4,2,36,0,0,10,6,0,0,0,4,0,0,0,64,24,1,0,19,0,0,0,109,0,0,0,1,0,0,0,2,35,9,0,10,1,0,0,0,0,1,0,0,0,0,0,0,0,0,0,17,0,0,0,0,0,0,0,0,0,0,0,0,0,0,0,0,0,0,0,2,0,0,0,0,0,0,2,0,39,39,16,156,0,0,0,0,0,0,0,6,0,0,0,0,32,987,27,56,0,13,0,4,0,0,0,0,0,0,0,0,131,0,1,36,113,0,0,0,0,0,0,0,0,0,0,0,0,0,10,304,0,0,0,128,0,0,0,0,0,0,0,0,143,70,0,95,0,0,0,0,0,0,0,0,0,0,0,0,297,33,0,37,19,0,0,0,0,0,0,0,0,0,0,0,25,3,0,16,0,0,1,0,8,0,0,12,0,0,0,0,634,22,22,69,11,14,0,3,200,0,0,39,0,0,0,0,57,7,0,197,36,0,0,2,0,4,0,0,0,0,0,109,1,0,21,19,1,0,0,4,0,0,0,0,0,0,0,0,12,0,0,4,0,0,0,3,0,0,0,0,0,0,0,0,1997,980,454,1290,36,14,13,418,220,0,0,53,2,35,0,168,291,12,125,93,0,0,4,2,1,0,0,6,0,0,0,2,2737,584,696,1671,500,112,464,192,41,504,66,270,0,0,0,4,198,11,6,204,183,10,17,25,0,0,2,11,0,0,0,0,4521,881,1855,2447,410,134,212,76,424,5,163,0,342,3,0,260,4360,2192,2323,6471,367,5,575,1028,33,20,379,271,376,0,0,5,0,16,3,4,0,0,0,6,2,0,0,0,0,0,0,0,753,34,12,115,19,1,0,22,1,0,0,2,0,0,0,0,371,6,8,30,184,3,3,4,5,1,13,13,4,2,0,10,1350,1292,535,417,501,183,6,5,13,2,12,5,5,0,2,0,755,14,19,574,173,282,2,121,11,158,2,8,57,37,0,5,119,74,2,251,29,0,0,17,0,2,0,41,16,1,0,8,545,23,4,223,0,17,0,0,0,0,0,0,0,3,0,0,0,0,0,0,14,0,0,0,0,0,0,0,0,0,0,0,0,111,12,16,0,0,0,0,0,0,0,0,0,0,0,0,5924,2800,1757,6757,186,47,8,817,62,3,54,123,496,171,0,830,1359,433,123,1430,2,20,11,262,21,0,0,195,101,7,1,56,1943,876,1149,2969,287,5,14,1214,133,17,3,360,124,63,6,237,462,16,0,134,0,0,0,0,0,0,0,0,0,6,0,11,5722,2691,1731,7118,292,0,3,340,620,216,475,720,213,64,37,158,0,0,3,27,0,162,0,5,0,0,0,0,0,0,0,0,231,0,3,15,0,0,0,0,3,0,0,1,0,0,0,0,3338,890,261,874,466,26,30,270,35,0,16,183,6,305,0,59,1176,434,440,706,124,22,0,30,97,2,4,88,25,3,0
0,22,0,242,133,0,0,0,0,0,0,0,0,0,0,0,0,436,0,0,128,5,153,0,22,0,0,0,0,0,0,0,0,12,75,25,57,0,0,0,0,0,2,0,0,0,0,4,19,294,240,228,307,32,285,8,20,0,0,0,0,0,0,0,0,22,22,14,38,0,12,0,0,0,0,8,0,0,0,0,0,15,114,0,7,0,0,0,13,0,0,0,0,0,0,0,0,545,24,81,55,173,53,13,13,0,0,0,0,0,0,0,0,62,53,0,83,0,0,0,9,0,0,0,0,0,0,0,9,265,7,1,36,2,0,0,0,0,3,0,0,0,0,0,0,0,4,0,0,0,0,0,0,0,0,0,0,0,0,0,0,712,155,0,3,0,0,0,2,0,0,0,0,0,0,0,0,256,478,2,151,0,0,0,49,0,0,0,8,0,8,0,0,0,0,0,0,0,0,0,0,0,0,0,0,0,0,0,1,15,1,26,34,0,0,0,26,6,10,0,90,0,0,0,0,159,12,6,54,0,1,0,0,2,2,0,6,14,0,0,5,0,13,0,0,0,0,0,0,7,0,0,0,0,0,0,0,441,20,0,31,0,5,0,0,6,0,0,1,0,0,0,0,19,18,0,35,0,0,0,1,23,1,0,0,0,1,0,9,55,22,10,89,8,0,0,1,0,0,0,0,17,0,0,0,3,1,3,0,1,1,0,0,0,0,0,0,0,0,0,0,4,168,101,57,0,0,0,0,0,6,0,0,0,0,0,0,8,1,1,115,11,65,2,14,16,0,0,0,0,0,0,0,140,44,2,121,0,0,0,5,0,0,0,0,0,0,0,0,9,0,0,3,0,0,0,0,0,0,0,0,13,0,0,0,36,4,2,36,0,0,10,6,0,0,0,4,0,0,0,64,24,1,0,19,0,0,0,109,0,0,0,1,0,0,0,2,35,8,0,10,1,0,0,0,0,1,0,0,0,0,0,0,0,0,0,17,0,0,0,0,0,0,0,0,0,0,0,0,0,0,0,0,0,0,0,2,0,0,0,0,0,0,2,0,39,39,16,156,0,0,0,0,0,0,0,6,0,0,0,0,32,987,27,56,0,13,0,4,0,0,0,0,0,0,0,0,131,0,1,36,113,0,0,0,0,0,0,0,0,0,0,0,0,0,10,304,0,0,0,128,0,0,0,0,0,0,0,0,143,70,0,95,0,0,0,0,0,0,0,0,0,0,0,0,297,33,0,37,19,0,0,0,0,0,0,0,0,0,0,0,25,3,0,16,0,0,1,0,8,0,0,12,0,0,0,0,634,22,22,69,11,14,0,3,200,0,0,39,0,0,0,0,57,7,0,197,36,0,0,2,0,4,0,0,0,0,0,109,1,0,21,18,1,0,0,4,0,0,0,0,0,0,0,0,11,0,0,4,0,0,0,3,0,0,0,0,0,0,0,0,1999,980,454,1290,36,14,13,418,220,0,0,53,2,35,0,168,291,12,125,93,0,0,4,2,1,0,0,6,0,0,0,2,2737,584,696,1671,500,112,464,192,41,504,66,270,0,0,0,4,198,11,6,204,183,10,17,25,0,0,2,11,0,0,0,0,4521,881,1855,2447,410,134,212,76,424,5,163,0,342,3,0,260,4360,2192,2323,6469,367,5,575,1028,33,20,379,271,376,0,0,5,0,16,3,4,0,0,0,6,2,0,0,0,0,0,0,0,753,34,12,115,19,1,0,22,1,0,0,2,0,0,0,0,371,6,8,30,184,3,3,4,5,1,13,13,4,2,0,10,1350,1293,535,417,501,183,6,5,13,2,12,5,5,0,2,0,755,14,19,574,173,282,2,121,11,158,2,8,57,37,0,5,119,74,2,251,29,0,0,17,0,2,0,41,16,1,0,8,545,23,4,223,0,17,0,0,0,0,0,0,0,3,0,0,0,0,0,0,14,0,0,0,0,0,0,0,0,0,0,0,0,111,12,16,0,0,0,0,0,0,0,0,0,0,0,0,5925,2800,1757,6757,186,47,8,817,62,3,54,123,496,171,0,830,1359,433,123,1430,2,20,11,262,21,0,0,195,101,7,1,56,1943,876,1149,2968,287,5,14,1214,133,17,3,360,124,63,6,237,462,16,0,134,0,0,0,0,0,0,0,0,0,6,0,11,5722,2689,1731,7113,292,0,3,340,620,216,475,720,213,64,37,158,0,0,3,26,0,162,0,5,0,0,0,0,0,0,0,0,231,0,3,15,0,0,0,0,3,0,0,1,0,0,0,0,3338,890,261,874,466,26,30,270,35,0,16,183,6,305,0,59,1176,434,440,706,124,22,0,30,97,2,4,88,25,3,0
0,22,0,242,133,0,0,0,0,0,0,0,0,0,0,0,0,436,0,0,128,5,153,0,22,0,0,0,0,0,0,0,0,12,75,25,57,0,0,0,0,0,2,0,0,0,0,4,19,294,240,228,307,32,285,8,20,0,0,0,0,0,0,0,0,22,22,14,38,0,12,0,0,0,0,8,0,0,0,0,0,15,114,0,7,0,0,0,13,0,0,0,0,0,0,0,0,545,24,81,55,173,53,13,13,0,0,0,0,0,0,0,0,62,53,0,83,0,0,0,9,0,0,0,0,0,0,0,9,265,7,1,36,2,0,0,0,0,3,0,0,0,0,0,0,0,4,0,0,0,0,0,0,0,0,0,0,0,0,0,0,712,155,0,3,0,0,0,2,0,0,0,0,0,0,0,0,256,477,2,151,0,0,0,49,0,0,0,8,0,8,0,0,0,0,0,0,0,0,0,0,0,0,0,0,0,0,0,1,15,1,26,34,0,0,0,26,6,10,0,90,0,0,0,0,159,12,6,54,0,1,0,0,2,2,0,6,14,0,0,5,0,13,0,0,0,0,0,0,7,0,0,0,0,0,0,0,441,20,0,31,0,5,0,0,6,0,0,1,0,0,0,0,19,18,0,35,0,0,0,1,23,1,0,0,0,1,0,9,55,22,10,89,8,0,0,1,0,0,0,0,17,0,0,0,3,1,3,0,1,1,0,0,0,0,0,0,0,0,0,0,4,168,101,57,0,0,0,0,0,6,0,0,0,0,0,0,8,1,1,115,11,65,2,14,16,0,0,0,0,0,0,0,140,44,2,121,0,0,0,5,0,0,0,0,0,0,0,0,9,0,0,3,0,0,0,0,0,0,0,0,13,0,0,0,36,4,2,36,0,0,10,6,0,0,0,4,0,0,0,64,24,1,0,19,0,0,0,109,0,0,0,1,0,0,0,2,35,8,0,10,1,0,0,0,0,1,0,0,0,0,0,0,0,0,0,17,0,0,0,0,0,0,0,0,0,0,0,0,0,0,0,0,0,0,0,2,0,0,0,0,0,0,2,0,39,39,16,156,0,0,0,0,0,0,0,6,0,0,0,0,32,987,27,56,0,13,0,4,0,0,0,0,0,0,0,0,131,0,1,36,113,0,0,0,0,0,0,0,0,0,0,0,0,0,10,304,0,0,0,128,0,0,0,0,0,0,0,0,143,70,0,95,0,0,0,0,0,0,0,0,0,0,0,0,297,33,0,37,19,0,0,0,0,0,0,0,0,0,0,0,25,3,0,16,0,0,1,0,8,0,0,12,0,0,0,0,634,22,22,69,11,14,0,3,200,0,0,39,0,0,0,0,57,7,0,197,36,0,0,2,0,4,0,0,0,0,0,109,1,0,21,18,1,0,0,4,0,0,0,0,0,0,0,0,11,0,0,4,0,0,0,3,0,0,0,0,0,0,0,0,1997,980,454,1290,36,14,13,418,220,0,0,53,2,35,0,168,291,12,125,93,0,0,4,2,1,0,0,6,0,0,0,2,2737,584,696,1671,500,112,464,192,41,504,66,270,0,0,0,4,198,11,6,204,183,10,17,25,0,0,2,11,0,0,0,0,4521,881,1855,2448,410,134,212,76,424,5,163,0,342,3,0,260,4361,2192,2323,6470,367,5,575,1028,33,20,379,271,376,0,0,5,0,16,3,4,0,0,0,6,2,0,0,0,0,0,0,0,753,34,12,115,19,1,0,22,1,0,0,2,0,0,0,0,371,6,8,30,184,3,3,4,5,1,13,13,4,2,0,10,1350,1292,535,417,501,183,6,5,13,2,12,5,5,0,2,0,755,14,19,574,173,282,2,121,11,158,2,8,57,37,0,5,119,74,2,251,29,0,0,17,0,2,0,41,16,1,0,8,545,23,4,223,0,17,0,0,0,0,0,0,0,3,0,0,0,0,0,0,14,0,0,0,0,0,0,0,0,0,0,0,0,111,12,16,0,0,0,0,0,0,0,0,0,0,0,0,5924,2800,1757,6757,186,47,8,817,62,3,54,123,496,171,0,830,1359,433,123,1430,2,20,11,262,21,0,0,195,101,7,1,56,1943,876,1149,2969,287,5,14,1214,133,17,3,360,124,63,6,237,462,16,0,134,0,0,0,0,0,0,0,0,0,6,0,11,5722,2691,1731,7115,292,0,3,340,620,216,475,720,213,64,37,158,0,0,3,26,0,162,0,5,0,0,0,0,0,0,0,0,231,0,3,15,0,0,0,0,3,0,0,1,0,0,0,0,3338,890,261,874,466,26,30,270,35,0,16,183,6,305,0,59,1176,434,440,706,124,22,0,30,97,2,4,88,25,3,0
0,22,0,242,133,0,0,0,0,0,0,0,0,0,0,0,0,436,0,0,128,5,153,0,22,0,0,0,0,0,0,0,0,12,75,25,57,0,0,0,0,0,2,0,0,0,0,4,19,294,240,228,307,32,285,8,20,0,0,0,0,0,0,0,0,22,22,14,38,0,12,0,0,0,0,8,0,0,0,0,0,15,114,0,7,0,0,0,13,0,0,0,0,0,0,0,0,545,24,81,55,173,53,13,13,0,0,0,0,0,0,0,0,62,53,0,83,0,0,0,9,0,0,0,0,0,0,0,9,265,7,1,36,2,0,0,0,0,3,0,0,0,0,0,0,0,4,0,0,0,0,0,0,0,0,0,0,0,0,0,0,712,155,0,3,0,0,0,2,0,0,0,0,0,0,0,0,256,478,2,151,0,0,0,49,0,0,0,8,0,8,0,0,0,0,0,0,0,0,0,0,0,0,0,0,0,0,0,1,15,1,26,34,0,0,0,26,6,10,0,90,0,0,0,0,159,12,6,54,0,1,0,0,2,2,0,6,14,0,0,5,0,13,0,0,0,0,0,0,7,0,0,0,0,0,0,0,441,20,0,31,0,5,0,0,6,0,0,1,0,0,0,0,19,18,0,35,0,0,0,1,23,1,0,0,0,1,0,9,55,22,10,89,8,0,0,1,0,0,0,0,17,0,0,0,3,1,3,0,1,1,0,0,0,0,0,0,0,0,0,0,4,168,101,57,0,0,0,0,0,6,0,0,0,0,0,0,8,1,1,115,11,65,2,14,16,0,0,0,0,0,0,0,140,44,2,121,0,0,0,5,0,0,0,0,0,0,0,0,9,0,0,3,0,0,0,0,0,0,0,0,13,0,0,0,36,4,2,36,0,0,10,6,0,0,0,4,0,0,0,64,24,1,0,19,0,0,0,109,0,0,0,1,0,0,0,2,35,8,0,10,1,0,0,0,0,1,0,0,0,0,0,0,0,0,0,17,0,0,0,0,0,0,0,0,0,0,0,0,0,0,0,0,0,0,0,2,0,0,0,0,0,0,2,0,39,39,16,156,0,0,0,0,0,0,0,6,0,0,0,0,32,987,27,56,0,13,0,4,0,0,0,0,0,0,0,0,131,0,1,36,113,0,0,0,0,0,0,0,0,0,0,0,0,0,10,304,0,0,0,128,0,0,0,0,0,0,0,0,143,70,0,95,0,0,0,0,0,0,0,0,0,0,0,0,297,33,0,37,19,0,0,0,0,0,0,0,0,0,0,0,25,3,0,16,0,0,1,0,8,0,0,12,0,0,0,0,634,22,22,69,11,14,0,3,200,0,0,39,0,0,0,0,57,7,0,197,36,0,0,2,0,4,0,0,0,0,0,109,1,0,21,18,1,0,0,4,0,0,0,0,0,0,0,0,11,0,0,4,0,0,0,3,0,0,0,0,0,0,0,0,1999,980,454,1290,36,14,13,418,220,0,0,53,2,35,0,168,291,12,125,93,0,0,4,2,1,0,0,6,0,0,0,2,2737,584,696,1671,500,112,464,192,41,504,66,270,0,0,0,4,198,11,6,204,183,10,17,25,0,0,2,11,0,0,0,0,4521,881,1855,2447,410,134,212,76,424,5,163,0,342,3,0,260,4360,2192,2323,6469,367,5,575,1028,33,20,379,271,376,0,0,5,0,16,3,4,0,0,0,6,2,0,0,0,0,0,0,0,753,34,12,115,19,1,0,22,1,0,0,2,0,0,0,0,371,6,8,30,184,3,3,4,5,1,13,13,4,2,0,10,1350,1293,535,417,501,183,6,5,13,2,12,5,5,0,2,0,755,14,19,574,173,282,2,121,11,158,2,8,57,37,0,5,119,74,2,251,29,0,0,17,0,2,0,41,16,1,0,8,545,23,4,223,0,17,0,0,0,0,0,0,0,3,0,0,0,0,0,0,14,0,0,0,0,0,0,0,0,0,0,0,0,111,12,16,0,0,0,0,0,0,0,0,0,0,0,0,5925,2800,1757,6757,186,47,8,817,62,3,54,123,496,171,0,830,1359,433,123,1430,2,20,11,262,21,0,0,195,101,7,1,56,1943,876,1149,2968,287,5,14,1214,133,17,3,360,124,63,6,237,462,16,0,134,0,0,0,0,0,0,0,0,0,6,0,11,5722,2689,1731,7113,292,0,3,340,620,216,475,720,213,64,37,158,0,0,3,26,0,162,0,5,0,0,0,0,0,0,0,0,231,0,3,15,0,0,0,0,3,0,0,1,0,0,0,0,3338,890,261,874,466,26,30,270,35,0,16,183,6,305,0,59,1176,434,440,706,124,22,0,30,97,2,4,88,25,3,0
0,22,0,242,133,0,0,0,0,0,0,0,0,0,0,0,0,436,0,0,128,5,153,0,22,0,0,0,0,0,0,0,0,12,75,25,57,0,0,0,0,0,2,0,0,0,0,4,19,294,240,228,307,32,285,8,20,0,0,0,0,0,0,0,0,22,22,14,38,0,12,0,0,0,0,8,0,0,0,0,0,15,114,0,7,0,0,0,13,0,0,0,0,0,0,0,0,545,24,81,55,173,53,13,13,0,0,0,0,0,0,0,0,62,53,0,83,0,0,0,9,0,0,0,0,0,0,0,9,265,7,1,36,2,0,0,0,0,3,0,0,0,0,0,0,0,4,0,0,0,0,0,0,0,0,0,0,0,0,0,0,712,155,0,3,0,0,0,2,0,0,0,0,0,0,0,0,256,477,2,151,0,0,0,49,0,0,0,8,0,8,0,0,0,0,0,0,0,0,0,0,0,0,0,0,0,0,0,1,15,1,26,34,0,0,0,26,6,10,0,90,0,0,0,0,159,12,6,54,0,1,0,0,2,2,0,6,14,0,0,5,0,13,0,0,0,0,0,0,7,0,0,0,0,0,0,0,441,20,0,31,0,5,0,0,6,0,0,1,0,0,0,0,19,18,0,35,0,0,0,1,23,1,0,0,0,1,0,9,55,22,10,89,8,0,0,1,0,0,0,0,17,0,0,0,3,1,3,0,1,1,0,0,0,0,0,0,0,0,0,0,4,168,101,57,0,0,0,0,0,6,0,0,0,0,0,0,8,1,1,115,11,65,2,14,16,0,0,0,0,0,0,0,140,44,2,121,0,0,0,5,0,0,0,0,0,0,0,0,9,0,0,3,0,0,0,0,0,0,0,0,13,0,0,0,36,4,2,36,0,0,10,6,0,0,0,4,0,0,0,64,24,1,0,19,0,0,0,109,0,0,0,1,0,0,0,2,35,8,0,10,1,0,0,0,0,1,0,0,0,0,0,0,0,0,0,17,0,0,0,0,0,0,0,0,0,0,0,0,0,0,0,0,0,0,0,2,0,0,0,0,0,0,2,0,39,39,16,156,0,0,0,0,0,0,0,6,0,0,0,0,32,987,27,56,0,13,0,4,0,0,0,0,0,0,0,0,131,0,1,36,113,0,0,0,0,0,0,0,0,0,0,0,0,0,10,304,0,0,0,128,0,0,0,0,0,0,0,0,143,70,0,95,0,0,0,0,0,0,0,0,0,0,0,0,297,33,0,37,19,0,0,0,0,0,0,0,0,0,0,0,25,3,0,16,0,0,1,0,8,0,0,12,0,0,0,0,634,22,22,69,11,14,0,3,200,0,0,39,0,0,0,0,57,7,0,197,36,0,0,2,0,4,0,0,0,0,0,109,1,0,21,18,1,0,0,4,0,0,0,0,0,0,0,0,11,0,0,4,0,0,0,3,0,0,0,0,0,0,0,0,1997,980,454,1290,36,14,13,418,220,0,0,53,2,35,0,168,291,12,125,93,0,0,4,2,1,0,0,6,0,0,0,2,2737,584,696,1671,500,112,464,192,41,504,66,270,0,0,0,4,198,11,6,204,183,10,17,25,0,0,2,11,0,0,0,0,4521,881,1855,2447,410,134,212,76,424,5,163,0,342,3,0,260,4360,2192,2323,6469,367,5,575,1028,33,20,379,271,376,0,0,5,0,16,3,4,0,0,0,6,2,0,0,0,0,0,0,0,753,34,12,115,19,1,0,22,1,0,0,2,0,0,0,0,371,6,8,30,184,3,3,4,5,1,13,13,4,2,0,10,1350,1292,535,417,501,183,6,5,13,2,12,5,5,0,2,0,755,14,19,574,173,282,2,121,11,158,2,8,57,37,0,5,119,74,2,251,29,0,0,17,0,2,0,41,16,1,0,8,545,23,4,223,0,17,0,0,0,0,0,0,0,3,0,0,0,0,0,0,14,0,0,0,0,0,0,0,0,0,0,0,0,111,12,16,0,0,0,0,0,0,0,0,0,0,0,0,5924,2800,1757,6757,186,47,8,817,62,3,54,123,496,171,0,830,1359,433,123,1430,2,20,11,262,21,0,0,195,101,7,1,56,1943,876,1149,2968,287,5,14,1214,133,17,3,360,124,63,6,237,462,16,0,134,0,0,0,0,0,0,0,0,0,6,0,11,5722,2689,1731,7113,292,0,3,340,620,216,475,720,213,64,37,158,0,0,3,26,0,162,0,5,0,0,0,0,0,0,0,0,231,0,3,15,0,0,0,0,3,0,0,1,0,0,0,0,3338,890,261,874,466,26,30,270,35,0,16,183,6,305,0,59,1176,434,440,706,124,22,0,30,97,2,4,88,25,3,0
0,22,0,242,133,0,0,0,0,0,0,0,0,0,0,0,0,436,0,0,128,5,153,0,22,0,0,0,0,0,0,0,0,12,75,25,57,0,0,0,0,0,2,0,0,0,0,4,19,294,240,228,307,32,285,8,20,0,0,0,0,0,0,0,0,22,22,14,38,0,12,0,0,0,0,8,0,0,0,0,0,15,114,0,7,0,0,0,13,0,0,0,0,0,0,0,0,545,24,81,55,173,53,13,13,0,0,0,0,0,0,0,0,62,53,0,83,0,0,0,9,0,0,0,0,0,0,0,9,266,7,1,36,2,0,0,0,0,3,0,0,0,0,0,0,0,4,0,0,0,0,0,0,0,0,0,0,0,0,0,0,712,155,0,3,0,0,0,2,0,0,0,0,0,0,0,0,256,477,2,151,0,0,0,49,0,0,0,8,0,8,0,0,0,0,0,0,0,0,0,0,0,0,0,0,0,0,0,1,15,1,26,34,0,0,0,26,6,10,0,90,0,0,0,0,159,12,6,54,0,1,0,0,2,2,0,6,14,0,0,5,0,13,0,0,0,0,0,0,7,0,0,0,0,0,0,0,441,20,0,31,0,5,0,0,6,0,0,1,0,0,0,0,19,18,0,35,0,0,0,1,23,1,0,0,0,1,0,9,55,22,10,89,8,0,0,1,0,0,0,0,17,0,0,0,3,1,3,0,1,1,0,0,0,0,0,0,0,0,0,0,4,168,101,57,0,0,0,0,0,6,0,0,0,0,0,0,8,1,1,115,11,65,2,14,16,0,0,0,0,0,0,0,140,44,2,121,0,0,0,5,0,0,0,0,0,0,0,0,9,0,0,3,0,0,0,0,0,0,0,0,13,0,0,0,36,4,2,36,0,0,10,6,0,0,0,4,0,0,0,64,24,1,0,19,0,0,0,109,0,0,0,1,0,0,0,2,35,8,0,10,1,0,0,0,0,1,0,0,0,0,0,0,0,0,0,17,0,0,0,0,0,0,0,0,0,0,0,0,0,0,0,0,0,0,0,2,0,0,0,0,0,0,2,0,39,39,16,156,0,0,0,0,0,0,0,6,0,0,0,0,32,987,27,56,0,13,0,4,0,0,0,0,0,0,0,0,131,0,1,36,113,0,0,0,0,0,0,0,0,0,0,0,0,0,10,304,0,0,0,128,0,0,0,0,0,0,0,0,143,70,0,95,0,0,0,0,0,0,0,0,0,0,0,0,297,33,0,37,19,0,0,0,0,0,0,0,0,0,0,0,25,3,0,16,0,0,1,0,8,0,0,12,0,0,0,0,634,22,22,69,11,14,0,3,200,0,0,39,0,0,0,0,57,7,0,197,36,0,0,2,0,4,0,0,0,0,0,109,1,0,21,18,1,0,0,4,0,0,0,0,0,0,0,0,11,0,0,4,0,0,0,3,0,0,0,0,0,0,0,0,1997,980,454,1290,36,14,13,418,220,0,0,53,2,35,0,168,291,12,125,93,0,0,4,2,1,0,0,6,0,0,0,2,2737,584,696,1671,500,112,464,192,41,504,66,270,0,0,0,4,198,11,6,204,183,10,17,25,0,0,2,11,0,0,0,0,4521,881,1855,2447,410,134,212,76,424,5,163,0,342,3,0,260,4360,2194,2324,6472,367,5,576,1028,33,20,379,272,376,0,0,5,0,16,3,4,0,0,0,6,2,0,0,0,0,0,0,0,753,34,12,115,19,1,0,22,1,0,0,2,0,0,0,0,371,6,8,30,184,3,3,4,5,1,13,13,4,2,0,10,1350,1292,535,417,501,183,6,5,13,2,12,5,5,0,2,0,755,14,19,574,173,282,2,121,11,158,2,8,57,37,0,5,119,74,2,251,29,0,0,17,0,2,0,41,16,1,0,8,545,23,4,223,0,17,0,0,0,0,0,0,0,3,0,0,0,0,0,0,14,0,0,0,0,0,0,0,0,0,0,0,0,111,12,16,0,0,0,0,0,0,0,0,0,0,0,0,5924,2800,1757,6757,186,47,8,817,62,3,54,123,496,171,0,830,1359,433,123,1430,2,20,11,262,21,0,0,195,101,7,1,56,1943,878,1149,2968,287,5,14,1214,133,17,3,362,124,63,6,237,462,16,0,134,0,0,0,0,0,0,0,0,0,6,0,11,5722,2689,1731,7117,292,0,3,340,621,216,476,720,213,64,37,158,0,0,3,26,0,163,0,5,0,0,0,0,0,0,0,0,231,0,3,15,0,0,0,0,3,0,0,1,0,0,0,0,3338,890,261,874,466,26,30,270,35,0,16,183,6,305,0,59,1176,434,440,706,124,22,0,30,97,2,4,88,25,3,0
0,22,0,242,133,0,0,0,0,0,0,0,0,0,0,0,0,436,0,0,128,5,153,0,22,0,0,0,0,0,0,0,0,12,75,25,57,0,0,0,0,0,2,0,0,0,0,4,19,294,240,228,307,32,285,8,20,0,0,0,0,0,0,0,0,22,22,14,38,0,12,0,0,0,0,8,0,0,0,0,0,15,114,0,7,0,0,0,13,0,0,0,0,0,0,0,0,545,24,81,55,173,53,13,13,0,0,0,0,0,0,0,0,62,53,0,83,0,0,0,9,0,0,0,0,0,0,0,9,265,7,1,36,2,0,0,0,0,3,0,0,0,0,0,0,0,4,0,0,0,0,0,0,0,0,0,0,0,0,0,0,712,155,0,3,0,0,0,2,0,0,0,0,0,0,0,0,256,477,2,151,0,0,0,49,0,0,0,8,0,8,0,0,0,0,0,0,0,0,0,0,0,0,0,0,0,0,0,1,15,1,26,34,0,0,0,26,6,10,0,90,0,0,0,0,159,12,6,54,0,1,0,0,2,2,0,6,14,0,0,5,0,13,0,0,0,0,0,0,7,0,0,0,0,0,0,0,441,20,0,31,0,5,0,0,6,0,0,1,0,0,0,0,19,18,0,35,0,0,0,1,23,1,0,0,0,1,0,9,55,22,10,89,8,0,0,1,0,0,0,0,17,0,0,0,3,1,3,0,1,1,0,0,0,0,0,0,0,0,0,0,4,168,101,57,0,0,0,0,0,6,0,0,0,0,0,0,8,1,1,115,11,65,2,14,16,0,0,0,0,0,0,0,140,44,2,121,0,0,0,5,0,0,0,0,0,0,0,0,9,0,0,3,0,0,0,0,0,0,0,0,13,0,0,0,36,4,2,36,0,0,10,6,0,0,0,4,0,0,0,64,24,1,0,19,0,0,0,109,0,0,0,1,0,0,0,2,35,8,0,10,1,0,0,0,0,1,0,0,0,0,0,0,0,0,0,17,0,0,0,0,0,0,0,0,0,0,0,0,0,0,0,0,0,0,0,2,0,0,0,0,0,0,2,0,39,39,16,156,0,0,0,0,0,0,0,6,0,0,0,0,32,987,27,56,0,13,0,4,0,0,0,0,0,0,0,0,131,0,1,36,113,0,0,0,0,0,0,0,0,0,0,0,0,0,10,304,0,0,0,128,0,0,0,0,0,0,0,0,143,70,0,95,0,0,0,0,0,0,0,0,0,0,0,0,297,33,0,37,19,0,0,0,0,0,0,0,0,0,0,0,25,3,0,16,0,0,1,0,8,0,0,12,0,0,0,0,634,22,22,69,11,14,0,3,200,0,0,39,0,0,0,0,57,7,0,197,36,0,0,2,0,4,0,0,0,0,0,109,1,0,21,18,1,0,0,4,0,0,0,0,0,0,0,0,11,0,0,4,0,0,0,3,0,0,0,0,0,0,0,0,1997,980,454,1290,36,14,13,418,220,0,0,53,2,35,0,168,291,12,125,93,0,0,4,2,1,0,0,6,0,0,0,2,2737,584,696,1671,500,112,464,192,41,505,66,270,0,0,0,4,198,11,6,204,183,10,17,25,0,0,2,11,0,0,0,0,4521,881,1855,2447,410,134,213,76,424,5,163,0,342,3,0,260,4360,2192,2323,6469,367,5,575,1028,33,20,379,271,376,0,0,5,0,16,3,4,0,0,0,6,2,0,0,0,0,0,0,0,753,34,12,115,19,1,0,22,1,0,0,2,0,0,0,0,371,6,8,30,184,3,3,4,5,1,13,13,4,2,0,10,1350,1292,535,417,501,183,6,5,13,2,12,5,5,0,2,0,755,14,19,574,173,282,2,121,11,158,2,8,57,37,0,5,119,74,2,251,29,0,0,17,0,2,0,41,16,1,0,8,545,23,4,223,0,17,0,0,0,0,0,0,0,3,0,0,0,0,0,0,14,0,0,0,0,0,0,0,0,0,0,0,0,111,12,16,0,0,0,0,0,0,0,0,0,0,0,0,5924,2801,1757,6757,186,47,8,817,62,3,54,123,497,171,0,830,1359,433,123,1430,2,20,11,262,21,0,0,195,101,7,1,56,1943,876,1149,2968,287,5,14,1214,133,17,3,360,124,63,6,237,462,16,0,134,0,0,0,0,0,0,0,0,0,6,0,11,5723,2689,1731,7113,292,0,3,340,620,216,475,720,213,64,37,158,0,0,3,26,0,162,0,5,0,0,0,0,0,0,0,0,231,0,3,15,0,0,0,0,3,0,0,1,0,0,0,0,3338,890,261,874,466,26,30,270,35,0,16,183,6,305,0,59,1176,434,440,706,124,22,0,30,97,2,4,88,25,3,0
0,22,0,242,133,0,0,0,0,0,0,0,0,0,0,0,0,436,0,0,128,5,153,0,22,0,0,0,0,0,0,0,0,12,75,25,57,0,0,0,0,0,2,0,0,0,0,4,19,294,240,228,307,32,285,8,20,0,0,0,0,0,0,0,0,22,22,14,38,0,12,0,0,0,0,8,0,0,0,0,0,15,114,0,7,0,0,0,13,0,0,0,0,0,0,0,0,545,24,81,55,173,53,13,13,0,0,0,0,0,0,0,0,62,53,0,83,0,0,0,9,0,0,0,0,0,0,0,9,265,7,1,36,2,0,0,0,0,3,0,0,0,0,0,0,0,4,0,0,0,0,0,0,0,0,0,0,0,0,0,0,712,155,0,3,0,0,0,2,0,0,0,0,0,0,0,0,256,477,2,151,0,0,0,49,0,0,0,8,0,8,0,0,0,0,0,0,0,0,0,0,0,0,0,0,0,0,0,1,15,1,26,34,0,0,0,26,6,10,0,90,0,0,0,0,159,12,6,54,0,1,0,0,2,2,0,6,14,0,0,5,0,13,0,0,0,0,0,0,7,0,0,0,0,0,0,0,441,20,0,31,0,5,0,0,6,0,0,1,0,0,0,0,19,18,0,35,0,0,0,1,23,1,0,0,0,1,0,9,55,22,10,89,8,0,0,1,0,0,0,0,17,0,0,0,3,1,3,0,1,1,0,0,0,0,0,0,0,0,0,0,4,168,101,57,0,0,0,0,0,6,0,0,0,0,0,0,8,1,1,115,11,65,2,14,16,0,0,0,0,0,0,0,140,44,2,121,0,0,0,5,0,0,0,0,0,0,0,0,9,0,0,3,0,0,0,0,0,0,0,0,13,0,0,0,36,4,2,36,0,0,10,6,0,0,0,4,0,0,0,64,24,1,0,19,0,0,0,109,0,0,0,1,0,0,0,2,35,8,0,10,1,0,0,0,0,1,0,0,0,0,0,0,0,0,0,17,0,0,0,0,0,0,0,0,0,0,0,0,0,0,0,0,0,0,0,2,0,0,0,0,0,0,2,0,39,39,16,156,0,0,0,0,0,0,0,6,0,0,0,0,32,987,27,56,0,13,0,4,0,0,0,0,0,0,0,0,131,0,1,36,113,0,0,0,0,0,0,0,0,0,0,0,0,0,10,304,0,0,0,128,0,0,0,0,0,0,0,0,143,70,0,95,0,0,0,0,0,0,0,0,0,0,0,0,297,33,0,37,19,0,0,0,0,0,0,0,0,0,0,0,25,3,0,16,0,0,1,0,8,0,0,12,0,0,0,0,634,22,22,69,11,14,0,3,200,0,0,39,0,0,0,0,57,7,0,197,36,0,0,2,0,4,0,0,0,0,0,109,1,0,21,18,1,0,0,4,0,0,0,0,0,0,0,0,11,0,0,4,0,0,0,3,0,0,0,0,0,0,0,0,1997,980,454,1290,36,14,13,418,220,0,0,53,2,35,0,168,291,12,125,93,0,0,4,2,1,0,0,6,0,0,0,2,2737,584,696,1671,500,112,464,192,41,504,66,270,0,0,0,4,198,11,6,204,183,10,17,25,0,0,2,11,0,0,0,0,4521,881,1855,2447,410,134,212,76,424,5,163,0,342,3,0,260,4360,2192,2323,6469,367,5,575,1028,33,20,379,271,376,0,0,5,0,16,3,4,0,0,0,6,2,0,0,0,0,0,0,0,753,34,12,115,19,1,0,22,1,0,0,2,0,0,0,0,371,6,8,30,184,3,3,4,5,1,13,13,4,2,0,10,1350,1292,535,417,501,183,6,5,13,2,12,5,5,0,2,0,755,14,19,574,173,282,2,121,11,158,2,8,57,37,0,5,119,74,2,251,29,0,0,17,0,2,0,41,16,1,0,8,545,23,4,223,0,17,0,0,0,0,0,0,0,3,0,0,0,0,0,0,14,0,0,0,0,0,0,0,0,0,0,0,0,111,12,16,0,0,0,0,0,0,0,0,0,0,0,0,5924,2800,1757,6757,186,47,8,817,62,3,54,123,496,171,0,830,1359,433,123,1430,2,20,11,262,21,0,0,195,101,7,1,56,1943,876,1149,2968,287,5,14,1214,133,17,3,360,124,63,6,237,462,16,0,134,0,0,0,0,0,0,0,0,0,6,0,11,5722,2689,1731,7113,292,0,3,340,620,216,475,720,213,64,37,158,0,0,3,26,0,162,0,5,0,0,0,0,0,0,0,0,231,0,3,15,0,0,0,0,3,0,0,1,0,0,0,0,3338,890,261,874,466,26,30,270,35,0,16,183,6,305,0,59,1176,434,440,706,124,22,0,30,97,2,4,88,25,3,0
0,22,0,242,133,0,0,0,0,0,0,0,0,0,0,0,0,436,0,0,128,5,153,0,22,0,0,0,0,0,0,0,0,12,75,25,57,0,0,0,0,0,2,0,0,0,0,4,19,294,240,228,307,32,285,8,20,0,0,0,0,0,0,0,0,22,22,14,38,0,12,0,0,0,0,8,0,0,0,0,0,15,114,0,7,0,0,0,13,0,0,0,0,0,0,0,0,545,24,81,55,173,53,13,13,0,0,0,0,0,0,0,0,62,53,0,83,0,0,0,9,0,0,0,0,0,0,0,9,265,7,1,36,2,0,0,0,0,3,0,0,0,0,0,0,0,4,0,0,0,0,0,0,0,0,0,0,0,0,0,0,712,155,0,3,0,0,0,2,0,0,0,0,0,0,0,0,256,477,2,151,0,0,0,49,0,0,0,8,0,8,0,0,0,0,0,0,0,0,0,0,0,0,0,0,0,0,0,1,15,1,26,34,0,0,0,26,6,10,0,90,0,0,0,0,159,12,6,54,0,1,0,0,2,2,0,6,14,0,0,5,0,13,0,0,0,0,0,0,7,0,0,0,0,0,0,0,441,20,0,31,0,5,0,0,6,0,0,1,0,0,0,0,19,18,0,35,0,0,0,1,23,1,0,0,0,1,0,9,55,22,10,89,8,0,0,1,0,0,0,0,17,0,0,0,3,1,3,0,1,1,0,0,0,0,0,0,0,0,0,0,4,168,101,57,0,0,0,0,0,6,0,0,0,0,0,0,8,1,1,115,11,65,2,14,16,0,0,0,0,0,0,0,140,44,2,121,0,0,0,5,0,0,0,0,0,0,0,0,9,0,0,3,0,0,0,0,0,0,0,0,13,0,0,0,36,4,2,36,0,0,10,6,0,0,0,4,0,0,0,64,24,1,0,19,0,0,0,109,0,0,0,1,0,0,0,2,35,8,0,10,1,0,0,0,0,1,0,0,0,0,0,0,0,0,0,17,0,0,0,0,0,0,0,0,0,0,0,0,0,0,0,0,0,0,0,2,0,0,0,0,0,0,2,0,39,39,16,156,0,0,0,0,0,0,0,6,0,0,0,0,32,987,27,56,0,13,0,4,0,0,0,0,0,0,0,0,131,0,1,36,113,0,0,0,0,0,0,0,0,0,0,0,0,0,10,304,0,0,0,128,0,0,0,0,0,0,0,0,143,70,0,95,0,0,0,0,0,0,0,0,0,0,0,0,297,33,0,37,19,0,0,0,0,0,0,0,0,0,0,0,25,3,0,16,0,0,1,0,8,0,0,12,0,0,0,0,634,22,22,69,11,14,0,3,200,0,0,39,0,0,0,0,57,7,0,197,36,0,0,2,0,4,0,0,0,0,0,109,1,0,21,18,1,0,0,4,0,0,0,0,0,0,0,0,11,0,0,4,0,0,0,3,0,0,0,0,0,0,0,0,1997,980,454,1290,36,14,13,418,220,0,0,53,2,35,0,168,291,12,125,93,0,0,4,2,1,0,0,6,0,0,0,2,2737,584,696,1671,500,112,464,192,41,504,66,270,0,0,0,4,198,11,6,204,183,10,17,25,0,0,2,11,0,0,0,0,4521,881,1855,2448,410,134,212,76,424,5,163,0,342,3,0,260,4361,2192,2323,6470,367,5,575,1028,33,20,379,271,376,0,0,5,0,16,3,4,0,0,0,6,2,0,0,0,0,0,0,0,753,34,12,115,19,1,0,22,1,0,0,2,0,0,0,0,371,6,8,30,184,3,3,4,5,1,13,13,4,2,0,10,1350,1292,535,417,501,183,6,5,13,2,12,5,5,0,2,0,755,14,19,574,173,282,2,121,11,158,2,8,57,37,0,5,119,74,2,251,29,0,0,17,0,2,0,41,16,1,0,8,545,23,4,223,0,17,0,0,0,0,0,0,0,3,0,0,0,0,0,0,14,0,0,0,0,0,0,0,0,0,0,0,0,111,12,16,0,0,0,0,0,0,0,0,0,0,0,0,5924,2800,1757,6757,186,47,8,817,62,3,54,123,496,171,0,830,1359,433,123,1430,2,20,11,262,21,0,0,195,101,7,1,56,1943,876,1149,2969,287,5,14,1214,133,17,3,360,124,63,6,237,462,16,0,134,0,0,0,0,0,0,0,0,0,6,0,11,5722,2691,1731,7115,292,0,3,340,620,216,475,720,213,64,37,158,0,0,3,26,0,162,0,5,0,0,0,0,0,0,0,0,231,0,3,15,0,0,0,0,3,0,0,1,0,0,0,0,3338,890,261,874,466,26,30,270,35,0,16,183,6,305,0,59,1176,434,440,706,124,22,0,30,97,2,4,88,25,3,0
0,22,0,242,133,0,0,0,0,0,0,0,0,0,0,0,0,436,0,0,128,5,153,0,22,0,0,0,0,0,0,0,0,12,75,25,57,0,0,0,0,0,2,0,0,0,0,4,19,294,240,228,307,32,285,8,20,0,0,0,0,0,0,0,0,22,22,14,38,0,12,0,0,0,0,8,0,0,0,0,0,15,114,0,7,0,0,0,13,0,0,0,0,0,0,0,0,545,24,81,55,173,53,13,13,0,0,0,0,0,0,0,0,62,53,0,83,0,0,0,9,0,0,0,0,0,0,0,9,265,7,1,36,2,0,0,0,0,3,0,0,0,0,0,0,0,4,0,0,0,0,0,0,0,0,0,0,0,0,0,0,712,155,0,3,0,0,0,2,0,0,0,0,0,0,0,0,256,477,2,151,0,0,0,49,0,0,0,8,0,8,0,0,0,0,0,0,0,0,0,0,0,0,0,0,0,0,0,1,15,1,26,34,0,0,0,26,6,10,0,90,0,0,0,0,159,12,6,54,0,1,0,0,2,2,0,6,14,0,0,5,0,13,0,0,0,0,0,0,7,0,0,0,0,0,0,0,441,20,0,31,0,5,0,0,6,0,0,1,0,0,0,0,19,18,0,35,0,0,0,1,23,1,0,0,0,1,0,9,55,22,10,89,8,0,0,1,0,0,0,0,17,0,0,0,3,1,3,0,1,1,0,0,0,0,0,0,0,0,0,0,4,168,101,57,0,0,0,0,0,6,0,0,0,0,0,0,8,1,1,115,11,65,2,14,16,0,0,0,0,0,0,0,140,44,2,121,0,0,0,5,0,0,0,0,0,0,0,0,9,0,0,3,0,0,0,0,0,0,0,0,13,0,0,0,36,4,2,36,0,0,10,6,0,0,0,4,0,0,0,64,24,1,0,19,0,0,0,109,0,0,0,1,0,0,0,2,35,8,0,10,1,0,0,0,0,1,0,0,0,0,0,0,0,0,0,17,0,0,0,0,0,0,0,0,0,0,0,0,0,0,0,0,0,0,0,2,0,0,0,0,0,0,2,0,39,39,16,156,0,0,0,0,0,0,0,6,0,0,0,0,32,987,27,56,0,13,0,4,0,0,0,0,0,0,0,0,131,0,1,36,113,0,0,0,0,0,0,0,0,0,0,0,0,0,10,304,0,0,0,128,0,0,0,0,0,0,0,0,143,70,0,95,0,0,0,0,0,0,0,0,0,0,0,0,297,33,0,37,19,0,0,0,0,0,0,0,0,0,0,0,25,3,0,16,0,0,1,0,8,0,0,12,0,0,0,0,634,22,22,69,11,14,0,3,200,0,0,39,0,0,0,0,57,7,0,197,36,0,0,2,0,4,0,0,0,0,0,109,1,0,21,18,1,0,0,4,0,0,0,0,0,0,0,0,11,0,0,4,0,0,0,3,0,0,0,0,0,0,0,0,1997,980,454,1290,36,14,13,418,220,0,0,53,2,35,0,168,291,12,125,93,0,0,4,2,1,0,0,6,0,0,0,2,2737,584,696,1671,500,112,464,192,41,504,66,270,0,0,0,4,198,11,6,204,183,10,17,25,0,0,2,11,0,0,0,0,4523,881,1855,2447,410,134,212,76,424,5,163,0,342,3,0,260,4361,2193,2323,6469,367,5,575,1028,33,20,379,271,376,0,0,5,0,16,3,4,0,0,0,6,2,0,0,0,0,0,0,0,753,34,12,115,19,1,0,22,1,0,0,2,0,0,0,0,371,6,8,30,184,3,3,4,5,1,13,13,4,2,0,10,1350,1292,535,417,501,183,6,5,13,2,12,5,5,0,2,0,755,14,19,574,173,282,2,121,11,158,2,8,57,37,0,5,119,74,2,251,29,0,0,17,0,2,0,41,16,1,0,8,545,23,4,223,0,17,0,0,0,0,0,0,0,3,0,0,0,0,0,0,14,0,0,0,0,0,0,0,0,0,0,0,0,111,12,16,0,0,0,0,0,0,0,0,0,0,0,0,5924,2800,1757,6757,186,47,8,817,62,3,54,123,496,171,0,830,1359,433,123,1430,2,20,11,262,21,0,0,195,101,7,1,56,1943,876,1149,2968,287,5,14,1214,133,17,3,360,124,63,6,237,462,16,0,134,0,0,0,0,0,0,0,0,0,6,0,11,5724,2689,1731,7113,292,0,3,340,620,216,475,720,213,64,37,158,0,0,3,26,0,162,0,5,0,0,0,0,0,0,0,0,231,0,3,15,0,0,0,0,3,0,0,1,0,0,0,0,3338,890,261,874,466,26,30,270,35,0,16,183,6,305,0,59,1176,434,440,706,124,22,0,30,97,2,4,88,25,3,0
0,22,0,242,133,0,0,0,0,0,0,0,0,0,0,0,0,436,0,0,128,5,153,0,22,0,0,0,0,0,0,0,0,12,75,25,57,0,0,0,0,0,2,0,0,0,0,4,19,294,240,228,307,32,285,8,20,0,0,0,0,0,0,0,0,22,22,14,38,0,12,0,0,0,0,8,0,0,0,0,0,15,114,0,7,0,0,0,13,0,0,0,0,0,0,0,0,545,24,81,55,173,53,13,13,0,0,0,0,0,0,0,0,62,53,0,83,0,0,0,9,0,0,0,0,0,0,0,9,265,7,1,36,2,0,0,0,0,3,0,0,0,0,0,0,0,4,0,0,0,0,0,0,0,0,0,0,0,0,0,0,712,155,0,3,0,0,0,2,0,0,0,0,0,0,0,0,256,478,2,151,0,0,0,49,0,0,0,8,0,8,0,0,0,0,0,0,0,0,0,0,0,0,0,0,0,0,0,1,15,1,26,34,0,0,0,26,6,10,0,90,0,0,0,0,159,12,6,54,0,1,0,0,2,2,0,6,14,0,0,5,0,13,0,0,0,0,0,0,7,0,0,0,0,0,0,0,441,20,0,31,0,5,0,0,6,0,0,1,0,0,0,0,19,18,0,35,0,0,0,1,23,1,0,0,0,1,0,9,55,22,10,89,8,0,0,1,0,0,0,0,17,0,0,0,3,1,3,0,1,1,0,0,0,0,0,0,0,0,0,0,4,168,101,57,0,0,0,0,0,6,0,0,0,0,0,0,8,1,1,115,11,65,2,14,16,0,0,0,0,0,0,0,140,44,2,121,0,0,0,5,0,0,0,0,0,0,0,0,9,0,0,3,0,0,0,0,0,0,0,0,13,0,0,0,36,4,2,36,0,0,10,6,0,0,0,4,0,0,0,64,24,1,0,19,0,0,0,109,0,0,0,1,0,0,0,2,35,8,0,10,1,0,0,0,0,1,0,0,0,0,0,0,0,0,0,17,0,0,0,0,0,0,0,0,0,0,0,0,0,0,0,0,0,0,0,2,0,0,0,0,0,0,2,0,39,39,16,156,0,0,0,0,0,0,0,6,0,0,0,0,32,987,27,56,0,13,0,4,0,0,0,0,0,0,0,0,131,0,1,36,113,0,0,0,0,0,0,0,0,0,0,0,0,0,10,304,0,0,0,128,0,0,0,0,0,0,0,0,143,70,0,95,0,0,0,0,0,0,0,0,0,0,0,0,297,33,0,37,19,0,0,0,0,0,0,0,0,0,0,0,25,3,0,16,0,0,1,0,8,0,0,12,0,0,0,0,634,22,22,69,11,14,0,3,200,0,0,39,0,0,0,0,57,7,0,197,36,0,0,2,0,4,0,0,0,0,0,109,1,0,21,18,1,0,0,4,0,0,0,0,0,0,0,0,11,0,0,4,0,0,0,3,0,0,0,0,0,0,0,0,1999,980,454,1290,36,14,13,418,220,0,0,53,2,35,0,168,291,12,125,93,0,0,4,2,1,0,0,6,0,0,0,2,2737,584,696,1671,500,112,464,192,41,504,66,270,0,0,0,4,198,11,6,204,183,10,17,25,0,0,2,11,0,0,0,0,4521,881,1855,2447,410,134,212,76,424,5,163,0,342,3,0,260,4360,2192,2323,6469,367,5,575,1028,33,20,379,271,376,0,0,5,0,16,3,4,0,0,0,6,2,0,0,0,0,0,0,0,753,34,12,115,19,1,0,22,1,0,0,2,0,0,0,0,371,6,8,30,184,3,3,4,5,1,13,13,4,2,0,10,1350,1293,535,417,501,183,6,5,13,2,12,5,5,0,2,0,755,14,19,574,173,282,2,121,11,158,2,8,57,37,0,5,119,74,2,251,29,0,0,17,0,2,0,41,16,1,0,8,545,23,4,223,0,17,0,0,0,0,0,0,0,3,0,0,0,0,0,0,14,0,0,0,0,0,0,0,0,0,0,0,0,111,12,16,0,0,0,0,0,0,0,0,0,0,0,0,5925,2800,1757,6757,186,47,8,817,62,3,54,123,496,171,0,830,1359,433,123,1430,2,20,11,262,21,0,0,195,101,7,1,56,1943,876,1149,2968,287,5,14,1214,133,17,3,360,124,63,6,237,462,16,0,134,0,0,0,0,0,0,0,0,0,6,0,11,5722,2689,1731,7113,292,0,3,340,620,216,475,720,213,64,37,158,0,0,3,26,0,162,0,5,0,0,0,0,0,0,0,0,231,0,3,15,0,0,0,0,3,0,0,1,0,0,0,0,3338,890,261,874,466,26,30,270,35,0,16,183,6,305,0,59,1176,434,440,706,124,22,0,30,97,2,4,88,25,3,0
0,22,0,242,133,0,0,0,0,0,0,0,0,0,0,0,0,436,0,0,128,5,153,0,22,0,0,0,0,0,0,0,0,12,75,25,57,0,0,0,0,0,2,0,0,0,0,4,19,294,240,228,307,32,285,8,20,0,0,0,0,0,0,0,0,22,22,14,38,0,12,0,0,0,0,8,0,0,0,0,0,15,114,0,7,0,0,0,13,0,0,0,0,0,0,0,0,545,24,81,55,173,53,13,13,0,0,0,0,0,0,0,0,62,53,0,83,0,0,0,9,0,0,0,0,0,0,0,9,265,7,1,36,2,0,0,0,0,3,0,0,0,0,0,0,0,4,0,0,0,0,0,0,0,0,0,0,0,0,0,0,712,155,0,3,0,0,0,2,0,0,0,0,0,0,0,0,256,477,2,151,0,0,0,49,0,0,0,8,0,8,0,0,0,0,0,0,0,0,0,0,0,0,0,0,0,0,0,1,15,1,26,34,0,0,0,26,6,10,0,90,0,0,0,0,159,12,6,54,0,1,0,0,2,2,0,6,14,0,0,5,0,13,0,0,0,0,0,0,7,0,0,0,0,0,0,0,441,20,0,31,0,5,0,0,6,0,0,1,0,0,0,0,19,18,0,35,0,0,0,1,23,1,0,0,0,1,0,9,55,22,10,89,8,0,0,1,0,0,0,0,17,0,0,0,3,1,3,0,1,1,0,0,0,0,0,0,0,0,0,0,4,168,101,57,0,0,0,0,0,6,0,0,0,0,0,0,8,1,1,115,11,65,2,14,16,0,0,0,0,0,0,0,140,44,2,121,0,0,0,5,0,0,0,0,0,0,0,0,9,0,0,3,0,0,0,0,0,0,0,0,13,0,0,0,36,4,2,36,0,0,10,6,0,0,0,4,0,0,0,64,24,1,0,19,0,0,0,109,0,0,0,1,0,0,0,2,35,8,0,10,1,0,0,0,0,1,0,0,0,0,0,0,0,0,0,17,0,0,0,0,0,0,0,0,0,0,0,0,0,0,0,0,0,0,0,2,0,0,0,0,0,0,2,0,39,39,16,156,0,0,0,0,0,0,0,6,0,0,0,0,32,987,27,56,0,13,0,4,0,0,0,0,0,0,0,0,131,0,1,36,113,0,0,0,0,0,0,0,0,0,0,0,0,0,10,304,0,0,0,128,0,0,0,0,0,0,0,0,143,70,0,95,0,0,0,0,0,0,0,0,0,0,0,0,297,33,0,37,19,0,0,0,0,0,0,0,0,0,0,0,25,3,0,16,0,0,1,0,8,0,0,12,0,0,0,0,634,22,22,69,11,14,0,3,200,0,0,39,0,0,0,0,57,7,0,197,36,0,0,2,0,4,0,0,0,0,0,109,1,0,21,18,1,0,0,4,0,0,0,0,0,0,0,0,11,0,0,4,0,0,0,3,0,0,0,0,0,0,0,0,1997,980,454,1290,36,14,13,418,220,0,0,53,2,35,0,168,291,12,125,93,0,0,4,2,1,0,0,6,0,0,0,2,2737,584,696,1671,500,112,464,192,41,504,66,270,0,0,0,4,198,11,6,204,183,10,17,25,0,0,2,11,0,0,0,0,4521,881,1855,2447,410,134,212,76,424,5,163,0,342,3,0,260,4360,2192,2323,6469,367,5,575,1028,33,20,379,271,376,0,0,5,0,16,3,4,0,0,0,6,2,0,0,0,0,0,0,0,753,34,12,115,19,1,0,22,1,0,0,2,0,0,0,0,371,6,8,30,184,3,3,4,5,1,13,13,4,2,0,10,1350,1292,535,417,501,183,6,5,13,2,12,5,5,0,2,0,755,14,19,574,173,282,2,121,11,158,2,8,57,37,0,5,119,74,2,251,29,0,0,17,0,2,0,41,16,1,0,8,545,23,4,223,0,17,0,0,0,0,0,0,0,3,0,0,0,0,0,0,14,0,0,0,0,0,0,0,0,0,0,0,0,111,12,16,0,0,0,0,0,0,0,0,0,0,0,0,5924,2800,1757,6757,186,47,8,817,62,3,54,123,496,171,0,830,1359,433,123,1430,2,20,11,262,21,0,0,195,101,7,1,56,1943,876,1149,2968,287,5,14,1214,133,17,3,360,124,63,6,237,462,16,0,134,0,0,0,0,0,0,0,0,0,6,0,11,5722,2689,1731,7113,292,0,3,340,620,216,475,720,213,64,37,158,0,0,3,26,0,162,0,5,0,0,0,0,0,0,0,0,231,0,3,15,0,0,0,0,3,0,0,1,0,0,0,0,3338,890,261,874,466,26,30,270,35,0,16,183,6,305,0,59,1176,434,440,706,124,22,0,30,97,2,4,88,25,3,0
0,22,0,242,133,0,0,0,0,0,0,0,0,0,0,0,0,436,0,0,128,5,153,0,22,0,0,0,0,0,0,0,0,12,75,25,57,0,0,0,0,0,2,0,0,0,0,4,19,294,240,228,307,32,285,8,20,0,0,0,0,0,0,0,0,22,22,14,38,0,12,0,0,0,0,8,0,0,0,0,0,15,114,0,7,0,0,0,13,0,0,0,0,0,0,0,0,545,24,81,55,173,53,13,13,0,0,0,0,0,0,0,0,62,53,0,83,0,0,0,9,0,0,0,0,0,0,0,9,265,7,1,36,2,0,0,0,0,3,0,0,0,0,0,0,0,4,0,0,0,0,0,0,0,0,0,0,0,0,0,0,712,155,0,3,0,0,0,2,0,0,0,0,0,0,0,0,256,477,2,151,0,0,0,49,0,0,0,8,0,8,0,0,0,0,0,0,0,0,0,0,0,0,0,0,0,0,0,1,15,1,26,34,0,0,0,26,6,10,0,90,0,0,0,0,159,12,6,54,0,1,0,0,2,2,0,6,14,0,0,5,0,13,0,0,0,0,0,0,7,0,0,0,0,0,0,0,441,20,0,31,0,5,0,0,6,0,0,1,0,0,0,0,19,18,0,35,0,0,0,1,23,1,0,0,0,1,0,9,55,22,10,89,8,0,0,1,0,0,0,0,17,0,0,0,3,1,3,0,1,1,0,0,0,0,0,0,0,0,0,0,4,168,101,57,0,0,0,0,0,6,0,0,0,0,0,0,8,1,1,115,11,65,2,14,16,0,0,0,0,0,0,0,140,44,2,121,0,0,0,5,0,0,0,0,0,0,0,0,9,0,0,3,0,0,0,0,0,0,0,0,13,0,0,0,36,4,2,36,0,0,10,6,0,0,0,4,0,0,0,64,24,1,0,19,0,0,0,109,0,0,0,1,0,0,0,2,35,8,0,10,1,0,0,0,0,1,0,0,0,0,0,0,0,0,0,17,0,0,0,0,0,0,0,0,0,0,0,0,0,0,0,0,0,0,0,2,0,0,0,0,0,0,2,0,39,39,16,156,0,0,0,0,0,0,0,6,0,0,0,0,32,987,27,56,0,13,0,4,0,0,0,0,0,0,0,0,131,0,1,36,113,0,0,0,0,0,0,0,0,0,0,0,0,0,10,304,0,0,0,128,0,0,0,0,0,0,0,0,143,70,0,95,0,0,0,0,0,0,0,0,0,0,0,0,297,33,0,37,19,0,0,0,0,0,0,0,0,0,0,0,25,3,0,16,0,0,1,0,8,0,0,12,0,0,0,0,634,22,22,69,11,14,0,3,200,0,0,39,0,0,0,0,57,7,0,197,36,0,0,2,0,4,0,0,0,0,0,109,1,0,21,18,1,0,0,4,0,0,0,0,0,0,0,0,11,0,0,4,0,0,0,3,0,0,0,0,0,0,0,0,1997,980,454,1290,36,14,13,418,220,0,0,53,2,35,0,168,291,12,125,93,0,0,4,2,1,0,0,6,0,0,0,2,2737,584,696,1671,500,112,464,192,41,504,66,270,0,0,0,4,198,11,6,204,183,10,17,25,0,0,2,11,0,0,0,0,4521,881,1855,2447,410,134,212,76,424,5,163,0,342,3,0,260,4360,2192,2323,6469,367,5,575,1028,33,20,379,271,376,0,0,5,0,16,3,4,0,0,0,6,2,0,0,0,0,0,0,0,753,34,12,115,19,1,0,22,1,0,0,2,0,0,0,0,371,6,8,30,184,3,3,4,5,1,13,13,4,2,0,10,1350,1292,535,417,501,183,6,5,13,2,12,5,5,0,2,0,755,14,19,574,173,282,2,121,11,158,2,8,57,37,0,5,119,74,2,251,29,0,0,17,0,2,0,41,16,1,0,8,545,23,4,223,0,17,0,0,0,0,0,0,0,3,0,0,0,0,0,0,14,0,0,0,0,0,0,0,0,0,0,0,0,111,12,16,0,0,0,0,0,0,0,0,0,0,0,0,5924,2800,1757,6757,186,47,8,817,62,3,54,123,496,171,0,830,1359,433,123,1430,2,20,11,262,21,0,0,195,101,7,1,56,1943,876,1149,2968,287,5,14,1214,133,17,3,360,124,63,6,237,462,16,0,134,0,0,0,0,0,0,0,0,0,6,0,11,5722,2689,1731,7113,292,0,3,340,620,216,475,720,213,64,37,158,0,0,3,26,0,162,0,5,0,0,0,0,0,0,0,0,231,0,3,15,0,0,0,0,3,0,0,1,0,0,0,0,3338,890,261,874,466,26,30,270,35,0,16,183,6,305,0,59,1176,434,440,706,124,22,0,30,97,2,4,88,25,3,0
0,22,0,242,133,0,0,0,0,0,0,0,0,0,0,0,0,436,0,0,128,5,153,0,22,0,0,0,0,0,0,0,0,12,75,25,57,0,0,0,0,0,2,0,0,0,0,4,19,294,240,228,307,32,285,8,20,0,0,0,0,0,0,0,0,22,22,14,38,0,12,0,0,0,0,8,0,0,0,0,0,15,114,0,7,0,0,0,13,0,0,0,0,0,0,0,0,545,24,81,55,173,53,13,13,0,0,0,0,0,0,0,0,62,53,0,83,0,0,0,9,0,0,0,0,0,0,0,9,265,7,1,36,2,0,0,0,0,3,0,0,0,0,0,0,0,4,0,0,0,0,0,0,0,0,0,0,0,0,0,0,712,155,0,3,0,0,0,2,0,0,0,0,0,0,0,0,256,477,2,151,0,0,0,49,0,0,0,8,0,8,0,0,0,0,0,0,0,0,0,0,0,0,0,0,0,0,0,1,15,1,26,34,0,0,0,26,6,10,0,90,0,0,0,0,159,12,6,54,0,1,0,0,2,2,0,6,14,0,0,5,0,13,0,0,0,0,0,0,7,0,0,0,0,0,0,0,441,20,0,31,0,5,0,0,6,0,0,1,0,0,0,0,19,18,0,35,0,0,0,1,23,1,0,0,0,1,0,9,55,22,10,89,8,0,0,1,0,0,0,0,17,0,0,0,3,1,3,0,1,1,0,0,0,0,0,0,0,0,0,0,4,168,101,57,0,0,0,0,0,6,0,0,0,0,0,0,8,1,1,115,11,65,2,14,16,0,0,0,0,0,0,0,140,44,2,121,0,0,0,5,0,0,0,0,0,0,0,0,9,0,0,3,0,0,0,0,0,0,0,0,13,0,0,0,36,4,2,36,0,0,10,6,0,0,0,4,0,0,0,64,24,1,0,19,0,0,0,109,0,0,0,1,0,0,0,2,35,8,0,10,1,0,0,0,0,1,0,0,0,0,0,0,0,0,0,17,0,0,0,0,0,0,0,0,0,0,0,0,0,0,0,0,0,0,0,2,0,0,0,0,0,0,2,0,39,39,16,156,0,0,0,0,0,0,0,6,0,0,0,0,32,987,27,56,0,13,0,4,0,0,0,0,0,0,0,0,131,0,1,36,113,0,0,0,0,0,0,0,0,0,0,0,0,0,10,304,0,0,0,128,0,0,0,0,0,0,0,0,143,70,0,95,0,0,0,0,0,0,0,0,0,0,0,0,297,33,0,37,19,0,0,0,0,0,0,0,0,0,0,0,25,3,0,16,0,0,1,0,8,0,0,12,0,0,0,0,634,22,22,69,11,14,0,3,200,0,0,39,0,0,0,0,57,7,0,197,36,0,0,2,0,4,0,0,0,0,0,109,1,0,21,18,1,0,0,4,0,0,0,0,0,0,0,0,11,0,0,4,0,0,0,3,0,0,0,0,0,0,0,0,1997,980,454,1290,36,14,13,418,220,0,0,53,2,35,0,168,291,12,125,93,0,0,4,2,1,0,0,6,0,0,0,2,2737,585,696,1672,500,112,464,192,41,504,66,270,0,0,0,4,198,11,6,204,183,10,17,25,0,0,2,11,0,0,0,0,4521,881,1855,2447,410,134,212,76,424,5,163,0,342,3,0,260,4360,2192,2323,6469,367,5,575,1028,33,20,379,271,376,0,0,5,0,16,3,4,0,0,0,6,2,0,0,0,0,0,0,0,753,34,12,115,19,1,0,22,1,0,0,2,0,0,0,0,371,6,8,31,184,3,3,4,5,1,13,13,4,2,0,10,1350,1293,535,417,501,183,6,5,13,2,12,5,5,0,2,0,755,14,19,574,173,282,2,121,11,158,2,8,57,37,0,5,119,74,2,251,29,0,0,17,0,2,0,41,16,1,0,8,545,23,4,223,0,17,0,0,0,0,0,0,0,3,0,0,0,0,0,0,14,0,0,0,0,0,0,0,0,0,0,0,0,111,12,16,0,0,0,0,0,0,0,0,0,0,0,0,5924,2800,1758,6761,186,47,8,818,62,3,54,123,496,171,0,830,1359,433,123,1430,2,20,11,262,21,0,0,195,101,7,1,56,1943,876,1149,2968,287,5,14,1214,133,17,3,360,124,63,6,237,462,16,0,134,0,0,0,0,0,0,0,0,0,6,0,11,5722,2689,1731,7114,292,0,3,340,620,216,475,720,213,64,37,158,0,0,3,26,0,162,0,5,0,0,0,0,0,0,0,0,231,0,3,15,0,0,0,0,3,0,0,1,0,0,0,0,3338,890,261,874,466,26,30,270,35,0,16,183,6,305,0,59,1176,434,440,706,124,22,0,30,97,2,4,88,25,3,0
0,22,0,242,133,0,0,0,0,0,0,0,0,0,0,0,0,436,0,0,128,5,153,0,22,0,0,0,0,0,0,0,0,12,75,25,57,0,0,0,0,0,2,0,0,0,0,4,19,294,240,228,307,32,285,8,20,0,0,0,0,0,0,0,0,22,22,14,38,0,12,0,0,0,0,8,0,0,0,0,0,15,114,0,7,0,0,0,13,0,0,0,0,0,0,0,0,545,24,81,55,173,53,13,13,0,0,0,0,0,0,0,0,62,53,0,83,0,0,0,9,0,0,0,0,0,0,0,9,265,7,1,36,2,0,0,0,0,3,0,0,0,0,0,0,0,4,0,0,0,0,0,0,0,0,0,0,0,0,0,0,712,155,0,3,0,0,0,2,0,0,0,0,0,0,0,0,256,477,2,151,0,0,0,49,0,0,0,8,0,8,0,0,0,0,0,0,0,0,0,0,0,0,0,0,0,0,0,1,15,1,26,34,0,0,0,26,6,10,0,90,0,0,0,0,159,12,6,54,0,1,0,0,2,2,0,6,14,0,0,5,0,13,0,0,0,0,0,0,7,0,0,0,0,0,0,0,441,20,0,31,0,5,0,0,6,0,0,1,0,0,0,0,19,18,0,35,0,0,0,1,23,1,0,0,0,1,0,9,55,22,10,89,8,0,0,1,0,0,0,0,17,0,0,0,3,1,3,0,1,1,0,0,0,0,0,0,0,0,0,0,4,168,101,57,0,0,0,0,0,6,0,0,0,0,0,0,8,1,1,115,11,65,2,14,16,0,0,0,0,0,0,0,140,44,2,121,0,0,0,5,0,0,0,0,0,0,0,0,9,0,0,3,0,0,0,0,0,0,0,0,13,0,0,0,36,4,2,36,0,0,10,6,0,0,0,4,0,0,0,64,24,1,0,19,0,0,0,109,0,0,0,1,0,0,0,2,35,8,0,10,1,0,0,0,0,1,0,0,0,0,0,0,0,0,0,17,0,0,0,0,0,0,0,0,0,0,0,0,0,0,0,0,0,0,0,2,0,0,0,0,0,0,2,0,39,39,16,156,0,0,0,0,0,0,0,6,0,0,0,0,32,987,27,56,0,13,0,4,0,0,0,0,0,0,0,0,131,0,1,36,113,0,0,0,0,0,0,0,0,0,0,0,0,0,10,304,0,0,0,128,0,0,0,0,0,0,0,0,143,70,0,95,0,0,0,0,0,0,0,0,0,0,0,0,297,33,0,37,19,0,0,0,0,0,0,0,0,0,0,0,25,3,0,16,0,0,1,0,8,0,0,12,0,0,0,0,634,22,22,69,11,14,0,3,200,0,0,39,0,0,0,0,57,7,0,197,36,0,0,2,0,4,0,0,0,0,0,109,1,0,21,18,1,0,0,4,0,0,0,0,0,0,0,0,11,0,0,4,0,0,0,3,0,0,0,0,0,0,0,0,1997,980,454,1290,36,14,13,418,220,0,0,53,2,35,0,168,291,12,125,93,0,0,4,2,1,0,0,6,0,0,0,2,2737,584,696,1671,500,112,464,192,41,504,66,270,0,0,0,4,198,11,6,204,183,10,17,25,0,0,2,11,0,0,0,0,4521,881,1855,2447,410,134,212,76,424,5,163,0,342,3,0,260,4360,2192,2323,6469,367,5,575,1028,33,20,379,271,376,0,0,5,0,16,3,4,0,0,0,6,2,0,0,0,0,0,0,0,753,34,12,115,19,1,0,22,1,0,0,2,0,0,0,0,371,6,8,30,184,3,3,4,5,1,13,13,4,2,0,10,1350,1292,535,417,501,183,6,5,13,2,12,5,5,0,2,0,755,14,19,574,173,282,2,121,11,158,2,8,57,37,0,5,119,74,2,251,29,0,0,17,0,2,0,41,16,1,0,8,545,23,4,223,0,17,0,0,0,0,0,0,0,3,0,0,0,0,0,0,14,0,0,0,0,0,0,0,0,0,0,0,0,111,12,16,0,0,0,0,0,0,0,0,0,0,0,0,5924,2800,1757,6757,186,47,8,817,62,3,54,123,496,171,0,830,1359,433,123,1430,2,20,11,262,21,0,0,195,101,7,1,56,1943,876,1149,2968,287,5,14,1214,133,17,3,360,124,63,6,237,462,16,0,134,0,0,0,0,0,0,0,0,0,6,0,11,5722,2689,1731,7113,292,0,3,340,620,216,475,720,213,64,37,158,0,0,3,26,0,162,0,5,0,0,0,0,0,0,0,0,231,0,3,15,0,0,0,0,3,0,0,1,0,0,0,0,3338,890,261,874,466,26,30,270,35,0,16,183,6,305,0,59,1176,434,440,706,124,22,0,30,97,2,4,88,25,3,0
0,22,0,242,133,0,0,0,0,0,0,0,0,0,0,0,0,436,0,0,128,5,153,0,22,0,0,0,0,0,0,0,0,12,75,25,57,0,0,0,0,0,2,0,0,0,0,4,19,294,240,228,307,32,285,8,20,0,0,0,0,0,0,0,0,22,22,14,38,0,12,0,0,0,0,8,0,0,0,0,0,15,114,0,7,0,0,0,13,0,0,0,0,0,0,0,0,545,24,81,55,173,53,13,13,0,0,0,0,0,0,0,0,62,53,0,83,0,0,0,9,0,0,0,0,0,0,0,9,265,7,1,36,2,0,0,0,0,3,0,0,0,0,0,0,0,4,0,0,0,0,0,0,0,0,0,0,0,0,0,0,712,155,0,3,0,0,0,2,0,0,0,0,0,0,0,0,256,477,2,151,0,0,0,49,0,0,0,8,0,8,0,0,0,0,0,0,0,0,0,0,0,0,0,0,0,0,0,1,15,1,26,34,0,0,0,26,6,10,0,90,0,0,0,0,159,12,6,54,0,1,0,0,2,2,0,6,14,0,0,5,0,13,0,0,0,0,0,0,7,0,0,0,0,0,0,0,441,20,0,31,0,5,0,0,6,0,0,1,0,0,0,0,19,18,0,35,0,0,0,1,23,1,0,0,0,1,0,9,55,22,10,89,8,0,0,1,0,0,0,0,17,0,0,0,3,1,3,0,1,1,0,0,0,0,0,0,0,0,0,0,4,168,101,57,0,0,0,0,0,6,0,0,0,0,0,0,8,1,1,115,11,65,2,14,16,0,0,0,0,0,0,0,140,44,2,121,0,0,0,5,0,0,0,0,0,0,0,0,9,0,0,3,0,0,0,0,0,0,0,0,13,0,0,0,36,4,2,36,0,0,10,6,0,0,0,4,0,0,0,64,24,1,0,19,0,0,0,109,0,0,0,1,0,0,0,2,35,8,0,10,1,0,0,0,0,1,0,0,0,0,0,0,0,0,0,17,0,0,0,0,0,0,0,0,0,0,0,0,0,0,0,0,0,0,0,2,0,0,0,0,0,0,2,0,39,39,16,156,0,0,0,0,0,0,0,6,0,0,0,0,32,987,27,56,0,13,0,4,0,0,0,0,0,0,0,0,131,0,1,36,113,0,0,0,0,0,0,0,0,0,0,0,0,0,10,304,0,0,0,128,0,0,0,0,0,0,0,0,143,70,0,95,0,0,0,0,0,0,0,0,0,0,0,0,297,33,0,37,19,0,0,0,0,0,0,0,0,0,0,0,25,3,0,16,0,0,1,0,8,0,0,12,0,0,0,0,634,22,22,69,11,14,0,3,200,0,0,39,0,0,0,0,57,7,0,197,36,0,0,2,0,4,0,0,0,0,0,109,1,0,21,18,1,0,0,4,0,0,0,0,0,0,0,0,11,0,0,4,0,0,0,3,0,0,0,0,0,0,0,0,1997,980,454,1290,36,14,13,418,220,0,0,53,2,35,0,168,291,12,125,93,0,0,4,2,1,0,0,6,0,0,0,2,2737,584,696,1671,500,112,464,192,41,504,66,270,0,0,0,4,198,11,6,204,183,10,17,25,0,0,2,11,0,0,0,0,4521,881,1855,2447,410,134,212,76,424,5,163,0,342,3,0,260,4360,2192,2323,6469,367,5,575,1028,33,20,379,271,376,0,0,5,0,16,3,4,0,0,0,6,2,0,0,0,0,0,0,0,753,34,12,115,19,1,0,22,1,0,0,2,0,0,0,0,371,6,8,30,184,3,3,4,5,1,13,13,4,2,0,10,1350,1292,535,417,501,183,6,5,13,2,12,5,5,0,2,0,755,14,19,574,173,282,2,121,11,158,2,8,57,37,0,5,119,74,2,251,29,0,0,17,0,2,0,41,16,1,0,8,545,23,4,223,0,17,0,0,0,0,0,0,0,3,0,0,0,0,0,0,14,0,0,0,0,0,0,0,0,0,0,0,0,111,12,16,0,0,0,0,0,0,0,0,0,0,0,0,5924,2800,1757,6757,186,47,8,817,62,3,54,123,496,171,0,830,1359,433,123,1430,2,20,11,262,21,0,0,195,101,7,1,56,1943,876,1149,2968,287,5,14,1214,133,17,3,360,124,63,6,237,462,16,0,134,0,0,0,0,0,0,0,0,0,6,0,11,5722,2689,1731,7113,292,0,3,340,620,216,475,720,213,64,37,158,0,0,3,26,0,162,0,5,0,0,0,0,0,0,0,0,231,0,3,15,0,0,0,0,3,0,0,1,0,0,0,0,3338,890,261,874,466,26,30,270,35,0,16,183,6,305,0,59,1176,434,440,706,124,22,0,30,97,2,4,88,25,3,0
0,22,0,242,133,0,0,0,0,0,0,0,0,0,0,0,0,436,0,0,128,5,153,0,22,0,0,0,0,0,0,0,0,12,75,25,57,0,0,0,0,0,2,0,0,0,0,4,19,294,240,228,307,32,285,8,20,0,0,0,0,0,0,0,0,22,22,14,38,0,12,0,0,0,0,8,0,0,0,0,0,15,114,0,7,0,0,0,13,0,0,0,0,0,0,0,0,545,24,81,55,173,53,13,13,0,0,0,0,0,0,0,0,62,53,0,83,0,0,0,9,0,0,0,0,0,0,0,9,265,7,1,36,2,0,0,0,0,3,0,0,0,0,0,0,0,4,0,0,0,0,0,0,0,0,0,0,0,0,0,0,712,155,0,3,0,0,0,2,0,0,0,0,0,0,0,0,256,477,2,151,0,0,0,49,0,0,0,8,0,8,0,0,0,0,0,0,0,0,0,0,0,0,0,0,0,0,0,1,15,1,26,34,0,0,0,26,6,10,0,90,0,0,0,0,159,12,6,54,0,1,0,0,2,2,0,6,14,0,0,5,0,13,0,0,0,0,0,0,7,0,0,0,0,0,0,0,441,20,0,31,0,5,0,0,6,0,0,1,0,0,0,0,19,18,0,35,0,0,0,1,23,1,0,0,0,1,0,9,55,22,10,89,8,0,0,1,0,0,0,0,17,0,0,0,3,1,3,0,1,1,0,0,0,0,0,0,0,0,0,0,4,168,101,57,0,0,0,0,0,6,0,0,0,0,0,0,8,1,1,115,11,65,2,14,16,0,0,0,0,0,0,0,140,44,2,121,0,0,0,5,0,0,0,0,0,0,0,0,9,0,0,3,0,0,0,0,0,0,0,0,13,0,0,0,36,4,2,36,0,0,10,6,0,0,0,4,0,0,0,64,24,1,0,19,0,0,0,109,0,0,0,1,0,0,0,2,35,8,0,10,1,0,0,0,0,1,0,0,0,0,0,0,0,0,0,17,0,0,0,0,0,0,0,0,0,0,0,0,0,0,0,0,0,0,0,2,0,0,0,0,0,0,2,0,39,39,16,156,0,0,0,0,0,0,0,6,0,0,0,0,32,987,27,56,0,13,0,4,0,0,0,0,0,0,0,0,131,0,1,36,113,0,0,0,0,0,0,0,0,0,0,0,0,0,10,304,0,0,0,128,0,0,0,0,0,0,0,0,143,70,0,95,0,0,0,0,0,0,0,0,0,0,0,0,297,33,0,37,19,0,0,0,0,0,0,0,0,0,0,0,25,3,0,16,0,0,1,0,8,0,0,12,0,0,0,0,634,22,22,69,11,14,0,3,200,0,0,39,0,0,0,0,57,7,0,197,36,0,0,2,0,4,0,0,0,0,0,109,1,0,21,18,1,0,0,4,0,0,0,0,0,0,0,0,11,0,0,4,0,0,0,3,0,0,0,0,0,0,0,0,1997,980,454,1290,36,14,13,418,220,0,0,53,2,35,0,168,291,12,125,93,0,0,4,2,1,0,0,6,0,0,0,2,2737,584,696,1671,500,112,464,192,41,504,66,270,0,0,0,4,198,11,6,204,183,10,17,25,0,0,2,11,0,0,0,0,4521,881,1855,2448,410,134,212,76,424,5,163,0,342,3,0,260,4360,2192,2323,6469,367,5,575,1028,33,20,379,271,376,0,0,5,0,16,3,4,0,0,0,6,2,0,0,0,0,0,0,0,753,34,12,115,19,1,0,22,1,0,0,2,0,0,0,0,371,6,8,30,184,3,3,4,5,1,13,13,4,2,0,10,1351,1292,535,417,501,183,6,5,13,2,12,5,5,0,2,0,756,14,19,574,173,282,2,121,11,158,2,8,57,37,0,5,119,74,2,251,29,0,0,17,0,2,0,41,16,1,0,8,545,23,4,223,0,17,0,0,0,0,0,0,0,3,0,0,0,0,0,0,14,0,0,0,0,0,0,0,0,0,0,0,0,111,12,16,0,0,0,0,0,0,0,0,0,0,0,0,5924,2800,1757,6758,186,47,8,817,62,3,54,123,496,171,0,830,1359,433,123,1430,2,20,11,262,21,0,0,195,101,7,1,56,1943,876,1149,2968,287,5,14,1214,133,17,3,360,124,63,6,237,462,16,0,134,0,0,0,0,0,0,0,0,0,6,0,11,5722,2689,1731,7113,292,0,3,340,620,216,475,720,213,64,37,158,0,0,3,26,0,162,0,5,0,0,0,0,0,0,0,0,231,0,3,15,0,0,0,0,3,0,0,1,0,0,0,0,3338,890,261,874,466,26,30,270,35,0,16,183,6,305,0,59,1176,435,440,706,124,22,0,30,98,2,4,88,25,3,0
0,22,0,242,133,0,0,0,0,0,0,0,0,0,0,0,0,436,0,0,128,5,153,0,22,0,0,0,0,0,0,0,0,12,75,25,57,0,0,0,0,0,2,0,0,0,0,4,19,294,240,228,307,32,285,8,20,0,0,0,0,0,0,0,0,22,22,14,38,0,12,0,0,0,0,8,0,0,0,0,0,15,114,0,7,0,0,0,13,0,0,0,0,0,0,0,0,545,24,81,55,173,53,13,13,0,0,0,0,0,0,0,0,62,53,0,83,0,0,0,9,0,0,0,0,0,0,0,9,265,7,1,36,2,0,0,0,0,3,0,0,0,0,0,0,0,4,0,0,0,0,0,0,0,0,0,0,0,0,0,0,712,155,0,3,0,0,0,2,0,0,0,0,0,0,0,0,256,477,2,151,0,0,0,49,0,0,0,8,0,8,0,0,0,0,0,0,0,0,0,0,0,0,0,0,0,0,0,1,15,1,26,34,0,0,0,26,6,10,0,90,0,0,0,0,159,12,6,54,0,1,0,0,2,2,0,6,14,0,0,5,0,13,0,0,0,0,0,0,7,0,0,0,0,0,0,0,441,20,0,31,0,5,0,0,6,0,0,1,0,0,0,0,19,18,0,35,0,0,0,1,23,1,0,0,0,1,0,9,55,22,10,89,8,0,0,1,0,0,0,0,17,0,0,0,3,1,3,0,1,1,0,0,0,0,0,0,0,0,0,0,4,168,101,57,0,0,0,0,0,6,0,0,0,0,0,0,8,1,1,115,11,65,2,14,16,0,0,0,0,0,0,0,140,44,2,121,0,0,0,5,0,0,0,0,0,0,0,0,9,0,0,3,0,0,0,0,0,0,0,0,13,0,0,0,36,4,2,36,0,0,10,6,0,0,0,4,0,0,0,64,24,1,0,19,0,0,0,109,0,0,0,1,0,0,0,2,35,8,0,10,1,0,0,0,0,1,0,0,0,0,0,0,0,0,0,17,0,0,0,0,0,0,0,0,0,0,0,0,0,0,0,0,0,0,0,2,0,0,0,0,0,0,2,0,39,39,16,156,0,0,0,0,0,0,0,6,0,0,0,0,32,987,27,56,0,13,0,4,0,0,0,0,0,0,0,0,131,0,1,36,113,0,0,0,0,0,0,0,0,0,0,0,0,0,10,304,0,0,0,128,0,0,0,0,0,0,0,0,143,70,0,95,0,0,0,0,0,0,0,0,0,0,0,0,297,33,0,37,19,0,0,0,0,0,0,0,0,0,0,0,25,3,0,16,0,0,1,0,8,0,0,12,0,0,0,0,634,22,22,69,11,14,0,3,200,0,0,39,0,0,0,0,57,7,0,197,36,0,0,2,0,4,0,0,0,0,0,109,1,0,21,18,1,0,0,4,0,0,0,0,0,0,0,0,11,0,0,4,0,0,0,3,0,0,0,0,0,0,0,0,1997,980,454,1290,36,14,13,418,220,0,0,53,2,35,0,168,291,12,125,93,0,0,4,2,1,0,0,6,0,0,0,2,2737,584,696,1671,500,112,464,192,41,504,66,270,0,0,0,4,198,11,6,204,183,10,17,25,0,0,2,11,0,0,0,0,4521,881,1855,2447,410,134,212,76,424,5,163,0,342,3,0,260,4360,2192,2323,6469,367,5,575,1028,33,20,379,271,376,0,0,5,0,16,3,4,0,0,0,6,2,0,0,0,0,0,0,0,753,34,12,115,19,1,0,22,1,0,0,2,0,0,0,0,371,6,8,30,184,3,3,4,5,1,13,13,4,2,0,10,1350,1292,535,417,501,183,6,5,13,2,12,5,5,0,2,0,755,14,19,574,173,282,2,121,11,158,2,8,57,37,0,5,119,74,2,251,29,0,0,17,0,2,0,41,16,1,0,8,545,23,4,223,0,17,0,0,0,0,0,0,0,3,0,0,0,0,0,0,14,0,0,0,0,0,0,0,0,0,0,0,0,111,12,16,0,0,0,0,0,0,0,0,0,0,0,0,5924,2800,1757,6757,186,47,8,817,62,3,54,123,496,171,0,830,1359,433,123,1430,2,20,11,262,21,0,0,195,101,7,1,56,1943,876,1149,2968,287,5,14,1214,133,17,3,360,124,63,6,237,462,16,0,134,0,0,0,0,0,0,0,0,0,6,0,11,5722,2689,1731,7113,292,0,3,340,620,216,475,720,213,64,37,158,0,0,3,26,0,162,0,5,0,0,0,0,0,0,0,0,231,0,3,15,0,0,0,0,3,0,0,1,0,0,0,0,3338,890,261,874,466,26,30,270,35,0,16,183,6,305,0,59,1176,434,440,706,124,22,0,30,97,2,4,88,25,3,0
0,22,0,242,133,0,0,0,0,0,0,0,0,0,0,0,0,436,0,0,128,5,153,0,22,0,0,0,0,0,0,0,0,12,75,25,57,0,0,0,0,0,2,0,0,0,0,4,19,294,240,228,307,32,285,8,20,0,0,0,0,0,0,0,0,22,22,14,38,0,12,0,0,0,0,8,0,0,0,0,0,15,114,0,7,0,0,0,13,0,0,0,0,0,0,0,0,545,24,81,55,173,53,13,13,0,0,0,0,0,0,0,0,62,53,0,83,0,0,0,9,0,0,0,0,0,0,0,9,265,7,1,36,2,0,0,0,0,3,0,0,0,0,0,0,0,4,0,0,0,0,0,0,0,0,0,0,0,0,0,0,712,155,0,3,0,0,0,2,0,0,0,0,0,0,0,0,256,477,2,151,0,0,0,49,0,0,0,8,0,8,0,0,0,0,0,0,0,0,0,0,0,0,0,0,0,0,0,1,15,1,26,34,0,0,0,26,6,10,0,90,0,0,0,0,159,12,6,54,0,1,0,0,2,2,0,6,14,0,0,5,0,13,0,0,0,0,0,0,7,0,0,0,0,0,0,0,441,20,0,31,0,5,0,0,6,0,0,1,0,0,0,0,19,18,0,35,0,0,0,1,23,1,0,0,0,1,0,9,55,22,10,89,8,0,0,1,0,0,0,0,17,0,0,0,3,1,3,0,1,1,0,0,0,0,0,0,0,0,0,0,4,168,101,57,0,0,0,0,0,6,0,0,0,0,0,0,8,1,1,115,11,65,2,14,16,0,0,0,0,0,0,0,140,44,2,121,0,0,0,5,0,0,0,0,0,0,0,0,9,0,0,3,0,0,0,0,0,0,0,0,13,0,0,0,36,4,2,36,0,0,10,6,0,0,0,4,0,0,0,64,24,1,0,19,0,0,0,109,0,0,0,1,0,0,0,2,35,8,0,10,1,0,0,0,0,1,0,0,0,0,0,0,0,0,0,17,0,0,0,0,0,0,0,0,0,0,0,0,0,0,0,0,0,0,0,2,0,0,0,0,0,0,2,0,39,39,16,156,0,0,0,0,0,0,0,6,0,0,0,0,32,987,27,56,0,13,0,4,0,0,0,0,0,0,0,0,131,0,1,36,113,0,0,0,0,0,0,0,0,0,0,0,0,0,10,304,0,0,0,128,0,0,0,0,0,0,0,0,143,70,0,95,0,0,0,0,0,0,0,0,0,0,0,0,297,33,0,37,19,0,0,0,0,0,0,0,0,0,0,0,25,3,0,16,0,0,1,0,8,0,0,12,0,0,0,0,634,22,22,69,11,14,0,3,200,0,0,39,0,0,0,0,57,7,0,197,36,0,0,2,0,4,0,0,0,0,0,109,1,0,21,18,1,0,0,4,0,0,0,0,0,0,0,0,11,0,0,4,0,0,0,3,0,0,0,0,0,0,0,0,1997,980,454,1290,36,14,13,418,220,0,0,53,2,35,0,168,291,12,125,93,0,0,4,2,1,0,0,6,0,0,0,2,2737,584,696,1671,500,112,464,192,41,504,66,270,0,0,0,4,198,11,6,204,183,10,17,25,0,0,2,11,0,0,0,0,4522,881,1855,2447,410,134,213,76,424,5,163,0,342,3,0,260,4360,2193,2323,6471,367,5,575,1028,33,20,379,271,376,0,0,5,0,16,3,4,0,0,0,6,2,0,0,0,0,0,0,0,753,34,12,115,19,1,0,22,1,0,0,2,0,0,0,0,371,6,8,30,184,3,3,4,5,1,13,13,4,2,0,10,1350,1292,535,417,501,183,6,5,13,2,12,5,5,0,2,0,755,14,19,574,173,282,2,121,11,158,2,8,57,37,0,5,119,74,2,251,29,0,0,17,0,2,0,41,16,1,0,8,545,23,4,223,0,17,0,0,0,0,0,0,0,3,0,0,0,0,0,0,14,0,0,0,0,0,0,0,0,0,0,0,0,111,12,16,0,0,0,0,0,0,0,0,0,0,0,0,5925,2800,1757,6758,186,47,8,817,62,3,54,123,496,171,0,830,1359,433,123,1430,2,20,11,262,21,0,0,195,101,7,1,56,1944,876,1150,2969,287,5,14,1214,133,17,3,360,124,63,6,237,462,16,0,134,0,0,0,0,0,0,0,0,0,6,0,11,5723,2689,1731,7117,292,0,3,340,620,216,475,720,213,64,37,158,0,0,3,26,0,162,0,5,0,0,0,0,0,0,0,0,231,0,3,15,0,0,0,0,3,0,0,1,0,0,0,0,3338,890,261,874,466,26,30,270,35,0,16,183,6,305,0,59,1176,434,440,706,124,22,0,30,97,2,4,88,25,3,0
0,22,0,242,133,0,0,0,0,0,0,0,0,0,0,0,0,436,0,0,128,5,153,0,22,0,0,0,0,0,0,0,0,12,75,25,57,0,0,0,0,0,2,0,0,0,0,4,19,294,240,228,307,32,285,8,20,0,0,0,0,0,0,0,0,22,22,14,38,0,12,0,0,0,0,8,0,0,0,0,0,15,114,0,7,0,0,0,13,0,0,0,0,0,0,0,0,545,24,81,55,173,53,13,13,0,0,0,0,0,0,0,0,62,53,0,83,0,0,0,9,0,0,0,0,0,0,0,9,266,7,1,36,2,0,0,0,0,3,0,0,0,0,0,0,0,4,0,0,0,0,0,0,0,0,0,0,0,0,0,0,712,155,0,3,0,0,0,2,0,0,0,0,0,0,0,0,256,477,2,151,0,0,0,49,0,0,0,8,0,8,0,0,0,0,0,0,0,0,0,0,0,0,0,0,0,0,0,1,15,1,26,34,0,0,0,26,6,10,0,90,0,0,0,0,159,12,6,54,0,1,0,0,2,2,0,6,14,0,0,5,0,13,0,0,0,0,0,0,7,0,0,0,0,0,0,0,441,20,0,31,0,5,0,0,6,0,0,1,0,0,0,0,19,18,0,35,0,0,0,1,23,1,0,0,0,1,0,9,55,22,10,89,8,0,0,1,0,0,0,0,17,0,0,0,3,1,3,0,1,1,0,0,0,0,0,0,0,0,0,0,4,168,101,57,0,0,0,0,0,6,0,0,0,0,0,0,8,1,1,115,11,65,2,14,16,0,0,0,0,0,0,0,140,44,2,121,0,0,0,5,0,0,0,0,0,0,0,0,9,0,0,3,0,0,0,0,0,0,0,0,13,0,0,0,36,4,2,36,0,0,10,6,0,0,0,4,0,0,0,64,24,1,0,19,0,0,0,109,0,0,0,1,0,0,0,2,35,8,0,10,1,0,0,0,0,1,0,0,0,0,0,0,0,0,0,17,0,0,0,0,0,0,0,0,0,0,0,0,0,0,0,0,0,0,0,2,0,0,0,0,0,0,2,0,39,39,16,156,0,0,0,0,0,0,0,6,0,0,0,0,32,987,27,56,0,13,0,4,0,0,0,0,0,0,0,0,131,0,1,36,113,0,0,0,0,0,0,0,0,0,0,0,0,0,10,304,0,0,0,128,0,0,0,0,0,0,0,0,143,70,0,95,0,0,0,0,0,0,0,0,0,0,0,0,297,33,0,37,19,0,0,0,0,0,0,0,0,0,0,0,25,3,0,16,0,0,1,0,8,0,0,12,0,0,0,0,634,22,22,69,11,14,0,3,200,0,0,39,0,0,0,0,57,7,0,197,36,0,0,2,0,4,0,0,0,0,0,109,1,0,21,18,1,0,0,4,0,0,0,0,0,0,0,0,11,0,0,4,0,0,0,3,0,0,0,0,0,0,0,0,1997,980,454,1290,36,14,13,418,220,0,0,53,2,35,0,168,291,12,125,93,0,0,4,2,1,0,0,6,0,0,0,2,2737,584,696,1671,500,112,464,192,41,504,66,270,0,0,0,4,198,11,6,204,183,10,17,25,0,0,2,11,0,0,0,0,4521,881,1855,2447,410,134,212,76,424,5,163,0,342,3,0,260,4360,2194,2324,6472,367,5,576,1028,33,20,379,272,376,0,0,5,0,16,3,4,0,0,0,6,2,0,0,0,0,0,0,0,753,34,12,115,19,1,0,22,1,0,0,2,0,0,0,0,371,6,8,30,184,3,3,4,5,1,13,13,4,2,0,10,1350,1292,535,417,501,183,6,5,13,2,12,5,5,0,2,0,755,14,19,574,173,282,2,121,11,158,2,8,57,37,0,5,119,74,2,251,29,0,0,17,0,2,0,41,16,1,0,8,545,23,4,223,0,17,0,0,0,0,0,0,0,3,0,0,0,0,0,0,14,0,0,0,0,0,0,0,0,0,0,0,0,111,12,16,0,0,0,0,0,0,0,0,0,0,0,0,5924,2800,1757,6757,186,47,8,817,62,3,54,123,496,171,0,830,1359,433,123,1430,2,20,11,262,21,0,0,195,101,7,1,56,1943,878,1149,2968,287,5,14,1214,133,17,3,362,124,63,6,237,462,16,0,134,0,0,0,0,0,0,0,0,0,6,0,11,5722,2689,1731,7117,292,0,3,340,621,216,476,720,213,64,37,158,0,0,3,26,0,163,0,5,0,0,0,0,0,0,0,0,231,0,3,15,0,0,0,0,3,0,0,1,0,0,0,0,3338,890,261,874,466,26,30,270,35,0,16,183,6,305,0,59,1176,434,440,706,124,22,0,30,97,2,4,88,25,3,0
0,22,0,242,133,0,0,0,0,0,0,0,0,0,0,0,0,436,0,0,128,5,153,0,22,0,0,0,0,0,0,0,0,12,75,25,57,0,0,0,0,0,2,0,0,0,0,4,19,294,240,228,307,32,285,8,20,0,0,0,0,0,0,0,0,22,22,14,38,0,12,0,0,0,0,8,0,0,0,0,0,15,114,0,7,0,0,0,13,0,0,0,0,0,0,0,0,545,24,81,55,173,53,13,13,0,0,0,0,0,0,0,0,62,53,0,83,0,0,0,9,0,0,0,0,0,0,0,9,265,7,1,36,2,0,0,0,0,3,0,0,0,0,0,0,0,4,0,0,0,0,0,0,0,0,0,0,0,0,0,0,714,155,0,3,0,0,0,2,0,0,0,0,0,0,0,0,256,477,2,151,0,0,0,49,0,0,0,8,0,8,0,0,0,0,0,0,0,0,0,0,0,0,0,0,0,0,0,1,15,1,26,34,0,0,0,26,6,10,0,90,0,0,0,0,159,12,6,54,0,1,0,0,2,2,0,6,14,0,0,5,0,13,0,0,0,0,0,0,7,0,0,0,0,0,0,0,441,20,0,31,0,5,0,0,6,0,0,1,0,0,0,0,19,18,0,35,0,0,0,1,23,1,0,0,0,1,0,9,55,22,10,89,8,0,0,1,0,0,0,0,17,0,0,0,3,1,3,0,1,1,0,0,0,0,0,0,0,0,0,0,4,168,101,57,0,0,0,0,0,6,0,0,0,0,0,0,8,1,1,115,11,65,2,14,16,0,0,0,0,0,0,0,140,44,2,121,0,0,0,5,0,0,0,0,0,0,0,0,9,0,0,3,0,0,0,0,0,0,0,0,13,0,0,0,36,4,2,36,0,0,10,6,0,0,0,4,0,0,0,64,24,1,0,19,0,0,0,109,0,0,0,1,0,0,0,2,35,8,0,10,1,0,0,0,0,1,0,0,0,0,0,0,0,0,0,17,0,0,0,0,0,0,0,0,0,0,0,0,0,0,0,0,0,0,0,2,0,0,0,0,0,0,2,0,39,39,16,156,0,0,0,0,0,0,0,6,0,0,0,0,32,987,27,56,0,13,0,4,0,0,0,0,0,0,0,0,131,0,1,36,113,0,0,0,0,0,0,0,0,0,0,0,0,0,10,304,0,0,0,128,0,0,0,0,0,0,0,0,143,70,0,95,0,0,0,0,0,0,0,0,0,0,0,0,297,33,0,37,19,0,0,0,0,0,0,0,0,0,0,0,25,3,0,16,0,0,1,0,8,0,0,12,0,0,0,0,634,22,22,69,11,14,0,3,200,0,0,39,0,0,0,0,57,7,0,197,36,0,0,2,0,4,0,0,0,0,0,109,1,0,21,18,1,0,0,4,0,0,0,0,0,0,0,0,11,0,0,4,0,0,0,3,0,0,0,0,0,0,0,0,1997,980,454,1290,36,14,13,418,220,0,0,53,2,35,0,168,291,12,125,93,0,0,4,2,1,0,0,6,0,0,0,2,2737,584,696,1671,500,112,464,192,41,504,66,270,0,0,0,4,198,11,6,204,183,10,17,25,0,0,2,11,0,0,0,0,4521,881,1855,2447,410,134,212,76,424,5,163,0,342,3,0,261,4361,2192,2323,6470,367,5,575,1029,33,20,379,271,376,0,0,5,0,16,3,4,0,0,0,6,2,0,0,0,0,0,0,0,753,34,12,115,19,1,0,22,1,0,0,2,0,0,0,0,371,6,8,30,184,3,3,4,5,1,13,13,4,2,0,10,1350,1292,535,417,501,183,6,5,13,2,12,5,5,0,2,0,755,14,19,574,173,282,2,121,11,158,2,8,57,37,0,5,119,74,2,251,29,0,0,17,0,2,0,41,16,1,0,8,545,23,4,223,0,17,0,0,0,0,0,0,0,3,0,0,0,0,0,0,14,0,0,0,0,0,0,0,0,0,0,0,0,111,12,16,0,0,0,0,0,0,0,0,0,0,0,0,5924,2800,1757,6757,186,47,8,817,62,3,54,123,496,171,0,830,1359,433,123,1430,2,20,11,262,21,0,0,195,101,7,1,56,1943,876,1149,2968,287,5,14,1214,133,17,3,360,124,63,6,237,462,16,0,134,0,0,0,0,0,0,0,0,0,6,0,11,5722,2689,1731,7113,292,0,3,340,620,216,475,720,213,64,37,158,0,0,3,26,0,162,0,5,0,0,0,0,0,0,0,0,231,0,3,15,0,0,0,0,3,0,0,1,0,0,0,0,3339,890,261,874,466,26,30,270,35,0,16,183,6,305,0,59,1176,434,440,706,124,22,0,30,97,2,4,88,25,3,0
0,22,0,242,133,0,0,0,0,0,0,0,0,0,0,0,0,436,0,0,128,5,153,0,22,0,0,0,0,0,0,0,0,12,75,25,57,0,0,0,0,0,2,0,0,0,0,4,19,294,240,228,307,32,285,8,20,0,0,0,0,0,0,0,0,22,22,14,38,0,12,0,0,0,0,8,0,0,0,0,0,15,114,0,7,0,0,0,13,0,0,0,0,0,0,0,0,545,24,81,55,173,53,13,13,0,0,0,0,0,0,0,0,62,53,0,83,0,0,0,9,0,0,0,0,0,0,0,9,265,7,1,36,2,0,0,0,0,3,0,0,0,0,0,0,0,4,0,0,0,0,0,0,0,0,0,0,0,0,0,0,714,155,0,3,0,0,0,2,0,0,0,0,0,0,0,0,256,477,2,151,0,0,0,49,0,0,0,8,0,8,0,0,0,0,0,0,0,0,0,0,0,0,0,0,0,0,0,1,15,1,26,34,0,0,0,26,6,10,0,90,0,0,0,0,159,12,6,54,0,1,0,0,2,2,0,6,14,0,0,5,0,13,0,0,0,0,0,0,7,0,0,0,0,0,0,0,441,20,0,31,0,5,0,0,6,0,0,1,0,0,0,0,19,18,0,35,0,0,0,1,23,1,0,0,0,1,0,9,55,22,10,89,8,0,0,1,0,0,0,0,17,0,0,0,3,1,3,0,1,1,0,0,0,0,0,0,0,0,0,0,4,168,101,57,0,0,0,0,0,6,0,0,0,0,0,0,8,1,1,115,11,65,2,14,16,0,0,0,0,0,0,0,140,44,2,121,0,0,0,5,0,0,0,0,0,0,0,0,9,0,0,3,0,0,0,0,0,0,0,0,13,0,0,0,36,4,2,36,0,0,10,6,0,0,0,4,0,0,0,64,24,1,0,19,0,0,0,109,0,0,0,1,0,0,0,2,35,8,0,10,1,0,0,0,0,1,0,0,0,0,0,0,0,0,0,17,0,0,0,0,0,0,0,0,0,0,0,0,0,0,0,0,0,0,0,2,0,0,0,0,0,0,2,0,39,39,16,156,0,0,0,0,0,0,0,6,0,0,0,0,32,987,27,56,0,13,0,4,0,0,0,0,0,0,0,0,131,0,1,36,113,0,0,0,0,0,0,0,0,0,0,0,0,0,10,304,0,0,0,128,0,0,0,0,0,0,0,0,143,70,0,95,0,0,0,0,0,0,0,0,0,0,0,0,297,33,0,37,19,0,0,0,0,0,0,0,0,0,0,0,25,3,0,16,0,0,1,0,8,0,0,12,0,0,0,0,634,22,22,69,11,14,0,3,200,0,0,39,0,0,0,0,57,7,0,197,36,0,0,2,0,4,0,0,0,0,0,109,1,0,21,18,1,0,0,4,0,0,0,0,0,0,0,0,11,0,0,4,0,0,0,3,0,0,0,0,0,0,0,0,1997,980,454,1290,36,14,13,418,220,0,0,53,2,35,0,168,291,12,125,93,0,0,4,2,1,0,0,6,0,0,0,2,2737,584,696,1671,500,112,464,192,41,504,66,270,0,0,0,4,198,11,6,204,183,10,17,25,0,0,2,11,0,0,0,0,4521,881,1855,2447,410,134,212,76,424,5,163,0,342,3,0,261,4361,2192,2323,6470,367,5,575,1029,33,20,379,271,376,0,0,5,0,16,3,4,0,0,0,6,2,0,0,0,0,0,0,0,753,34,12,115,19,1,0,22,1,0,0,2,0,0,0,0,371,6,8,30,184,3,3,4,5,1,13,13,4,2,0,10,1350,1292,535,417,501,183,6,5,13,2,12,5,5,0,2,0,755,14,19,574,173,282,2,121,11,158,2,8,57,37,0,5,119,74,2,251,29,0,0,17,0,2,0,41,16,1,0,8,545,23,4,223,0,17,0,0,0,0,0,0,0,3,0,0,0,0,0,0,14,0,0,0,0,0,0,0,0,0,0,0,0,111,12,16,0,0,0,0,0,0,0,0,0,0,0,0,5924,2800,1757,6757,186,47,8,817,62,3,54,123,496,171,0,830,1359,433,123,1430,2,20,11,262,21,0,0,195,101,7,1,56,1943,876,1149,2968,287,5,14,1214,133,17,3,360,124,63,6,237,462,16,0,134,0,0,0,0,0,0,0,0,0,6,0,11,5722,2689,1731,7113,292,0,3,340,620,216,475,720,213,64,37,158,0,0,3,26,0,162,0,5,0,0,0,0,0,0,0,0,231,0,3,15,0,0,0,0,3,0,0,1,0,0,0,0,3339,890,261,874,466,26,30,270,35,0,16,183,6,305,0,59,1176,434,440,706,124,22,0,30,97,2,4,88,25,3,0
0,22,0,242,133,0,0,0,0,0,0,0,0,0,0,0,0,436,0,0,128,5,153,0,22,0,0,0,0,0,0,0,0,12,75,25,57,0,0,0,0,0,2,0,0,0,0,4,19,294,240,228,307,32,285,8,20,0,0,0,0,0,0,0,0,22,22,14,38,0,12,0,0,0,0,8,0,0,0,0,0,15,114,0,7,0,0,0,13,0,0,0,0,0,0,0,0,545,24,81,55,173,53,13,13,0,0,0,0,0,0,0,0,62,53,0,83,0,0,0,9,0,0,0,0,0,0,0,9,265,7,1,36,2,0,0,0,0,3,0,0,0,0,0,0,0,4,0,0,0,0,0,0,0,0,0,0,0,0,0,0,712,155,0,3,0,0,0,2,0,0,0,0,0,0,0,0,256,477,2,151,0,0,0,49,0,0,0,8,0,8,0,0,0,0,0,0,0,0,0,0,0,0,0,0,0,0,0,1,15,1,26,34,0,0,0,26,6,10,0,90,0,0,0,0,159,12,6,54,0,1,0,0,2,2,0,6,14,0,0,5,0,13,0,0,0,0,0,0,7,0,0,0,0,0,0,0,441,20,0,31,0,5,0,0,6,0,0,1,0,0,0,0,19,18,0,35,0,0,0,1,23,1,0,0,0,1,0,9,55,22,10,89,8,0,0,1,0,0,0,0,17,0,0,0,3,1,3,0,1,1,0,0,0,0,0,0,0,0,0,0,4,168,101,57,0,0,0,0,0,6,0,0,0,0,0,0,8,1,1,115,11,65,2,14,16,0,0,0,0,0,0,0,140,44,2,121,0,0,0,5,0,0,0,0,0,0,0,0,9,0,0,3,0,0,0,0,0,0,0,0,13,0,0,0,36,4,2,36,0,0,10,6,0,0,0,4,0,0,0,64,24,1,0,19,0,0,0,109,0,0,0,1,0,0,0,2,35,8,0,10,1,0,0,0,0,1,0,0,0,0,0,0,0,0,0,17,0,0,0,0,0,0,0,0,0,0,0,0,0,0,0,0,0,0,0,2,0,0,0,0,0,0,2,0,39,39,16,156,0,0,0,0,0,0,0,6,0,0,0,0,32,987,27,56,0,13,0,4,0,0,0,0,0,0,0,0,131,0,1,36,113,0,0,0,0,0,0,0,0,0,0,0,0,0,10,304,0,0,0,128,0,0,0,0,0,0,0,0,143,70,0,95,0,0,0,0,0,0,0,0,0,0,0,0,297,33,0,37,19,0,0,0,0,0,0,0,0,0,0,0,25,3,0,16,0,0,1,0,8,0,0,12,0,0,0,0,634,22,22,69,11,14,0,3,200,0,0,39,0,0,0,0,57,7,0,197,36,0,0,2,0,4,0,0,0,0,0,109,1,0,21,18,1,0,0,4,0,0,0,0,0,0,0,0,11,0,0,4,0,0,0,3,0,0,0,0,0,0,0,0,1997,980,454,1290,36,14,13,418,220,0,0,53,2,35,0,168,291,12,125,93,0,0,4,2,1,0,0,6,0,0,0,2,2737,584,696,1671,500,112,464,192,41,504,66,270,0,0,0,4,198,11,6,204,183,10,17,25,0,0,2,11,0,0,0,0,4523,881,1855,2447,410,134,212,76,424,5,163,0,342,3,0,260,4361,2193,2323,6469,367,5,575,1028,33,20,379,271,376,0,0,5,0,16,3,4,0,0,0,6,2,0,0,0,0,0,0,0,753,34,12,115,19,1,0,22,1,0,0,2,0,0,0,0,371,6,8,30,184,3,3,4,5,1,13,13,4,2,0,10,1350,1292,535,417,501,183,6,5,13,2,12,5,5,0,2,0,755,14,19,574,173,282,2,121,11,158,2,8,57,37,0,5,119,74,2,251,29,0,0,17,0,2,0,41,16,1,0,8,545,23,4,223,0,17,0,0,0,0,0,0,0,3,0,0,0,0,0,0,14,0,0,0,0,0,0,0,0,0,0,0,0,111,12,16,0,0,0,0,0,0,0,0,0,0,0,0,5924,2800,1757,6757,186,47,8,817,62,3,54,123,496,171,0,830,1359,433,123,1430,2,20,11,262,21,0,0,195,101,7,1,56,1943,876,1149,2968,287,5,14,1214,133,17,3,360,124,63,6,237,462,16,0,134,0,0,0,0,0,0,0,0,0,6,0,11,5724,2689,1731,7113,292,0,3,340,620,216,475,720,213,64,37,158,0,0,3,26,0,162,0,5,0,0,0,0,0,0,0,0,231,0,3,15,0,0,0,0,3,0,0,1,0,0,0,0,3338,890,261,874,466,26,30,270,35,0,16,183,6,305,0,59,1176,434,440,706,124,22,0,30,97,2,4,88,25,3,0
0,22,0,243,133,0,0,0,0,0,0,0,0,0,0,0,0,436,0,0,128,5,153,0,22,0,0,0,0,0,0,0,0,12,75,25,57,0,0,0,0,0,2,0,0,0,0,4,19,294,240,228,307,32,285,8,20,0,0,0,0,0,0,0,0,22,22,14,38,0,12,0,0,0,0,8,0,0,0,0,0,15,114,0,7,0,0,0,13,0,0,0,0,0,0,0,0,545,24,81,55,173,53,13,13,0,0,0,0,0,0,0,0,62,53,0,83,0,0,0,9,0,0,0,0,0,0,0,9,265,7,1,36,2,0,0,0,0,3,0,0,0,0,0,0,0,4,0,0,0,0,0,0,0,0,0,0,0,0,0,0,712,155,0,3,0,0,0,2,0,0,0,0,0,0,0,0,257,477,2,151,0,0,0,49,0,0,0,8,0,8,0,0,0,0,0,0,0,0,0,0,0,0,0,0,0,0,0,1,15,1,26,34,0,0,0,26,6,10,0,90,0,0,0,0,159,12,6,54,0,1,0,0,2,2,0,6,14,0,0,5,0,13,0,0,0,0,0,0,7,0,0,0,0,0,0,0,441,20,0,31,0,5,0,0,6,0,0,1,0,0,0,0,19,18,0,35,0,0,0,1,23,1,0,0,0,1,0,9,55,22,10,89,8,0,0,1,0,0,0,0,17,0,0,0,3,1,3,0,1,1,0,0,0,0,0,0,0,0,0,0,4,168,101,57,0,0,0,0,0,6,0,0,0,0,0,0,8,1,1,115,11,65,2,14,16,0,0,0,0,0,0,0,140,44,2,121,0,0,0,5,0,0,0,0,0,0,0,0,9,0,0,3,0,0,0,0,0,0,0,0,13,0,0,0,36,4,2,36,0,0,10,6,0,0,0,4,0,0,0,64,24,1,0,19,0,0,0,109,0,0,0,1,0,0,0,2,35,8,0,10,1,0,0,0,0,1,0,0,0,0,0,0,0,0,0,17,0,0,0,0,0,0,0,0,0,0,0,0,0,0,0,0,0,0,0,2,0,0,0,0,0,0,2,0,39,39,16,156,0,0,0,0,0,0,0,6,0,0,0,0,32,987,27,56,0,13,0,4,0,0,0,0,0,0,0,0,131,0,1,36,113,0,0,0,0,0,0,0,0,0,0,0,0,0,10,304,0,0,0,128,0,0,0,0,0,0,0,0,143,70,0,95,0,0,0,0,0,0,0,0,0,0,0,0,297,33,0,37,19,0,0,0,0,0,0,0,0,0,0,0,25,3,0,16,0,0,1,0,8,0,0,12,0,0,0,0,635,22,22,69,11,14,0,3,200,0,0,39,0,0,0,0,57,7,0,197,36,0,0,2,0,4,0,0,0,0,0,109,1,0,21,18,1,0,0,4,0,0,0,0,0,0,0,0,11,0,0,4,0,0,0,3,0,0,0,0,0,0,0,0,1997,983,454,1291,36,14,13,419,221,0,0,53,2,35,0,168,291,12,125,93,0,0,4,2,1,0,0,6,0,0,0,2,2737,584,696,1671,500,112,464,192,41,504,66,270,0,0,0,4,198,11,6,204,183,10,17,25,0,0,2,11,0,0,0,0,4521,881,1855,2447,410,134,212,76,424,5,163,0,342,3,0,260,4360,2192,2323,6469,367,5,575,1028,33,20,379,271,376,0,0,5,0,16,3,4,0,0,0,6,2,0,0,0,0,0,0,0,754,34,12,115,19,1,0,22,1,0,0,2,0,0,0,0,371,6,8,30,184,3,3,4,5,1,13,13,4,2,0,10,1351,1292,535,417,501,183,6,5,13,2,12,5,5,0,2,0,755,14,19,574,173,282,2,121,11,158,2,8,57,37,0,5,119,74,2,251,29,0,0,17,0,2,0,41,16,1,0,8,545,23,4,223,0,17,0,0,0,0,0,0,0,3,0,0,0,0,0,0,14,0,0,0,0,0,0,0,0,0,0,0,0,111,12,16,0,0,0,0,0,0,0,0,0,0,0,0,5924,2800,1758,6757,186,47,8,817,62,3,54,123,496,171,0,830,1359,433,123,1430,2,20,11,262,21,0,0,195,101,7,1,56,1943,876,1149,2968,287,5,14,1214,133,17,3,360,124,63,6,237,462,16,0,134,0,0,0,0,0,0,0,0,0,6,0,11,5722,2689,1731,7113,292,0,3,340,620,216,475,720,213,64,37,158,0,0,3,26,0,162,0,5,0,0,0,0,0,0,0,0,231,0,3,15,0,0,0,0,3,0,0,1,0,0,0,0,3339,890,261,874,466,26,30,271,35,0,16,183,6,305,0,59,1176,434,440,706,124,22,0,30,97,2,4,88,25,3,0
0,22,0,242,133,0,0,0,0,0,0,0,0,0,0,0,0,436,0,0,128,5,153,0,22,0,0,0,0,0,0,0,0,12,75,25,57,0,0,0,0,0,2,0,0,0,0,4,19,294,240,228,307,32,285,8,20,0,0,0,0,0,0,0,0,22,22,14,38,0,12,0,0,0,0,8,0,0,0,0,0,15,114,0,7,0,0,0,13,0,0,0,0,0,0,0,0,545,24,81,55,173,53,13,13,0,0,0,0,0,0,0,0,62,53,0,83,0,0,0,9,0,0,0,0,0,0,0,9,265,7,1,36,2,0,0,0,0,3,0,0,0,0,0,0,0,4,0,0,0,0,0,0,0,0,0,0,0,0,0,0,712,155,0,3,0,0,0,2,0,0,0,0,0,0,0,0,256,477,2,151,0,0,0,49,0,0,0,8,0,8,0,0,0,0,0,0,0,0,0,0,0,0,0,0,0,0,0,1,15,1,26,34,0,0,0,26,6,10,0,90,0,0,0,0,159,12,6,54,0,1,0,0,2,2,0,6,14,0,0,5,0,13,0,0,0,0,0,0,7,0,0,0,0,0,0,0,441,20,0,31,0,5,0,0,6,0,0,1,0,0,0,0,19,18,0,35,0,0,0,1,23,1,0,0,0,1,0,9,55,22,10,89,8,0,0,1,0,0,0,0,17,0,0,0,3,1,3,0,1,1,0,0,0,0,0,0,0,0,0,0,4,168,101,57,0,0,0,0,0,6,0,0,0,0,0,0,8,1,1,115,11,65,2,14,16,0,0,0,0,0,0,0,140,44,2,121,0,0,0,5,0,0,0,0,0,0,0,0,9,0,0,3,0,0,0,0,0,0,0,0,13,0,0,0,36,4,2,36,0,0,10,6,0,0,0,4,0,0,0,64,24,1,0,19,0,0,0,109,0,0,0,1,0,0,0,2,35,8,0,10,1,0,0,0,0,1,0,0,0,0,0,0,0,0,0,17,0,0,0,0,0,0,0,0,0,0,0,0,0,0,0,0,0,0,0,2,0,0,0,0,0,0,2,0,39,39,16,156,0,0,0,0,0,0,0,6,0,0,0,0,32,987,27,56,0,13,0,4,0,0,0,0,0,0,0,0,131,0,1,36,113,0,0,0,0,0,0,0,0,0,0,0,0,0,10,304,0,0,0,128,0,0,0,0,0,0,0,0,143,70,0,95,0,0,0,0,0,0,0,0,0,0,0,0,297,33,0,37,19,0,0,0,0,0,0,0,0,0,0,0,25,3,0,16,0,0,1,0,8,0,0,12,0,0,0,0,634,22,22,69,11,14,0,3,200,0,0,39,0,0,0,0,57,7,0,197,36,0,0,2,0,4,0,0,0,0,0,109,1,0,21,18,1,0,0,4,0,0,0,0,0,0,0,0,11,0,0,4,0,0,0,3,0,0,0,0,0,0,0,0,1997,980,454,1290,36,14,13,418,220,0,0,53,2,35,0,168,291,12,125,93,0,0,4,2,1,0,0,6,0,0,0,2,2737,584,696,1671,500,112,464,192,41,504,66,270,0,0,0,4,198,11,6,204,183,10,17,25,0,0,2,11,0,0,0,0,4521,881,1855,2447,410,134,212,76,424,5,163,0,342,3,0,260,4360,2192,2323,6469,367,5,575,1028,33,20,379,271,376,0,0,5,0,16,3,4,0,0,0,6,2,0,0,0,0,0,0,0,753,34,12,115,19,1,0,22,1,0,0,2,0,0,0,0,371,6,8,30,184,3,3,4,5,1,13,13,4,2,0,10,1350,1292,535,417,501,183,6,5,13,2,12,5,5,0,2,0,755,14,19,574,173,282,2,121,11,158,2,8,57,37,0,5,119,74,2,251,29,0,0,17,0,2,0,41,16,1,0,8,545,23,4,223,0,17,0,0,0,0,0,0,0,3,0,0,0,0,0,0,14,0,0,0,0,0,0,0,0,0,0,0,0,111,12,16,0,0,0,0,0,0,0,0,0,0,0,0,5924,2800,1757,6757,186,47,8,817,62,3,54,123,496,171,0,830,1359,433,123,1430,2,20,11,262,21,0,0,195,101,7,1,56,1943,876,1149,2968,287,5,14,1214,133,17,3,360,124,63,6,237,462,16,0,134,0,0,0,0,0,0,0,0,0,6,0,11,5722,2689,1731,7113,292,0,3,340,620,216,475,720,213,64,37,158,0,0,3,26,0,162,0,5,0,0,0,0,0,0,0,0,231,0,3,15,0,0,0,0,3,0,0,1,0,0,0,0,3338,890,261,874,466,26,30,270,35,0,16,183,6,305,0,59,1176,434,440,706,124,22,0,30,97,2,4,88,25,3,0
0,22,0,242,133,0,0,0,0,0,0,0,0,0,0,0,0,436,0,0,128,5,153,0,22,0,0,0,0,0,0,0,0,12,75,26,58,0,0,0,0,0,2,0,0,0,0,4,19,294,240,228,307,32,285,8,20,0,0,0,0,0,0,0,0,22,22,14,38,0,12,0,0,0,0,8,0,0,0,0,0,15,114,0,7,0,0,0,13,0,0,0,0,0,0,0,0,545,24,81,55,173,53,13,13,0,0,0,0,0,0,0,0,62,53,0,83,0,0,0,9,0,0,0,0,0,0,0,9,265,7,1,36,2,0,0,0,0,3,0,0,0,0,0,0,0,4,0,0,0,0,0,0,0,0,0,0,0,0,0,0,712,155,0,3,0,0,0,2,0,0,0,0,0,0,0,0,256,477,2,151,0,0,0,49,0,0,0,8,0,8,0,0,0,0,0,0,0,0,0,0,0,0,0,0,0,0,0,1,15,1,26,34,0,0,0,26,6,10,0,90,0,0,0,0,159,12,6,54,0,1,0,0,2,2,0,6,14,0,0,5,0,13,0,0,0,0,0,0,7,0,0,0,0,0,0,0,441,20,0,31,0,5,0,0,6,0,0,1,0,0,0,0,19,18,0,35,0,0,0,1,23,1,0,0,0,1,0,9,55,22,10,89,8,0,0,1,0,0,0,0,17,0,0,0,3,1,3,0,1,1,0,0,0,0,0,0,0,0,0,0,4,168,101,57,0,0,0,0,0,6,0,0,0,0,0,0,8,1,1,115,11,65,2,14,16,0,0,0,0,0,0,0,140,44,2,121,0,0,0,5,0,0,0,0,0,0,0,0,9,0,0,3,0,0,0,0,0,0,0,0,13,0,0,0,36,4,2,36,0,0,10,6,0,0,0,4,0,0,0,64,24,1,0,19,0,0,0,109,0,0,0,1,0,0,0,2,35,8,0,10,1,0,0,0,0,1,0,0,0,0,0,0,0,0,0,17,0,0,0,0,0,0,0,0,0,0,0,0,0,0,0,0,0,0,0,2,0,0,0,0,0,0,2,0,39,39,16,156,0,0,0,0,0,0,0,6,0,0,0,0,32,987,27,56,0,13,0,4,0,0,0,0,0,0,0,0,131,0,1,36,113,0,0,0,0,0,0,0,0,0,0,0,0,0,10,304,0,0,0,128,0,0,0,0,0,0,0,0,143,70,0,95,0,0,0,0,0,0,0,0,0,0,0,0,297,33,0,37,19,0,0,0,0,0,0,0,0,0,0,0,25,3,0,16,0,0,1,0,8,0,0,12,0,0,0,0,634,22,22,69,11,14,0,3,200,0,0,39,0,0,0,0,57,7,0,197,36,0,0,2,0,4,0,0,0,0,0,109,1,0,21,18,1,0,0,4,0,0,0,0,0,0,0,0,11,0,0,4,0,0,0,3,0,0,0,0,0,0,0,0,1997,980,454,1290,36,14,13,418,220,0,0,53,2,35,0,168,291,12,125,93,0,0,4,2,1,0,0,6,0,0,0,2,2737,584,696,1671,500,112,464,192,41,504,66,270,0,0,0,4,198,11,6,204,183,10,17,25,0,0,2,11,0,0,0,0,4521,881,1855,2447,410,134,212,76,424,5,163,0,342,3,0,260,4360,2192,2323,6469,367,5,575,1028,33,20,379,271,376,0,0,5,0,16,3,4,0,0,0,6,2,0,0,0,0,0,0,0,753,34,12,115,19,1,0,22,1,0,0,2,0,0,0,0,371,6,8,30,184,3,3,4,5,1,13,13,4,2,0,10,1350,1292,535,417,501,183,6,5,13,2,12,5,5,0,2,0,755,14,20,575,173,282,2,121,11,158,2,8,57,37,0,5,119,74,2,251,29,0,0,17,0,2,0,41,16,1,0,8,545,23,4,223,0,17,0,0,0,0,0,0,0,3,0,0,0,0,0,0,14,0,0,0,0,0,0,0,0,0,0,0,0,111,12,16,0,0,0,0,0,0,0,0,0,0,0,0,5924,2800,1757,6757,186,47,8,817,62,3,54,123,496,171,0,830,1359,433,123,1432,2,20,11,262,21,0,0,195,101,7,1,57,1943,876,1149,2968,287,5,14,1214,133,17,3,360,124,63,6,237,463,16,0,135,0,0,0,0,0,0,0,0,0,6,0,11,5722,2689,1731,7114,292,0,3,340,620,216,475,720,213,64,37,158,0,0,3,26,0,162,0,5,0,0,0,0,0,0,0,0,231,0,3,15,0,0,0,0,3,0,0,1,0,0,0,0,3338,890,261,874,466,26,30,270,35,0,16,183,6,305,0,59,1176,435,440,706,124,22,0,30,97,2,4,88,25,3,0
0,22,0,242,133,0,0,0,0,0,0,0,0,0,0,0,0,436,0,0,128,5,153,0,22,0,0,0,0,0,0,0,0,12,75,25,57,0,0,0,0,0,2,0,0,0,0,4,19,294,240,228,307,32,285,8,20,0,0,0,0,0,0,0,0,22,22,14,38,0,12,0,0,0,0,8,0,0,0,0,0,15,114,0,7,0,0,0,13,0,0,0,0,0,0,0,0,545,24,81,55,173,53,13,13,0,0,0,0,0,0,0,0,62,53,0,83,0,0,0,9,0,0,0,0,0,0,0,9,265,7,1,36,2,0,0,0,0,3,0,0,0,0,0,0,0,4,0,0,0,0,0,0,0,0,0,0,0,0,0,0,712,155,0,3,0,0,0,2,0,0,0,0,0,0,0,0,256,477,2,151,0,0,0,49,0,0,0,8,0,8,0,0,0,0,0,0,0,0,0,0,0,0,0,0,0,0,0,1,15,1,26,34,0,0,0,26,6,10,0,90,0,0,0,0,159,12,6,54,0,1,0,0,2,2,0,6,14,0,0,5,0,13,0,0,0,0,0,0,7,0,0,0,0,0,0,0,441,20,0,31,0,5,0,0,6,0,0,1,0,0,0,0,19,18,0,35,0,0,0,1,23,1,0,0,0,1,0,9,55,22,10,89,8,0,0,1,0,0,0,0,17,0,0,0,3,1,3,0,1,1,0,0,0,0,0,0,0,0,0,0,4,168,101,57,0,0,0,0,0,6,0,0,0,0,0,0,8,1,1,115,11,65,2,14,16,0,0,0,0,0,0,0,140,44,2,121,0,0,0,5,0,0,0,0,0,0,0,0,9,0,0,3,0,0,0,0,0,0,0,0,13,0,0,0,36,4,2,36,0,0,10,6,0,0,0,4,0,0,0,64,24,1,0,19,0,0,0,109,0,0,0,1,0,0,0,2,35,8,0,10,1,0,0,0,0,1,0,0,0,0,0,0,0,0,0,17,0,0,0,0,0,0,0,0,0,0,0,0,0,0,0,0,0,0,0,2,0,0,0,0,0,0,2,0,39,39,16,156,0,0,0,0,0,0,0,6,0,0,0,0,32,987,27,56,0,13,0,4,0,0,0,0,0,0,0,0,131,0,1,36,113,0,0,0,0,0,0,0,0,0,0,0,0,0,10,304,0,0,0,128,0,0,0,0,0,0,0,0,143,70,0,95,0,0,0,0,0,0,0,0,0,0,0,0,297,33,0,37,19,0,0,0,0,0,0,0,0,0,0,0,25,3,0,16,0,0,1,0,8,0,0,12,0,0,0,0,634,22,22,69,11,14,0,3,200,0,0,39,0,0,0,0,57,7,0,197,36,0,0,2,0,4,0,0,0,0,0,109,1,0,21,18,1,0,0,4,0,0,0,0,0,0,0,0,11,0,0,4,0,0,0,3,0,0,0,0,0,0,0,0,1997,980,454,1290,36,14,13,418,220,0,0,53,2,35,0,168,291,12,125,93,0,0,4,2,1,0,0,6,0,0,0,2,2737,584,696,1671,500,112,464,192,41,504,66,270,0,0,0,4,198,11,6,204,183,10,17,25,0,0,2,11,0,0,0,0,4521,881,1855,2447,410,134,212,76,424,5,163,0,342,3,0,260,4360,2192,2323,6469,367,5,575,1028,33,20,379,271,376,0,0,5,0,16,3,4,0,0,0,6,2,0,0,0,0,0,0,0,753,34,12,115,19,1,0,22,1,0,0,2,0,0,0,0,371,6,8,30,184,3,3,4,5,1,13,13,4,2,0,10,1350,1292,535,418,501,183,6,5,13,2,12,5,5,0,2,0,755,14,19,574,173,282,2,121,11,158,2,8,57,37,0,5,119,74,2,251,29,0,0,17,0,2,0,41,16,1,0,8,545,23,4,223,0,17,0,0,0,0,0,0,0,3,0,0,0,0,0,0,14,0,0,0,0,0,0,0,0,0,0,0,0,111,12,16,0,0,0,0,0,0,0,0,0,0,0,0,5924,2800,1757,6757,186,47,8,817,62,3,54,123,496,171,0,830,1359,433,123,1430,2,20,11,262,21,0,0,195,101,7,1,56,1943,876,1149,2968,287,5,14,1214,133,17,3,360,124,63,6,237,462,16,0,134,0,0,0,0,0,0,0,0,0,6,0,11,5722,2689,1731,7113,292,0,3,340,620,216,475,720,213,64,37,158,0,0,3,26,0,162,0,5,0,0,0,0,0,0,0,0,231,0,3,15,0,0,0,0,3,0,0,1,0,0,0,0,3338,890,261,874,466,26,30,270,35,0,16,183,6,305,0,59,1176,434,440,706,124,22,0,30,97,2,4,88,25,3,0
0,22,0,242,133,0,0,0,0,0,0,0,0,0,0,0,0,436,0,0,128,5,153,0,22,0,0,0,0,0,0,0,0,12,75,25,57,0,0,0,0,0,2,0,0,0,0,4,19,294,240,228,307,32,285,8,20,0,0,0,0,0,0,0,0,22,22,14,38,0,12,0,0,0,0,8,0,0,0,0,0,15,114,0,7,0,0,0,13,0,0,0,0,0,0,0,0,545,24,81,55,173,53,13,13,0,0,0,0,0,0,0,0,62,53,0,83,0,0,0,9,0,0,0,0,0,0,0,9,266,7,1,36,2,0,0,0,0,3,0,0,0,0,0,0,0,4,0,0,0,0,0,0,0,0,0,0,0,0,0,0,712,155,0,3,0,0,0,2,0,0,0,0,0,0,0,0,256,477,2,151,0,0,0,49,0,0,0,8,0,8,0,0,0,0,0,0,0,0,0,0,0,0,0,0,0,0,0,1,15,1,26,34,0,0,0,26,6,10,0,90,0,0,0,0,159,12,6,54,0,1,0,0,2,2,0,6,14,0,0,5,0,13,0,0,0,0,0,0,7,0,0,0,0,0,0,0,441,20,0,31,0,5,0,0,6,0,0,1,0,0,0,0,19,18,0,35,0,0,0,1,23,1,0,0,0,1,0,9,55,22,10,89,8,0,0,1,0,0,0,0,17,0,0,0,3,1,3,0,1,1,0,0,0,0,0,0,0,0,0,0,4,168,101,57,0,0,0,0,0,6,0,0,0,0,0,0,8,1,1,115,11,65,2,14,16,0,0,0,0,0,0,0,140,44,2,121,0,0,0,5,0,0,0,0,0,0,0,0,9,0,0,3,0,0,0,0,0,0,0,0,13,0,0,0,36,4,2,36,0,0,10,6,0,0,0,4,0,0,0,64,24,1,0,19,0,0,0,109,0,0,0,1,0,0,0,2,35,8,0,10,1,0,0,0,0,1,0,0,0,0,0,0,0,0,0,17,0,0,0,0,0,0,0,0,0,0,0,0,0,0,0,0,0,0,0,2,0,0,0,0,0,0,2,0,39,39,16,156,0,0,0,0,0,0,0,6,0,0,0,0,32,987,27,56,0,13,0,4,0,0,0,0,0,0,0,0,131,0,1,36,113,0,0,0,0,0,0,0,0,0,0,0,0,0,10,304,0,0,0,128,0,0,0,0,0,0,0,0,143,70,0,95,0,0,0,0,0,0,0,0,0,0,0,0,297,33,0,37,19,0,0,0,0,0,0,0,0,0,0,0,25,3,0,16,0,0,1,0,8,0,0,12,0,0,0,0,634,22,22,69,11,14,0,3,200,0,0,39,0,0,0,0,57,7,0,197,36,0,0,2,0,4,0,0,0,0,0,109,1,0,21,18,1,0,0,4,0,0,0,0,0,0,0,0,11,0,0,4,0,0,0,3,0,0,0,0,0,0,0,0,1997,980,454,1290,36,14,13,418,220,0,0,53,2,35,0,168,291,12,125,93,0,0,4,2,1,0,0,6,0,0,0,2,2737,584,696,1671,500,112,464,192,41,504,66,270,0,0,0,4,198,11,6,204,183,10,17,25,0,0,2,11,0,0,0,0,4521,881,1855,2447,410,134,212,76,424,5,163,0,342,3,0,260,4360,2194,2324,6472,367,5,576,1028,33,20,379,272,376,0,0,5,0,16,3,4,0,0,0,6,2,0,0,0,0,0,0,0,753,34,12,115,19,1,0,22,1,0,0,2,0,0,0,0,371,6,8,30,184,3,3,4,5,1,13,13,4,2,0,10,1350,1292,535,417,501,183,6,5,13,2,12,5,5,0,2,0,755,14,19,574,173,282,2,121,11,158,2,8,57,37,0,5,119,74,2,251,29,0,0,17,0,2,0,41,16,1,0,8,545,23,4,223,0,17,0,0,0,0,0,0,0,3,0,0,0,0,0,0,14,0,0,0,0,0,0,0,0,0,0,0,0,111,12,16,0,0,0,0,0,0,0,0,0,0,0,0,5924,2800,1757,6757,186,47,8,817,62,3,54,123,496,171,0,830,1359,433,123,1430,2,20,11,262,21,0,0,195,101,7,1,56,1943,878,1149,2968,287,5,14,1214,133,17,3,362,124,63,6,237,462,16,0,134,0,0,0,0,0,0,0,0,0,6,0,11,5722,2689,1731,7117,292,0,3,340,621,216,476,720,213,64,37,158,0,0,3,26,0,163,0,5,0,0,0,0,0,0,0,0,231,0,3,15,0,0,0,0,3,0,0,1,0,0,0,0,3338,890,261,874,466,26,30,270,35,0,16,183,6,305,0,59,1176,434,440,706,124,22,0,30,97,2,4,88,25,3,0
0,22,0,242,133,0,0,0,0,0,0,0,0,0,0,0,0,436,0,0,128,5,153,0,22,0,0,0,0,0,0,0,0,12,75,25,57,0,0,0,0,0,2,0,0,0,0,4,19,294,240,228,307,32,285,8,20,0,0,0,0,0,0,0,0,22,22,14,38,0,12,0,0,0,0,8,0,0,0,0,0,15,114,0,7,0,0,0,13,0,0,0,0,0,0,0,0,545,24,81,55,173,53,13,13,0,0,0,0,0,0,0,0,62,53,0,83,0,0,0,9,0,0,0,0,0,0,0,9,265,7,1,36,2,0,0,0,0,3,0,0,0,0,0,0,0,4,0,0,0,0,0,0,0,0,0,0,0,0,0,0,712,155,0,3,0,0,0,2,0,0,0,0,0,0,0,0,256,477,2,151,0,0,0,49,0,0,0,8,0,8,0,0,0,0,0,0,0,0,0,0,0,0,0,0,0,0,0,1,15,1,26,34,0,0,0,26,6,10,0,90,0,0,0,0,159,12,6,54,0,1,0,0,2,2,0,6,14,0,0,5,0,13,0,0,0,0,0,0,7,0,0,0,0,0,0,0,441,20,0,31,0,5,0,0,6,0,0,1,0,0,0,0,19,18,0,35,0,0,0,1,23,1,0,0,0,1,0,9,55,22,10,89,8,0,0,1,0,0,0,0,17,0,0,0,3,1,3,0,1,1,0,0,0,0,0,0,0,0,0,0,4,168,101,57,0,0,0,0,0,6,0,0,0,0,0,0,8,1,1,115,11,65,2,14,16,0,0,0,0,0,0,0,140,44,2,121,0,0,0,5,0,0,0,0,0,0,0,0,9,0,0,3,0,0,0,0,0,0,0,0,13,0,0,0,36,4,2,36,0,0,10,6,0,0,0,4,0,0,0,64,24,1,0,19,0,0,0,109,0,0,0,1,0,0,0,2,35,8,0,10,1,0,0,0,0,1,0,0,0,0,0,0,0,0,0,17,0,0,0,0,0,0,0,0,0,0,0,0,0,0,0,0,0,0,0,2,0,0,0,0,0,0,2,0,39,39,16,156,0,0,0,0,0,0,0,6,0,0,0,0,32,987,27,56,0,13,0,4,0,0,0,0,0,0,0,0,131,0,1,36,113,0,0,0,0,0,0,0,0,0,0,0,0,0,10,304,0,0,0,128,0,0,0,0,0,0,0,0,143,70,0,95,0,0,0,0,0,0,0,0,0,0,0,0,297,33,0,37,19,0,0,0,0,0,0,0,0,0,0,0,25,3,0,16,0,0,1,0,8,0,0,12,0,0,0,0,634,22,22,69,11,14,0,3,200,0,0,39,0,0,0,0,57,7,0,197,36,0,0,2,0,4,0,0,0,0,0,109,1,0,21,18,1,0,0,4,0,0,0,0,0,0,0,0,11,0,0,4,0,0,0,3,0,0,0,0,0,0,0,0,1997,980,454,1290,36,14,13,418,220,0,0,53,2,35,0,168,291,12,125,93,0,0,4,2,1,0,0,6,0,0,0,2,2737,584,696,1671,500,112,464,192,41,504,66,270,0,0,0,4,198,11,6,204,183,10,17,25,0,0,2,11,0,0,0,0,4523,881,1855,2447,410,134,212,76,424,5,163,0,342,3,0,260,4361,2193,2323,6469,367,5,575,1028,33,20,379,271,376,0,0,5,0,16,3,4,0,0,0,6,2,0,0,0,0,0,0,0,753,34,12,115,19,1,0,22,1,0,0,2,0,0,0,0,371,6,8,30,184,3,3,4,5,1,13,13,4,2,0,10,1350,1292,535,417,501,183,6,5,13,2,12,5,5,0,2,0,755,14,19,574,173,282,2,121,11,158,2,8,57,37,0,5,119,74,2,251,29,0,0,17,0,2,0,41,16,1,0,8,545,23,4,223,0,17,0,0,0,0,0,0,0,3,0,0,0,0,0,0,14,0,0,0,0,0,0,0,0,0,0,0,0,111,12,16,0,0,0,0,0,0,0,0,0,0,0,0,5924,2800,1757,6757,186,47,8,817,62,3,54,123,496,171,0,830,1359,433,123,1430,2,20,11,262,21,0,0,195,101,7,1,56,1943,876,1149,2968,287,5,14,1214,133,17,3,360,124,63,6,237,462,16,0,134,0,0,0,0,0,0,0,0,0,6,0,11,5724,2689,1731,7113,292,0,3,340,620,216,475,720,213,64,37,158,0,0,3,26,0,162,0,5,0,0,0,0,0,0,0,0,231,0,3,15,0,0,0,0,3,0,0,1,0,0,0,0,3338,890,261,874,466,26,30,270,35,0,16,183,6,305,0,59,1176,434,440,706,124,22,0,30,97,2,4,88,25,3,0
0,22,0,242,133,0,0,0,0,0,0,0,0,0,0,0,0,436,0,0,128,5,153,0,23,0,0,0,0,0,0,0,0,12,75,25,57,0,0,0,0,0,2,0,0,0,0,4,19,294,240,228,307,32,285,8,20,0,0,0,0,0,0,0,0,22,22,14,38,0,12,0,0,0,0,8,0,0,0,0,0,15,114,0,7,0,0,0,13,0,0,0,0,0,0,0,0,546,24,81,56,173,53,13,13,0,0,0,0,0,0,0,0,62,53,0,83,0,0,0,9,0,0,0,0,0,0,0,9,265,7,1,36,2,0,0,0,0,3,0,0,0,0,0,0,0,4,0,0,0,0,0,0,0,0,0,0,0,0,0,0,712,155,0,3,0,0,0,2,0,0,0,0,0,0,0,0,256,477,2,151,0,0,0,49,0,0,0,8,0,8,0,0,0,0,0,0,0,0,0,0,0,0,0,0,0,0,0,1,15,1,26,34,0,0,0,26,6,10,0,90,0,0,0,0,159,12,6,54,0,1,0,0,2,2,0,6,14,0,0,5,0,13,0,0,0,0,0,0,7,0,0,0,0,0,0,0,441,20,0,31,0,5,0,0,6,0,0,1,0,0,0,0,19,18,0,35,0,0,0,1,23,1,0,0,0,1,0,9,55,22,10,89,8,0,0,1,0,0,0,0,17,0,0,0,3,1,3,0,1,1,0,0,0,0,0,0,0,0,0,0,4,168,101,57,0,0,0,0,0,6,0,0,0,0,0,0,8,1,1,115,11,65,2,14,16,0,0,0,0,0,0,0,140,44,2,121,0,0,0,5,0,0,0,0,0,0,0,0,9,0,0,3,0,0,0,0,0,0,0,0,13,0,0,0,36,4,2,36,0,0,10,6,0,0,0,4,0,0,0,64,24,1,0,19,0,0,0,109,0,0,0,1,0,0,0,2,35,8,0,10,1,0,0,0,0,1,0,0,0,0,0,0,0,0,0,17,0,0,0,0,0,0,0,0,0,0,0,0,0,0,0,0,0,0,0,2,0,0,0,0,0,0,2,0,39,39,16,156,0,0,0,0,0,0,0,6,0,0,0,0,32,987,27,56,0,13,0,4,0,0,0,0,0,0,0,0,131,0,1,36,113,0,0,0,0,0,0,0,0,0,0,0,0,0,10,304,0,0,0,128,0,0,0,0,0,0,0,0,143,70,0,95,0,0,0,0,0,0,0,0,0,0,0,0,297,33,0,37,19,0,0,0,0,0,0,0,0,0,0,0,25,3,0,16,0,0,1,0,8,0,0,12,0,0,0,0,634,22,22,69,11,14,0,3,200,0,0,39,0,0,0,0,57,7,0,197,36,0,0,2,0,4,0,0,0,0,0,109,1,0,21,18,1,0,0,4,0,0,0,0,0,0,0,0,11,0,0,4,0,0,0,3,0,0,0,0,0,0,0,0,1997,980,454,1290,36,14,13,418,220,0,0,53,2,35,0,168,291,12,125,93,0,0,4,2,1,0,0,6,0,0,0,2,2737,584,696,1672,500,112,464,192,41,504,66,270,0,0,0,4,198,11,6,204,183,10,17,25,0,0,2,11,0,0,0,0,4521,881,1855,2449,410,134,212,76,424,5,163,0,342,3,0,260,4360,2192,2323,6470,367,5,575,1028,33,20,379,271,376,0,0,5,0,16,3,4,0,0,0,6,2,0,0,0,0,0,0,0,753,34,12,115,19,1,0,22,1,0,0,2,0,0,0,0,371,6,8,30,184,3,3,4,5,1,13,13,4,2,0,10,1350,1292,535,417,501,183,6,5,13,2,12,5,5,0,2,0,755,14,19,574,173,282,2,121,11,158,2,8,57,37,0,5,119,74,2,251,29,0,0,17,0,2,0,41,16,1,0,8,545,23,4,223,0,17,0,0,0,0,0,0,0,3,0,0,0,0,0,0,14,0,0,0,0,0,0,0,0,0,0,0,0,111,12,16,0,0,0,0,0,0,0,0,0,0,0,0,5924,2800,1757,6757,186,47,8,817,62,3,54,123,496,171,0,830,1359,433,123,1430,2,20,11,262,21,0,0,195,101,7,1,56,1943,876,1149,2969,287,5,14,1214,133,17,3,360,124,63,6,237,462,16,0,134,0,0,0,0,0,0,0,0,0,6,0,11,5722,2689,1731,7115,292,0,3,340,620,216,475,720,213,64,37,158,0,0,3,26,0,162,0,5,0,0,0,0,0,0,0,0,231,0,3,15,0,0,0,0,3,0,0,1,0,0,0,0,3338,890,261,874,466,26,30,270,35,0,16,183,6,305,0,59,1176,434,440,706,124,22,0,30,97,2,4,88,25,3,0
0,22,0,242,133,0,0,0,0,0,0,0,0,0,0,0,0,436,0,0,128,5,153,0,22,0,0,0,0,0,0,0,0,12,75,25,57,0,0,0,0,0,2,0,0,0,0,4,19,294,240,228,307,32,285,8,20,0,0,0,0,0,0,0,0,22,22,14,38,0,12,0,0,0,0,8,0,0,0,0,0,15,114,0,7,0,0,0,13,0,0,0,0,0,0,0,0,545,24,81,55,173,53,13,13,0,0,0,0,0,0,0,0,62,53,0,83,0,0,0,9,0,0,0,0,0,0,0,9,265,7,1,36,2,0,0,0,0,3,0,0,0,0,0,0,0,4,0,0,0,0,0,0,0,0,0,0,0,0,0,0,712,155,0,3,0,0,0,2,0,0,0,0,0,0,0,0,256,477,2,151,0,0,0,49,0,0,0,8,0,8,0,0,0,0,0,0,0,0,0,0,0,0,0,0,0,0,0,1,15,1,26,34,0,0,0,26,6,10,0,90,0,0,0,0,159,12,6,54,0,1,0,0,2,2,0,6,14,0,0,5,0,13,0,0,0,0,0,0,7,0,0,0,0,0,0,0,441,20,0,31,0,5,0,0,6,0,0,1,0,0,0,0,19,18,0,35,0,0,0,1,23,1,0,0,0,1,0,9,55,22,10,89,8,0,0,1,0,0,0,0,17,0,0,0,3,1,3,0,1,1,0,0,0,0,0,0,0,0,0,0,4,168,101,57,0,0,0,0,0,6,0,0,0,0,0,0,8,1,1,115,11,65,2,14,16,0,0,0,0,0,0,0,140,44,2,121,0,0,0,5,0,0,0,0,0,0,0,0,9,0,0,3,0,0,0,0,0,0,0,0,13,0,0,0,36,4,2,36,0,0,10,6,0,0,0,4,0,0,0,64,24,1,0,19,0,0,0,109,0,0,0,1,0,0,0,2,35,8,0,10,1,0,0,0,0,1,0,0,0,0,0,0,0,0,0,17,0,0,0,0,0,0,0,0,0,0,0,0,0,0,0,0,0,0,0,2,0,0,0,0,0,0,2,0,39,39,16,156,0,0,0,0,0,0,0,6,0,0,0,0,32,987,27,56,0,13,0,4,0,0,0,0,0,0,0,0,131,0,1,36,113,0,0,0,0,0,0,0,0,0,0,0,0,0,10,304,0,0,0,128,0,0,0,0,0,0,0,0,143,70,0,95,0,0,0,0,0,0,0,0,0,0,0,0,297,33,0,37,19,0,0,0,0,0,0,0,0,0,0,0,25,3,0,16,0,0,1,0,8,0,0,12,0,0,0,0,634,22,22,69,11,14,0,3,200,0,0,39,0,0,0,0,57,7,0,197,36,0,0,2,0,4,0,0,0,0,0,109,1,0,21,18,1,0,0,4,0,0,0,0,0,0,0,0,11,0,0,4,0,0,0,3,0,0,0,0,0,0,0,0,1997,980,454,1290,36,14,13,418,220,0,0,53,2,35,0,168,291,12,125,93,0,0,4,2,1,0,0,6,0,0,0,2,2737,584,696,1671,500,112,464,192,41,504,66,270,0,0,0,4,198,11,6,204,183,10,17,25,0,0,2,11,0,0,0,0,4521,881,1855,2447,410,134,212,76,424,5,163,0,342,3,0,260,4360,2192,2323,6469,367,5,575,1028,33,20,379,271,376,0,0,5,0,16,3,4,0,0,0,6,2,0,0,0,0,0,0,0,753,34,12,115,19,1,0,22,1,0,0,2,0,0,0,0,371,6,8,30,184,3,3,4,5,1,13,13,4,2,0,10,1350,1292,535,417,501,183,6,5,13,2,12,5,5,0,2,0,755,14,19,574,173,282,2,121,11,158,2,8,57,37,0,5,119,74,2,251,29,0,0,17,0,2,0,41,16,1,0,8,545,23,4,223,0,17,0,0,0,0,0,0,0,3,0,0,0,0,0,0,14,0,0,0,0,0,0,0,0,0,0,0,0,111,12,16,0,0,0,0,0,0,0,0,0,0,0,0,5924,2800,1757,6757,186,47,8,817,62,3,54,123,496,171,0,830,1359,433,123,1430,2,20,11,262,21,0,0,195,101,7,1,56,1943,876,1149,2968,287,5,14,1214,133,17,3,360,124,63,6,237,462,16,0,134,0,0,0,0,0,0,0,0,0,6,0,11,5722,2689,1731,7113,292,0,3,340,620,216,475,720,213,64,37,158,0,0,3,26,0,162,0,5,0,0,0,0,0,0,0,0,231,0,3,15,0,0,0,0,3,0,0,1,0,0,0,0,3338,890,261,874,466,26,30,270,35,0,16,183,6,305,0,59,1176,434,440,706,124,22,0,30,97,2,4,88,25,3,0
0,22,0,242,133,0,0,0,0,0,0,0,0,0,0,0,0,436,0,0,128,5,153,0,22,0,0,0,0,0,0,0,0,12,75,25,57,0,0,0,0,0,2,0,0,0,0,4,19,294,240,228,307,32,285,8,20,0,0,0,0,0,0,0,0,22,22,14,38,0,12,0,0,0,0,8,0,0,0,0,0,15,114,0,7,0,0,0,13,0,0,0,0,0,0,0,0,545,24,81,55,173,53,13,13,0,0,0,0,0,0,0,0,62,53,0,83,0,0,0,9,0,0,0,0,0,0,0,9,265,7,1,36,2,0,0,0,0,3,0,0,0,0,0,0,0,4,0,0,0,0,0,0,0,0,0,0,0,0,0,0,712,155,0,3,0,0,0,2,0,0,0,0,0,0,0,0,256,477,2,151,0,0,0,49,0,0,0,8,0,8,0,0,0,0,0,0,0,0,0,0,0,0,0,0,0,0,0,1,15,1,26,34,0,0,0,26,6,10,0,90,0,0,0,0,159,12,6,54,0,1,0,0,2,2,0,6,14,0,0,5,0,13,0,0,0,0,0,0,7,0,0,0,0,0,0,0,441,20,0,31,0,5,0,0,6,0,0,1,0,0,0,0,19,18,0,35,0,0,0,1,23,1,0,0,0,1,0,9,55,22,10,89,8,0,0,1,0,0,0,0,17,0,0,0,3,1,3,0,1,1,0,0,0,0,0,0,0,0,0,0,4,168,101,57,0,0,0,0,0,6,0,0,0,0,0,0,8,1,1,115,11,65,2,14,16,0,0,0,0,0,0,0,140,44,2,121,0,0,0,5,0,0,0,0,0,0,0,0,9,0,0,3,0,0,0,0,0,0,0,0,13,0,0,0,36,4,2,36,0,0,10,6,0,0,0,4,0,0,0,64,24,1,0,19,0,0,0,109,0,0,0,1,0,0,0,2,35,8,0,10,1,0,0,0,0,1,0,0,0,0,0,0,0,0,0,17,0,0,0,0,0,0,0,0,0,0,0,0,0,0,0,0,0,0,0,2,0,0,0,0,0,0,2,0,39,39,16,156,0,0,0,0,0,0,0,6,0,0,0,0,32,987,27,56,0,13,0,4,0,0,0,0,0,0,0,0,131,0,1,36,113,0,0,0,0,0,0,0,0,0,0,0,0,0,10,304,0,0,0,128,0,0,0,0,0,0,0,0,143,70,0,95,0,0,0,0,0,0,0,0,0,0,0,0,297,33,0,37,19,0,0,0,0,0,0,0,0,0,0,0,25,3,0,16,0,0,1,0,8,0,0,12,0,0,0,0,634,22,22,70,11,14,0,3,200,0,0,39,0,0,0,0,57,7,0,197,36,0,0,2,0,4,0,0,0,0,0,109,1,0,21,18,1,0,0,4,0,0,0,0,0,0,0,0,11,0,0,4,0,0,0,3,0,0,0,0,0,0,0,0,1997,980,454,1290,36,14,13,418,220,0,0,53,2,35,0,168,291,12,125,93,0,0,4,2,1,0,0,6,0,0,0,2,2737,584,696,1671,500,112,464,192,41,504,66,270,0,0,0,4,198,11,6,204,183,10,17,25,0,0,2,11,0,0,0,0,4521,881,1855,2447,410,134,212,76,424,5,163,0,342,3,0,260,4360,2192,2323,6469,367,5,575,1028,33,20,379,271,376,0,0,5,0,16,3,4,0,0,0,6,2,0,0,0,0,0,0,0,753,34,12,115,19,1,0,22,1,0,0,2,0,0,0,0,371,6,8,30,184,3,3,4,5,1,13,13,4,2,0,10,1350,1292,535,417,501,183,6,5,13,2,12,5,5,0,2,0,755,14,19,574,173,282,2,121,12,158,2,8,57,37,0,5,119,74,2,251,29,0,0,17,0,2,0,41,16,1,0,8,545,23,4,223,0,17,0,0,0,0,0,0,0,3,0,0,0,0,0,0,14,0,0,0,0,0,0,0,0,0,0,0,0,111,12,16,0,0,0,0,0,0,0,0,0,0,0,0,5924,2800,1757,6757,186,47,8,817,62,3,54,123,496,171,0,830,1361,434,123,1431,2,20,12,262,21,0,0,195,101,7,1,56,1943,876,1149,2968,287,5,14,1214,133,17,3,360,124,63,6,237,463,16,0,134,0,0,0,0,0,0,0,0,0,6,0,11,5722,2689,1731,7113,292,0,3,340,620,216,475,720,213,64,37,158,0,0,3,26,0,162,0,5,0,0,0,0,0,0,0,0,231,0,3,15,0,0,0,0,3,0,0,1,0,0,0,0,3338,890,261,874,466,26,30,270,35,0,16,183,6,305,0,59,1176,434,440,706,124,22,0,30,97,2,4,88,25,3,0
0,22,0,242,133,0,0,0,0,0,0,0,0,0,0,0,0,436,0,0,128,5,153,0,22,0,0,0,0,0,0,0,0,12,75,25,57,0,0,0,0,0,2,0,0,0,0,4,19,294,240,228,307,32,285,8,20,0,0,0,0,0,0,0,0,22,22,14,38,0,12,0,0,0,0,8,0,0,0,0,0,15,114,0,7,0,0,0,13,0,0,0,0,0,0,0,0,545,24,81,55,173,53,13,13,0,0,0,0,0,0,0,0,62,53,0,83,0,0,0,9,0,0,0,0,0,0,0,9,265,7,1,36,2,0,0,0,0,3,0,0,0,0,0,0,0,4,0,0,0,0,0,0,0,0,0,0,0,0,0,0,712,155,0,3,0,0,0,2,0,0,0,0,0,0,0,0,256,477,2,151,0,0,0,49,0,0,0,8,0,8,0,0,0,0,0,0,0,0,0,0,0,0,0,0,0,0,0,1,15,1,26,34,0,0,0,26,6,10,0,90,0,0,0,0,159,12,6,54,0,1,0,0,2,2,0,6,14,0,0,5,0,13,0,0,0,0,0,0,7,0,0,0,0,0,0,0,441,20,0,31,0,5,0,0,6,0,0,1,0,0,0,0,19,18,0,35,0,0,0,1,23,1,0,0,0,1,0,9,55,22,10,89,8,0,0,1,0,0,0,0,17,0,0,0,3,1,3,0,1,1,0,0,0,0,0,0,0,0,0,0,4,168,101,57,0,0,0,0,0,6,0,0,0,0,0,0,8,1,1,115,11,65,2,14,16,0,0,0,0,0,0,0,140,44,2,121,0,0,0,5,0,0,0,0,0,0,0,0,9,0,0,3,0,0,0,0,0,0,0,0,13,0,0,0,36,4,2,36,0,0,10,6,0,0,0,4,0,0,0,64,24,1,0,19,0,0,0,109,0,0,0,1,0,0,0,2,35,8,0,10,1,0,0,0,0,1,0,0,0,0,0,0,0,0,0,17,0,0,0,0,0,0,0,0,0,0,0,0,0,0,0,0,0,0,0,2,0,0,0,0,0,0,2,0,39,39,16,156,0,0,0,0,0,0,0,6,0,0,0,0,32,987,27,56,0,13,0,4,0,0,0,0,0,0,0,0,131,0,1,36,113,0,0,0,0,0,0,0,0,0,0,0,0,0,10,304,0,0,0,128,0,0,0,0,0,0,0,0,143,70,0,95,0,0,0,0,0,0,0,0,0,0,0,0,297,33,0,37,19,0,0,0,0,0,0,0,0,0,0,0,25,3,0,16,0,0,1,0,8,0,0,12,0,0,0,0,634,22,22,69,11,14,0,3,200,0,0,39,0,0,0,0,57,7,0,197,36,0,0,2,0,4,0,0,0,0,0,109,1,0,21,18,1,0,0,4,0,0,0,0,0,0,0,0,11,0,0,4,0,0,0,3,0,0,0,0,0,0,0,0,1997,980,454,1290,36,14,13,418,220,0,0,53,2,35,0,168,291,12,125,93,0,0,4,2,1,0,0,6,0,0,0,2,2737,584,696,1671,500,112,464,192,41,504,66,270,0,0,0,4,198,11,6,204,183,10,17,25,0,0,2,11,0,0,0,0,4521,881,1855,2447,410,134,212,76,424,5,163,0,342,3,0,260,4360,2192,2323,6469,367,5,575,1028,33,20,379,271,376,0,0,5,0,16,3,4,0,0,0,6,2,0,0,0,0,0,0,0,753,34,12,115,19,1,0,22,1,0,0,2,0,0,0,0,371,6,8,30,184,3,3,4,5,1,13,13,4,2,0,10,1350,1292,535,417,501,183,6,5,13,2,12,5,5,0,2,0,755,14,19,574,173,282,2,121,11,158,2,8,57,37,0,5,119,74,2,251,29,0,0,17,0,2,0,41,16,1,0,8,545,23,4,223,0,17,0,0,0,0,0,0,0,3,0,0,0,0,0,0,14,0,0,0,0,0,0,0,0,0,0,0,0,111,12,16,0,0,0,0,0,0,0,0,0,0,0,0,5924,2800,1757,6757,186,47,8,817,62,3,54,123,496,171,0,830,1359,433,123,1430,2,20,11,262,21,0,0,195,101,7,1,56,1943,876,1149,2968,287,5,14,1214,133,17,3,360,124,63,6,237,462,16,0,134,0,0,0,0,0,0,0,0,0,6,0,11,5722,2689,1731,7113,292,0,3,340,620,216,475,720,213,64,37,158,0,0,3,26,0,162,0,5,0,0,0,0,0,0,0,0,231,0,3,15,0,0,0,0,3,0,0,1,0,0,0,0,3338,890,261,874,466,26,30,270,35,0,16,183,6,305,0,59,1176,434,440,706,124,22,0,30,97,2,4,88,25,3,0
0,22,0,242,133,0,0,0,0,0,0,0,0,0,0,0,0,436,0,0,128,5,153,0,22,0,0,0,0,0,0,0,0,12,75,25,57,0,0,0,0,0,2,0,0,0,0,4,19,294,240,228,307,32,285,8,20,0,0,0,0,0,0,0,0,22,22,14,38,0,12,0,0,0,0,8,0,0,0,0,0,15,114,0,7,0,0,0,13,0,0,0,0,0,0,0,0,545,24,81,55,173,53,13,13,0,0,0,0,0,0,0,0,62,53,0,83,0,0,0,9,0,0,0,0,0,0,0,9,265,7,1,36,2,0,0,0,0,3,0,0,0,0,0,0,0,4,0,0,0,0,0,0,0,0,0,0,0,0,0,0,712,155,0,3,0,0,0,2,0,0,0,0,0,0,0,0,256,477,2,151,0,0,0,49,0,0,0,8,0,8,0,0,0,0,0,0,0,0,0,0,0,0,0,0,0,0,0,1,15,1,26,34,0,0,0,26,6,10,0,90,0,0,0,0,159,12,6,54,0,1,0,0,2,2,0,6,14,0,0,5,0,13,0,0,0,0,0,0,7,0,0,0,0,0,0,0,441,20,0,31,0,5,0,0,6,0,0,1,0,0,0,0,19,18,0,35,0,0,0,1,23,1,0,0,0,1,0,9,55,22,10,89,8,0,0,1,0,0,0,0,17,0,0,0,3,1,3,0,1,1,0,0,0,0,0,0,0,0,0,0,4,168,101,57,0,0,0,0,0,6,0,0,0,0,0,0,8,1,1,115,11,65,2,14,16,0,0,0,0,0,0,0,140,44,2,121,0,0,0,5,0,0,0,0,0,0,0,0,9,0,0,3,0,0,0,0,0,0,0,0,13,0,0,0,36,4,2,36,0,0,10,6,0,0,0,4,0,0,0,64,24,1,0,19,0,0,0,109,0,0,0,1,0,0,0,2,35,8,0,10,1,0,0,0,0,1,0,0,0,0,0,0,0,0,0,17,0,0,0,0,0,0,0,0,0,0,0,0,0,0,0,0,0,0,0,2,0,0,0,0,0,0,2,0,39,39,16,156,0,0,0,0,0,0,0,6,0,0,0,0,32,987,27,56,0,13,0,4,0,0,0,0,0,0,0,0,131,0,1,36,113,0,0,0,0,0,0,0,0,0,0,0,0,0,10,304,0,0,0,128,0,0,0,0,0,0,0,0,143,70,0,95,0,0,0,0,0,0,0,0,0,0,0,0,297,33,0,37,19,0,0,0,0,0,0,0,0,0,0,0,25,3,0,16,0,0,1,0,8,0,0,12,0,0,0,0,634,22,22,69,11,14,0,3,200,0,0,39,0,0,0,0,57,7,0,197,36,0,0,2,0,4,0,0,0,0,0,109,1,0,21,18,1,0,0,4,0,0,0,0,0,0,0,0,11,0,0,4,0,0,0,3,0,0,0,0,0,0,0,0,1997,980,454,1290,36,14,13,418,220,0,0,53,2,35,0,168,291,12,125,93,0,0,4,2,1,0,0,6,0,0,0,2,2737,584,696,1671,500,112,464,192,41,504,66,270,0,0,0,4,198,11,6,204,183,10,17,25,0,0,2,11,0,0,0,0,4523,881,1855,2447,410,134,212,76,424,5,163,0,342,3,0,260,4361,2193,2323,6469,367,5,575,1028,33,20,379,271,376,0,0,5,0,16,3,4,0,0,0,6,2,0,0,0,0,0,0,0,753,34,12,115,19,1,0,22,1,0,0,2,0,0,0,0,371,6,8,30,184,3,3,4,5,1,13,13,4,2,0,10,1350,1292,535,417,501,183,6,5,13,2,12,5,5,0,2,0,755,14,19,574,173,282,2,121,11,158,2,8,57,37,0,5,119,74,2,251,29,0,0,17,0,2,0,41,16,1,0,8,545,23,4,223,0,17,0,0,0,0,0,0,0,3,0,0,0,0,0,0,14,0,0,0,0,0,0,0,0,0,0,0,0,111,12,16,0,0,0,0,0,0,0,0,0,0,0,0,5924,2800,1757,6757,186,47,8,817,62,3,54,123,496,171,0,830,1359,433,123,1430,2,20,11,262,21,0,0,195,101,7,1,56,1943,876,1149,2968,287,5,14,1214,133,17,3,360,124,63,6,237,462,16,0,134,0,0,0,0,0,0,0,0,0,6,0,11,5724,2689,1731,7113,292,0,3,340,620,216,475,720,213,64,37,158,0,0,3,26,0,162,0,5,0,0,0,0,0,0,0,0,231,0,3,15,0,0,0,0,3,0,0,1,0,0,0,0,3338,890,261,874,466,26,30,270,35,0,16,183,6,305,0,59,1176,434,440,706,124,22,0,30,97,2,4,88,25,3,0
0,22,0,242,133,0,0,0,0,0,0,0,0,0,0,0,0,436,0,0,128,5,153,0,22,0,0,0,0,0,0,0,0,12,75,25,57,0,0,0,0,0,2,0,0,0,0,4,19,294,240,228,307,32,285,8,20,0,0,0,0,0,0,0,0,22,22,14,38,0,12,0,0,0,0,8,0,0,0,0,0,15,114,0,7,0,0,0,13,0,0,0,0,0,0,0,0,545,24,81,55,173,53,13,13,0,0,0,0,0,0,0,0,62,53,0,83,0,0,0,9,0,0,0,0,0,0,0,9,265,7,1,36,2,0,0,0,0,3,0,0,0,0,0,0,0,4,0,0,0,0,0,0,0,0,0,0,0,0,0,0,712,155,0,3,0,0,0,2,0,0,0,0,0,0,0,0,256,477,2,151,0,0,0,49,0,0,0,8,0,8,0,0,0,0,0,0,0,0,0,0,0,0,0,0,0,0,0,1,15,1,26,34,0,0,0,26,6,10,0,90,0,0,0,0,159,12,6,54,0,1,0,0,2,2,0,6,14,0,0,5,0,13,0,0,0,0,0,0,7,0,0,0,0,0,0,0,441,20,0,31,0,5,0,0,6,0,0,1,0,0,0,0,19,18,0,35,0,0,0,1,23,1,0,0,0,1,0,9,55,22,10,89,8,0,0,1,0,0,0,0,17,0,0,0,3,1,3,0,1,1,0,0,0,0,0,0,0,0,0,0,4,168,101,57,0,0,0,0,0,6,0,0,0,0,0,0,8,1,1,115,11,65,2,14,16,0,0,0,0,0,0,0,140,44,2,121,0,0,0,5,0,0,0,0,0,0,0,0,9,0,0,3,0,0,0,0,0,0,0,0,13,0,0,0,36,4,2,36,0,0,10,6,0,0,0,4,0,0,0,64,24,1,0,19,0,0,0,109,0,0,0,1,0,0,0,2,35,8,0,10,1,0,0,0,0,1,0,0,0,0,0,0,0,0,0,17,0,0,0,0,0,0,0,0,0,0,0,0,0,0,0,0,0,0,0,2,0,0,0,0,0,0,2,0,39,39,16,156,0,0,0,0,0,0,0,6,0,0,0,0,32,987,27,56,0,13,0,4,0,0,0,0,0,0,0,0,131,0,1,36,113,0,0,0,0,0,0,0,0,0,0,0,0,0,10,304,0,0,0,128,0,0,0,0,0,0,0,0,143,70,0,95,0,0,0,0,0,0,0,0,0,0,0,0,297,33,0,37,19,0,0,0,0,0,0,0,0,0,0,0,25,3,0,16,0,0,1,0,8,0,0,12,0,0,0,0,634,22,22,69,11,14,0,3,200,0,0,39,0,0,0,0,57,7,0,197,36,0,0,2,0,4,0,0,0,0,0,109,1,0,21,18,1,0,0,4,0,0,0,0,0,0,0,0,11,0,0,4,0,0,0,3,0,0,0,0,0,0,0,0,1997,980,454,1290,36,14,13,418,220,0,0,53,2,35,0,168,291,12,125,93,0,0,4,2,1,0,0,6,0,0,0,2,2738,584,696,1671,500,112,464,192,41,504,66,270,0,0,0,4,198,11,6,204,183,10,17,25,0,0,2,11,0,0,0,0,4522,881,1855,2447,410,134,212,76,424,5,163,0,342,3,0,260,4360,2192,2323,6469,367,5,575,1028,33,20,379,271,376,0,0,5,0,16,3,4,0,0,0,6,2,0,0,0,0,0,0,0,753,34,12,115,19,1,0,22,1,0,0,2,0,0,0,0,371,6,8,30,184,3,3,4,5,1,13,13,4,2,0,10,1350,1292,535,417,501,183,6,5,13,2,12,5,5,0,2,0,755,14,19,574,173,282,2,121,11,158,2,8,57,37,0,5,119,74,2,251,29,0,0,17,0,2,0,41,16,1,0,8,545,23,4,223,0,17,0,0,0,0,0,0,0,3,0,0,0,0,0,0,14,0,0,0,0,0,0,0,0,0,0,0,0,111,12,16,0,0,0,0,0,0,0,0,0,0,0,0,5924,2800,1757,6757,186,47,8,817,62,3,54,123,496,171,0,830,1359,433,123,1430,2,20,11,262,21,0,0,195,101,7,1,56,1943,876,1149,2968,287,5,14,1214,133,17,3,360,124,63,6,237,462,16,0,134,0,0,0,0,0,0,0,0,0,6,0,11,5722,2689,1731,7113,292,0,3,340,621,216,475,721,213,64,37,158,0,0,3,26,0,162,0,5,0,0,0,0,0,0,0,0,231,0,3,15,0,0,0,0,3,0,0,1,0,0,0,0,3338,890,261,874,466,26,30,270,35,0,16,183,6,305,0,59,1176,434,440,706,124,22,0,30,97,2,4,88,25,3,0
0,22,0,242,133,0,0,0,0,0,0,0,0,0,0,0,0,436,0,0,128,5,153,0,22,0,0,0,0,0,0,0,0,12,75,25,58,0,0,0,0,0,2,0,0,0,0,4,19,295,240,229,308,32,285,8,20,0,0,0,0,0,0,0,0,22,22,14,38,0,12,0,0,0,0,8,0,0,0,0,0,15,114,0,7,0,0,0,13,0,0,0,0,0,0,0,0,545,25,82,55,173,53,13,13,0,0,0,0,0,0,0,0,62,53,0,83,0,0,0,9,0,0,0,0,0,0,0,9,266,7,1,36,2,0,0,0,0,3,0,0,0,0,0,0,0,4,0,0,0,0,0,0,0,0,0,0,0,0,0,0,712,155,0,3,0,0,0,2,0,0,0,0,0,0,0,0,256,477,2,151,0,0,0,49,0,0,0,8,0,8,0,0,0,0,0,0,0,0,0,0,0,0,0,0,0,0,0,1,15,1,26,35,0,0,0,26,6,10,0,90,0,0,0,0,159,12,6,54,0,1,0,0,2,2,0,6,14,0,0,5,0,13,0,0,0,0,0,0,7,0,0,0,0,0,0,0,441,20,0,31,0,5,0,0,6,0,0,1,0,0,0,0,19,18,0,35,0,0,0,1,23,1,0,0,0,1,0,9,55,22,10,89,8,0,0,1,0,0,0,0,17,0,0,0,3,1,3,0,1,1,0,0,0,0,0,0,0,0,0,0,4,168,101,57,0,0,0,0,0,6,0,0,0,0,0,0,8,1,1,118,11,65,2,14,16,0,0,0,0,0,0,0,140,44,2,121,0,0,0,5,0,0,0,0,0,0,0,0,9,0,0,3,0,0,0,0,0,0,0,0,13,0,0,0,36,4,3,36,0,0,10,6,0,0,0,4,0,0,0,64,24,1,0,19,0,0,0,109,0,0,0,1,0,0,0,2,35,8,0,11,1,0,0,0,0,1,0,0,0,0,0,0,0,0,0,17,0,0,0,0,0,0,0,0,0,0,0,0,0,0,0,0,0,0,0,2,0,0,0,0,0,0,2,0,39,39,16,156,0,0,0,0,0,0,0,6,0,0,0,0,32,987,27,56,0,13,0,4,0,0,0,0,0,0,0,0,131,0,1,36,113,0,0,0,0,0,0,0,0,0,0,0,0,0,10,305,0,0,0,128,0,0,0,0,0,0,0,0,143,70,0,95,0,0,0,0,0,0,0,0,0,0,0,0,297,33,0,37,19,0,0,0,0,0,0,0,0,0,0,0,25,3,0,16,0,0,1,0,8,0,0,12,0,0,0,0,634,22,22,69,11,14,0,3,200,0,0,39,0,0,0,0,57,7,0,197,36,0,0,2,0,4,0,0,0,0,0,109,1,0,21,19,1,0,0,5,0,0,0,0,0,0,0,0,11,0,0,4,0,0,0,3,0,0,0,0,0,0,0,0,1997,980,454,1290,36,14,13,418,220,0,0,53,2,35,0,168,291,12,125,93,0,0,4,2,1,0,0,6,0,0,0,2,2737,584,696,1671,500,112,464,192,41,504,66,270,0,0,0,4,198,11,6,204,183,10,17,25,0,0,2,11,0,0,0,0,4521,881,1855,2447,410,134,212,76,424,5,163,0,342,3,0,260,4360,2192,2323,6469,367,5,575,1028,33,20,379,271,376,0,0,5,0,16,3,4,0,0,0,6,2,0,0,0,0,0,0,0,753,34,12,115,19,1,0,22,1,0,0,2,0,0,0,0,371,6,8,30,184,3,3,4,5,1,13,13,4,2,0,10,1350,1292,535,417,501,183,6,5,13,2,12,5,5,0,2,0,755,14,19,574,173,282,2,121,11,158,2,8,57,37,0,5,119,74,2,251,29,0,0,17,0,2,0,41,16,1,0,8,545,23,4,223,0,17,0,0,0,0,0,0,0,3,0,0,0,0,0,0,14,0,0,0,0,0,0,0,0,0,0,0,0,111,12,16,0,0,0,0,0,0,0,0,0,0,0,0,5924,2800,1757,6757,186,47,8,817,62,3,54,123,496,171,0,830,1359,433,123,1430,2,20,11,262,21,0,0,195,101,7,1,56,1943,876,1149,2969,287,5,14,1214,133,17,3,360,124,63,6,237,462,16,0,134,0,0,0,0,0,0,0,0,0,6,0,11,5722,2689,1731,7113,292,0,3,340,620,216,475,720,213,64,37,158,0,0,3,26,0,162,0,5,0,0,0,0,0,0,0,0,231,0,3,15,0,0,0,0,3,0,0,1,0,0,0,0,3338,890,261,875,466,26,30,270,35,0,16,183,6,305,0,59,1176,434,440,706,124,22,0,30,97,2,4,88,25,3,0
0,22,0,242,133,0,0,0,0,0,0,0,0,0,0,0,0,436,0,0,128,5,153,0,22,0,0,0,0,0,0,0,0,12,75,25,57,0,0,0,0,0,2,0,0,0,0,4,19,294,240,228,308,32,285,8,20,0,0,0,0,0,0,0,0,22,22,14,38,0,12,0,0,0,0,8,0,0,0,0,0,15,114,0,7,0,0,0,13,0,0,0,0,0,0,0,0,545,24,81,55,173,53,13,13,0,0,0,0,0,0,0,0,62,53,0,83,0,0,0,9,0,0,0,0,0,0,0,9,265,7,1,36,2,0,0,0,0,3,0,0,0,0,0,0,0,4,0,0,0,0,0,0,0,0,0,0,0,0,0,0,712,155,0,3,0,0,0,2,0,0,0,0,0,0,0,0,256,477,2,151,0,0,0,50,0,0,0,8,0,8,0,0,0,0,0,0,0,0,0,0,0,0,0,0,0,0,0,1,15,1,26,34,0,0,0,27,6,10,0,90,0,0,0,0,159,12,6,55,0,1,0,0,2,2,0,6,14,0,0,5,0,13,0,0,0,0,0,0,7,0,0,0,0,0,0,0,441,20,0,32,0,5,0,0,6,0,0,1,0,0,0,0,19,18,0,35,0,0,0,1,23,1,0,0,0,1,0,9,55,22,10,89,8,0,0,1,0,0,0,0,17,0,0,0,3,1,3,0,1,1,0,0,0,0,0,0,0,0,0,0,4,168,101,57,0,0,0,0,0,6,0,0,0,0,0,0,8,1,1,115,11,65,2,14,16,0,0,0,0,0,0,0,140,45,2,121,0,0,0,5,0,0,0,0,0,0,0,0,9,0,0,3,0,0,0,0,0,0,0,0,13,0,0,0,36,4,2,36,0,0,10,6,0,0,0,4,0,0,0,64,24,1,0,19,0,0,0,109,0,0,0,1,0,0,0,2,35,8,0,10,1,0,0,0,0,1,0,0,0,0,0,0,0,0,0,17,0,0,0,0,0,0,0,0,0,0,0,0,0,0,0,0,0,0,0,2,0,0,0,0,0,0,2,0,39,40,16,156,0,0,0,0,0,0,0,6,0,0,0,0,32,987,27,56,0,13,0,4,0,0,0,0,0,0,0,0,131,0,1,36,113,0,0,0,0,0,0,0,0,0,0,0,0,0,10,304,0,0,0,128,0,0,0,0,0,0,0,0,143,70,0,95,0,0,0,0,0,0,0,0,0,0,0,0,297,33,0,37,19,0,0,0,0,0,0,0,0,0,0,0,25,3,0,16,0,0,1,0,8,0,0,12,0,0,0,0,634,22,22,69,11,14,0,3,200,0,0,39,0,0,0,0,57,7,0,197,36,0,0,2,0,4,0,0,0,0,0,109,1,0,21,18,1,0,0,4,0,0,0,0,0,0,0,0,11,0,0,4,0,0,0,3,0,0,0,0,0,0,0,0,1997,980,454,1290,36,14,13,418,220,0,0,53,2,35,0,168,291,12,125,93,0,0,4,2,1,0,0,6,0,0,0,2,2738,584,696,1671,500,112,464,193,41,504,66,270,0,0,0,4,198,11,6,204,183,10,17,25,0,0,2,11,0,0,0,0,4521,881,1855,2447,410,134,212,76,424,5,163,0,342,3,0,260,4360,2192,2323,6469,367,5,575,1028,33,20,379,271,376,0,0,5,0,16,3,4,0,0,0,6,2,0,0,0,0,0,0,0,753,34,12,115,19,1,0,22,1,0,0,2,0,0,0,0,371,6,8,30,184,3,3,4,5,1,13,13,4,2,0,10,1350,1292,535,417,501,183,6,5,13,2,12,5,5,0,2,0,755,14,19,574,173,282,2,121,11,158,2,8,57,37,0,5,119,74,2,251,29,0,0,17,0,2,0,41,16,1,0,8,545,23,4,223,0,17,0,0,0,0,0,0,0,3,0,0,0,0,0,0,14,0,0,0,0,0,0,0,0,0,0,0,0,111,12,16,0,0,0,0,0,0,0,0,0,0,0,0,5926,2800,1757,6758,186,47,8,817,62,3,54,123,497,171,0,830,1359,433,123,1430,2,20,11,262,21,0,0,195,101,7,1,56,1943,876,1149,2968,287,5,14,1214,133,17,3,360,124,63,6,237,462,16,0,134,0,0,0,0,0,0,0,0,0,6,0,11,5722,2689,1731,7113,292,0,3,340,620,216,475,720,213,64,37,158,0,0,3,26,0,162,0,5,0,0,0,0,0,0,0,0,231,0,3,15,0,0,0,0,3,0,0,1,0,0,0,0,3338,890,261,874,466,26,30,270,35,0,16,183,6,305,0,59,1176,434,440,706,124,22,0,30,97,2,4,88,25,3,0
0,22,0,242,133,0,0,0,0,0,0,0,0,0,0,0,0,436,0,0,128,5,153,0,22,0,0,0,0,0,0,0,0,12,75,25,57,0,0,0,0,0,2,0,0,0,0,4,19,294,240,228,307,32,285,8,20,0,0,0,0,0,0,0,0,22,22,14,38,0,12,0,0,0,0,8,0,0,0,0,0,15,114,0,7,0,0,0,13,0,0,0,0,0,0,0,0,545,24,81,55,173,53,13,13,0,0,0,0,0,0,0,0,62,53,0,83,0,0,0,9,0,0,0,0,0,0,0,9,265,7,1,36,2,0,0,0,0,3,0,0,0,0,0,0,0,4,0,0,0,0,0,0,0,0,0,0,0,0,0,0,712,155,0,3,0,0,0,2,0,0,0,0,0,0,0,0,256,477,2,151,0,0,0,49,0,0,0,8,0,8,0,0,0,0,0,0,0,0,0,0,0,0,0,0,0,0,0,1,15,1,26,34,0,0,0,26,6,10,0,90,0,0,0,0,159,12,6,54,0,1,0,0,2,2,0,6,14,0,0,5,0,13,0,0,0,0,0,0,7,0,0,0,0,0,0,0,441,20,0,31,0,5,0,0,6,0,0,1,0,0,0,0,19,18,0,35,0,0,0,1,23,1,0,0,0,1,0,9,55,22,10,89,8,0,0,1,0,0,0,0,17,0,0,0,3,1,3,0,1,1,0,0,0,0,0,0,0,0,0,0,4,168,101,57,0,0,0,0,0,6,0,0,0,0,0,0,8,1,1,115,11,65,2,14,16,0,0,0,0,0,0,0,140,44,2,121,0,0,0,5,0,0,0,0,0,0,0,0,9,0,0,3,0,0,0,0,0,0,0,0,13,0,0,0,36,4,2,36,0,0,10,6,0,0,0,4,0,0,0,64,24,1,0,19,0,0,0,109,0,0,0,1,0,0,0,2,35,8,0,10,1,0,0,0,0,1,0,0,0,0,0,0,0,0,0,17,0,0,0,0,0,0,0,0,0,0,0,0,0,0,0,0,0,0,0,2,0,0,0,0,0,0,2,0,39,39,16,156,0,0,0,0,0,0,0,6,0,0,0,0,32,987,27,56,0,13,0,4,0,0,0,0,0,0,0,0,131,0,1,36,113,0,0,0,0,0,0,0,0,0,0,0,0,0,10,304,0,0,0,128,0,0,0,0,0,0,0,0,143,70,0,95,0,0,0,0,0,0,0,0,0,0,0,0,297,33,0,37,19,0,0,0,0,0,0,0,0,0,0,0,25,3,0,16,0,0,1,0,8,0,0,12,0,0,0,0,634,22,22,69,11,14,0,3,200,0,0,39,0,0,0,0,57,7,0,197,36,0,0,2,0,4,0,0,0,0,0,109,1,0,21,18,1,0,0,4,0,0,0,0,0,0,0,0,11,0,0,4,0,0,0,3,0,0,0,0,0,0,0,0,1997,980,454,1290,36,14,13,418,220,0,0,53,2,35,0,168,291,12,125,93,0,0,4,2,1,0,0,6,0,0,0,2,2737,584,696,1671,500,112,464,192,41,504,66,270,0,0,0,4,198,11,6,205,184,10,17,25,0,0,2,11,0,0,0,0,4521,881,1855,2447,410,134,212,76,424,5,163,0,342,3,0,260,4360,2192,2323,6469,367,5,575,1028,33,20,379,271,376,0,0,5,0,16,3,4,0,0,0,6,2,0,0,0,0,0,0,0,753,34,12,115,19,1,0,22,1,0,0,2,0,0,0,0,371,6,8,30,184,3,3,4,5,1,13,13,4,2,0,10,1350,1292,535,417,501,183,6,5,13,2,12,5,5,0,2,0,755,14,19,574,173,282,2,121,11,158,2,8,57,37,0,5,119,74,2,252,29,0,0,17,0,2,0,41,16,1,0,8,545,23,4,224,0,17,0,0,0,0,0,0,0,3,0,0,0,0,0,0,14,0,0,0,0,0,0,0,0,0,0,0,0,111,12,16,0,0,0,0,0,0,0,0,0,0,0,0,5924,2800,1757,6757,186,47,8,817,62,3,54,123,496,171,0,830,1359,433,123,1430,2,20,11,262,21,0,0,195,101,7,1,56,1943,876,1149,2968,287,5,14,1214,133,17,3,360,124,63,6,237,462,16,0,134,0,0,0,0,0,0,0,0,0,6,0,11,5722,2689,1731,7114,292,0,3,340,620,216,475,720,213,64,37,158,0,0,3,26,0,162,0,5,0,0,0,0,0,0,0,0,231,0,3,15,0,0,0,0,3,0,0,1,0,0,0,0,3338,890,261,874,466,26,30,270,35,0,16,183,6,305,0,59,1176,434,440,706,124,22,0,30,97,2,4,88,25,3,0
0,22,0,242,133,0,0,0,0,0,0,0,0,0,0,0,0,436,0,0,128,5,153,0,22,0,0,0,0,0,0,0,0,12,75,25,57,0,0,0,0,0,2,0,0,0,0,4,19,294,240,228,307,32,285,8,20,0,0,0,0,0,0,0,0,22,22,14,38,0,12,0,0,0,0,8,0,0,0,0,0,15,114,0,7,0,0,0,13,0,0,0,0,0,0,0,0,545,24,81,55,173,53,13,13,0,0,0,0,0,0,0,0,62,53,0,83,0,0,0,9,0,0,0,0,0,0,0,9,265,7,1,36,2,0,0,0,0,3,0,0,0,0,0,0,0,4,0,0,0,0,0,0,0,0,0,0,0,0,0,0,714,155,0,3,0,0,0,2,0,0,0,0,0,0,0,0,256,477,2,151,0,0,0,49,0,0,0,8,0,8,0,0,0,0,0,0,0,0,0,0,0,0,0,0,0,0,0,1,15,1,26,34,0,0,0,26,6,10,0,90,0,0,0,0,159,12,6,54,0,1,0,0,2,2,0,6,14,0,0,5,0,13,0,0,0,0,0,0,7,0,0,0,0,0,0,0,441,20,0,31,0,5,0,0,6,0,0,1,0,0,0,0,19,18,0,35,0,0,0,1,23,1,0,0,0,1,0,9,55,22,10,89,8,0,0,1,0,0,0,0,17,0,0,0,3,1,3,0,1,1,0,0,0,0,0,0,0,0,0,0,4,168,101,57,0,0,0,0,0,6,0,0,0,0,0,0,8,1,1,115,11,65,2,14,16,0,0,0,0,0,0,0,140,44,2,121,0,0,0,5,0,0,0,0,0,0,0,0,9,0,0,3,0,0,0,0,0,0,0,0,13,0,0,0,36,4,2,36,0,0,10,6,0,0,0,4,0,0,0,64,24,1,0,19,0,0,0,109,0,0,0,1,0,0,0,2,35,8,0,10,1,0,0,0,0,1,0,0,0,0,0,0,0,0,0,17,0,0,0,0,0,0,0,0,0,0,0,0,0,0,0,0,0,0,0,2,0,0,0,0,0,0,2,0,39,39,16,156,0,0,0,0,0,0,0,6,0,0,0,0,32,987,27,56,0,13,0,4,0,0,0,0,0,0,0,0,131,0,1,36,113,0,0,0,0,0,0,0,0,0,0,0,0,0,10,304,0,0,0,128,0,0,0,0,0,0,0,0,143,70,0,95,0,0,0,0,0,0,0,0,0,0,0,0,297,33,0,37,19,0,0,0,0,0,0,0,0,0,0,0,25,3,0,16,0,0,1,0,8,0,0,12,0,0,0,0,634,22,22,69,11,14,0,3,200,0,0,39,0,0,0,0,57,7,0,197,36,0,0,2,0,4,0,0,0,0,0,109,1,0,21,18,1,0,0,4,0,0,0,0,0,0,0,0,11,0,0,4,0,0,0,3,0,0,0,0,0,0,0,0,1997,980,454,1290,36,14,13,418,220,0,0,53,2,35,0,168,291,12,125,93,0,0,4,2,1,0,0,6,0,0,0,2,2737,584,696,1671,500,112,464,192,41,504,66,270,0,0,0,4,198,11,6,204,183,10,17,25,0,0,2,11,0,0,0,0,4521,881,1855,2447,410,134,212,76,424,5,163,0,342,3,0,261,4361,2192,2323,6470,367,5,575,1029,33,20,379,271,376,0,0,5,0,16,3,4,0,0,0,6,2,0,0,0,0,0,0,0,753,34,12,115,19,1,0,22,1,0,0,2,0,0,0,0,371,6,8,30,184,3,3,4,5,1,13,13,4,2,0,10,1350,1292,535,417,501,183,6,5,13,2,12,5,5,0,2,0,755,14,19,574,173,282,2,121,11,158,2,8,57,37,0,5,119,74,2,251,29,0,0,17,0,2,0,41,16,1,0,8,545,23,4,223,0,17,0,0,0,0,0,0,0,3,0,0,0,0,0,0,14,0,0,0,0,0,0,0,0,0,0,0,0,111,12,16,0,0,0,0,0,0,0,0,0,0,0,0,5924,2800,1757,6757,186,47,8,817,62,3,54,123,496,171,0,830,1359,433,123,1430,2,20,11,262,21,0,0,195,101,7,1,56,1943,876,1149,2968,287,5,14,1214,133,17,3,360,124,63,6,237,462,16,0,134,0,0,0,0,0,0,0,0,0,6,0,11,5722,2689,1731,7113,292,0,3,340,620,216,475,720,213,64,37,158,0,0,3,26,0,162,0,5,0,0,0,0,0,0,0,0,231,0,3,15,0,0,0,0,3,0,0,1,0,0,0,0,3339,890,261,874,466,26,30,270,35,0,16,183,6,305,0,59,1176,434,440,706,124,22,0,30,97,2,4,88,25,3,0
0,22,0,242,133,0,0,0,0,0,0,0,0,0,0,0,0,436,0,0,128,5,153,0,22,0,0,0,0,0,0,0,0,12,75,25,57,0,0,0,0,0,2,0,0,0,0,4,19,294,240,228,307,32,285,8,20,0,0,0,0,0,0,0,0,22,22,14,38,0,12,0,0,0,0,8,0,0,0,0,0,15,114,0,7,0,0,0,13,0,0,0,0,0,0,0,0,545,24,81,55,173,53,13,13,0,0,0,0,0,0,0,0,62,53,0,83,0,0,0,9,0,0,0,0,0,0,0,9,265,7,1,36,2,0,0,0,0,3,0,0,0,0,0,0,0,4,0,0,0,0,0,0,0,0,0,0,0,0,0,0,712,155,0,3,0,0,0,2,0,0,0,0,0,0,0,0,256,477,2,151,0,0,0,49,0,0,0,8,0,8,0,0,0,0,0,0,0,0,0,0,0,0,0,0,0,0,0,1,15,1,26,34,0,0,0,26,6,10,0,90,0,0,0,0,159,12,6,54,0,1,0,0,2,2,0,6,14,0,0,5,0,13,0,0,0,0,0,0,7,0,0,0,0,0,0,0,441,20,0,31,0,5,0,0,6,0,0,1,0,0,0,0,19,18,0,35,0,0,0,1,23,1,0,0,0,1,0,9,55,22,10,89,8,0,0,1,0,0,0,0,17,0,0,0,3,1,3,0,1,1,0,0,0,0,0,0,0,0,0,0,4,168,101,57,0,0,0,0,0,6,0,0,0,0,0,0,8,1,1,115,11,65,2,14,16,0,0,0,0,0,0,0,140,44,2,121,0,0,0,5,0,0,0,0,0,0,0,0,9,0,0,3,0,0,0,0,0,0,0,0,13,0,0,0,36,4,2,36,0,0,10,6,0,0,0,4,0,0,0,64,24,1,0,19,0,0,0,109,0,0,0,1,0,0,0,2,35,8,0,10,1,0,0,0,0,1,0,0,0,0,0,0,0,0,0,17,0,0,0,0,0,0,0,0,0,0,0,0,0,0,0,0,0,0,0,2,0,0,0,0,0,0,2,0,39,39,16,156,0,0,0,0,0,0,0,6,0,0,0,0,32,987,27,56,0,13,0,4,0,0,0,0,0,0,0,0,131,0,1,36,113,0,0,0,0,0,0,0,0,0,0,0,0,0,10,304,0,0,0,128,0,0,0,0,0,0,0,0,143,70,0,95,0,0,0,0,0,0,0,0,0,0,0,0,297,33,0,37,19,0,0,0,0,0,0,0,0,0,0,0,25,3,0,16,0,0,1,0,8,0,0,12,0,0,0,0,634,22,22,69,11,14,0,3,200,0,0,39,0,0,0,0,57,7,0,197,36,0,0,2,0,4,0,0,0,0,0,109,1,0,21,18,1,0,0,4,0,0,0,0,0,0,0,0,11,0,0,4,0,0,0,3,0,0,0,0,0,0,0,0,1997,980,454,1290,36,14,13,418,220,0,0,53,2,35,0,168,291,12,125,93,0,0,4,2,1,0,0,6,0,0,0,2,2737,584,696,1671,500,112,464,192,41,504,66,270,0,0,0,4,198,11,6,204,183,10,17,25,0,0,2,11,0,0,0,0,4521,881,1855,2448,410,134,212,76,424,5,163,0,342,3,0,260,4361,2192,2323,6470,367,5,575,1028,33,20,379,271,376,0,0,5,0,16,3,4,0,0,0,6,2,0,0,0,0,0,0,0,753,34,12,115,19,1,0,22,1,0,0,2,0,0,0,0,371,6,8,30,184,3,3,4,5,1,13,13,4,2,0,10,1350,1292,535,417,501,183,6,5,13,2,12,5,5,0,2,0,755,14,19,574,173,282,2,121,11,158,2,8,57,37,0,5,119,74,2,251,29,0,0,17,0,2,0,41,16,1,0,8,545,23,4,223,0,17,0,0,0,0,0,0,0,3,0,0,0,0,0,0,14,0,0,0,0,0,0,0,0,0,0,0,0,111,12,16,0,0,0,0,0,0,0,0,0,0,0,0,5924,2800,1757,6757,186,47,8,817,62,3,54,123,496,171,0,830,1359,433,123,1430,2,20,11,262,21,0,0,195,101,7,1,56,1943,876,1149,2969,287,5,14,1214,133,17,3,360,124,63,6,237,462,16,0,134,0,0,0,0,0,0,0,0,0,6,0,11,5722,2691,1731,7115,292,0,3,340,620,216,475,720,213,64,37,158,0,0,3,26,0,162,0,5,0,0,0,0,0,0,0,0,231,0,3,15,0,0,0,0,3,0,0,1,0,0,0,0,3338,890,261,874,466,26,30,270,35,0,16,183,6,305,0,59,1176,434,440,706,124,22,0,30,97,2,4,88,25,3,0
0,22,0,242,133,0,0,0,0,0,0,0,0,0,0,0,0,436,0,0,128,5,153,0,22,0,0,0,0,0,0,0,0,12,75,26,58,0,0,0,0,0,2,0,0,0,0,4,19,294,240,228,307,32,285,8,20,0,0,0,0,0,0,0,0,22,22,14,38,0,12,0,0,0,0,8,0,0,0,0,0,15,114,0,7,0,0,0,13,0,0,0,0,0,0,0,0,545,24,81,55,173,53,13,13,0,0,0,0,0,0,0,0,62,53,0,83,0,0,0,9,0,0,0,0,0,0,0,9,265,7,1,36,2,0,0,0,0,3,0,0,0,0,0,0,0,4,0,0,0,0,0,0,0,0,0,0,0,0,0,0,712,155,0,3,0,0,0,2,0,0,0,0,0,0,0,0,256,477,2,151,0,0,0,49,0,0,0,8,0,8,0,0,0,0,0,0,0,0,0,0,0,0,0,0,0,0,0,1,15,1,26,34,0,0,0,26,6,10,0,90,0,0,0,0,159,12,6,54,0,1,0,0,2,2,0,6,14,0,0,5,0,13,0,0,0,0,0,0,7,0,0,0,0,0,0,0,441,20,0,31,0,5,0,0,6,0,0,1,0,0,0,0,19,18,0,35,0,0,0,1,23,1,0,0,0,1,0,9,55,22,10,89,8,0,0,1,0,0,0,0,17,0,0,0,3,1,3,0,1,1,0,0,0,0,0,0,0,0,0,0,4,168,101,57,0,0,0,0,0,6,0,0,0,0,0,0,8,1,1,115,11,65,2,14,16,0,0,0,0,0,0,0,140,44,2,121,0,0,0,5,0,0,0,0,0,0,0,0,9,0,0,3,0,0,0,0,0,0,0,0,13,0,0,0,36,4,2,36,0,0,10,6,0,0,0,4,0,0,0,64,24,1,0,19,0,0,0,109,0,0,0,1,0,0,0,2,35,8,0,10,1,0,0,0,0,1,0,0,0,0,0,0,0,0,0,17,0,0,0,0,0,0,0,0,0,0,0,0,0,0,0,0,0,0,0,2,0,0,0,0,0,0,2,0,39,39,16,156,0,0,0,0,0,0,0,6,0,0,0,0,32,987,27,56,0,13,0,4,0,0,0,0,0,0,0,0,131,0,1,36,113,0,0,0,0,0,0,0,0,0,0,0,0,0,10,304,0,0,0,128,0,0,0,0,0,0,0,0,143,70,0,95,0,0,0,0,0,0,0,0,0,0,0,0,297,33,0,37,19,0,0,0,0,0,0,0,0,0,0,0,25,3,0,16,0,0,1,0,8,0,0,12,0,0,0,0,634,22,22,69,11,14,0,3,200,0,0,39,0,0,0,0,57,7,0,197,36,0,0,2,0,4,0,0,0,0,0,109,1,0,21,18,1,0,0,4,0,0,0,0,0,0,0,0,11,0,0,4,0,0,0,3,0,0,0,0,0,0,0,0,1997,980,454,1290,36,14,13,418,220,0,0,53,2,35,0,168,291,12,125,93,0,0,4,2,1,0,0,6,0,0,0,2,2737,584,696,1671,500,112,464,192,41,504,66,270,0,0,0,4,198,11,6,204,183,10,17,25,0,0,2,11,0,0,0,0,4521,881,1855,2447,410,134,212,76,424,5,163,0,342,3,0,260,4360,2192,2323,6469,367,5,575,1028,33,20,379,271,376,0,0,5,0,16,3,4,0,0,0,6,2,0,0,0,0,0,0,0,753,34,12,115,19,1,0,22,1,0,0,2,0,0,0,0,371,6,8,30,184,3,3,4,5,1,13,13,4,2,0,10,1350,1292,535,417,501,183,6,5,13,2,12,5,5,0,2,0,755,14,20,575,173,282,2,121,11,158,2,8,57,37,0,5,119,74,2,251,29,0,0,17,0,2,0,41,16,1,0,8,545,23,4,223,0,17,0,0,0,0,0,0,0,3,0,0,0,0,0,0,14,0,0,0,0,0,0,0,0,0,0,0,0,111,12,16,0,0,0,0,0,0,0,0,0,0,0,0,5924,2800,1757,6757,186,47,8,817,62,3,54,123,496,171,0,830,1359,433,123,1432,2,20,11,262,21,0,0,195,101,7,1,57,1943,876,1149,2968,287,5,14,1214,133,17,3,360,124,63,6,237,463,16,0,135,0,0,0,0,0,0,0,0,0,6,0,11,5722,2689,1731,7114,292,0,3,340,620,216,475,720,213,64,37,158,0,0,3,26,0,162,0,5,0,0,0,0,0,0,0,0,231,0,3,15,0,0,0,0,3,0,0,1,0,0,0,0,3338,890,261,874,466,26,30,270,35,0,16,183,6,305,0,59,1176,435,440,706,124,22,0,30,97,2,4,88,25,3,0
0,22,0,242,133,0,0,0,0,0,0,0,0,0,0,0,0,436,0,0,128,5,153,0,22,0,0,0,0,0,0,0,0,12,75,25,57,0,0,0,0,0,2,0,0,0,0,4,19,294,240,228,307,32,285,8,20,0,0,0,0,0,0,0,0,22,22,14,38,0,12,0,0,0,0,8,0,0,0,0,0,15,114,0,7,0,0,0,13,0,0,0,0,0,0,0,0,545,24,81,55,173,53,13,13,0,0,0,0,0,0,0,0,62,53,0,83,0,0,0,9,0,0,0,0,0,0,0,9,265,7,1,36,2,0,0,0,0,3,0,0,0,0,0,0,0,4,0,0,0,0,0,0,0,0,0,0,0,0,0,0,712,155,0,3,0,0,0,2,0,0,0,0,0,0,0,0,256,477,2,151,0,0,0,49,0,0,0,8,0,8,0,0,0,0,0,0,0,0,0,0,0,0,0,0,0,0,0,1,15,1,26,34,0,0,0,26,6,10,0,90,0,0,0,0,159,12,6,54,0,1,0,0,2,2,0,6,14,0,0,5,0,13,0,0,0,0,0,0,7,0,0,0,0,0,0,0,441,20,0,31,0,5,0,0,6,0,0,1,0,0,0,0,19,18,0,35,0,0,0,1,23,1,0,0,0,1,0,9,55,22,10,89,8,0,0,1,0,0,0,0,17,0,0,0,3,1,3,0,1,1,0,0,0,0,0,0,0,0,0,0,4,168,101,57,0,0,0,0,0,6,0,0,0,0,0,0,8,1,1,115,11,65,2,14,16,0,0,0,0,0,0,0,140,44,2,121,0,0,0,5,0,0,0,0,0,0,0,0,9,0,0,3,0,0,0,0,0,0,0,0,13,0,0,0,36,4,2,36,0,0,10,6,0,0,0,4,0,0,0,64,24,1,0,19,0,0,0,109,0,0,0,1,0,0,0,2,35,8,0,10,1,0,0,0,0,1,0,0,0,0,0,0,0,0,0,17,0,0,0,0,0,0,0,0,0,0,0,0,0,0,0,0,0,0,0,2,0,0,0,0,0,0,2,0,39,39,16,156,0,0,0,0,0,0,0,6,0,0,0,0,32,987,27,56,0,13,0,4,0,0,0,0,0,0,0,0,131,0,1,36,113,0,0,0,0,0,0,0,0,0,0,0,0,0,10,304,0,0,0,128,0,0,0,0,0,0,0,0,143,70,0,95,0,0,0,0,0,0,0,0,0,0,0,0,297,33,0,37,19,0,0,0,0,0,0,0,0,0,0,0,25,3,0,16,0,0,1,0,8,0,0,12,0,0,0,0,634,22,22,69,11,14,0,3,200,0,0,39,0,0,0,0,57,7,0,197,36,0,0,2,0,4,0,0,0,0,0,109,1,0,21,18,1,0,0,4,0,0,0,0,0,0,0,0,11,0,0,4,0,0,0,3,0,0,0,0,0,0,0,0,1997,980,454,1290,36,14,13,418,220,0,0,53,2,35,0,168,291,12,125,93,0,0,4,2,1,0,0,6,0,0,0,2,2737,584,696,1672,500,112,464,192,41,504,66,270,0,0,0,4,198,11,6,204,183,10,17,25,0,0,2,11,0,0,0,0,4521,881,1855,2448,410,134,212,76,424,5,163,0,342,3,0,260,4360,2192,2323,6469,367,5,575,1028,33,20,379,271,376,0,0,5,0,16,3,4,0,0,0,6,2,0,0,0,0,0,0,0,753,34,12,115,19,1,0,22,1,0,0,2,0,0,0,0,371,6,8,30,184,3,3,4,5,1,13,13,4,2,0,10,1350,1292,535,417,501,183,6,5,13,2,12,5,5,0,2,0,755,14,19,574,173,282,2,121,11,158,2,8,57,37,0,5,119,74,2,251,29,0,0,17,0,2,0,41,16,1,0,8,545,23,4,223,0,17,0,0,0,0,0,0,0,3,0,0,0,0,0,0,14,0,0,0,0,0,0,0,0,0,0,0,0,111,12,16,0,0,0,0,0,0,0,0,0,0,0,0,5924,2800,1757,6757,186,47,8,817,62,3,54,123,496,171,0,830,1360,433,123,1431,2,20,11,263,21,0,0,195,101,7,1,56,1943,876,1149,2968,287,5,14,1214,133,17,3,360,124,63,6,237,463,16,0,135,0,0,0,0,0,0,0,0,0,6,0,11,5722,2689,1731,7113,292,0,3,340,620,216,475,720,213,64,37,158,0,0,3,26,0,162,0,5,0,0,0,0,0,0,0,0,231,0,3,15,0,0,0,0,3,0,0,1,0,0,0,0,3338,890,261,874,466,26,30,270,35,0,16,183,6,305,0,59,1176,434,440,706,124,22,0,30,97,2,4,88,25,3,0
0,22,0,242,133,0,0,0,0,0,0,0,0,0,0,0,0,436,0,0,128,5,153,0,22,0,0,0,0,0,0,0,0,12,75,25,57,0,0,0,0,0,2,0,0,0,0,4,19,294,240,228,307,32,285,8,20,0,0,0,0,0,0,0,0,22,22,14,38,0,12,0,0,0,0,8,0,0,0,0,0,15,114,0,7,0,0,0,13,0,0,0,0,0,0,0,0,545,24,81,55,173,53,13,13,0,0,0,0,0,0,0,0,62,53,0,83,0,0,0,9,0,0,0,0,0,0,0,9,265,7,1,36,2,0,0,0,0,3,0,0,0,0,0,0,0,4,0,0,0,0,0,0,0,0,0,0,0,0,0,0,712,155,0,3,0,0,0,2,0,0,0,0,0,0,0,0,256,477,2,151,0,0,0,49,0,0,0,8,0,8,0,0,0,0,0,0,0,0,0,0,0,0,0,0,0,0,0,1,15,1,26,34,0,0,0,26,6,10,0,90,0,0,0,0,159,12,6,54,0,1,0,0,2,2,0,6,14,0,0,5,0,13,0,0,0,0,0,0,7,0,0,0,0,0,0,0,441,20,0,31,0,5,0,0,6,0,0,1,0,0,0,0,19,18,0,35,0,0,0,1,23,1,0,0,0,1,0,9,55,22,10,89,8,0,0,1,0,0,0,0,17,0,0,0,3,1,3,0,1,1,0,0,0,0,0,0,0,0,0,0,4,168,101,57,0,0,0,0,0,6,0,0,0,0,0,0,8,1,1,115,11,65,2,14,16,0,0,0,0,0,0,0,140,44,2,121,0,0,0,5,0,0,0,0,0,0,0,0,9,0,0,3,0,0,0,0,0,0,0,0,13,0,0,0,36,4,2,36,0,0,10,6,0,0,0,4,0,0,0,64,24,1,0,19,0,0,0,109,0,0,0,1,0,0,0,2,35,8,0,10,1,0,0,0,0,1,0,0,0,0,0,0,0,0,0,17,0,0,0,0,0,0,0,0,0,0,0,0,0,0,0,0,0,0,0,2,0,0,0,0,0,0,2,0,39,39,16,156,0,0,0,0,0,0,0,6,0,0,0,0,32,987,27,56,0,13,0,4,0,0,0,0,0,0,0,0,131,0,1,36,113,0,0,0,0,0,0,0,0,0,0,0,0,0,10,304,0,0,0,128,0,0,0,0,0,0,0,0,143,70,0,95,0,0,0,0,0,0,0,0,0,0,0,0,297,33,0,37,19,0,0,0,0,0,0,0,0,0,0,0,25,3,0,16,0,0,1,0,8,0,0,12,0,0,0,0,634,22,22,69,11,14,0,3,200,0,0,39,0,0,0,0,57,7,0,197,36,0,0,2,0,4,0,0,0,0,0,109,1,0,21,18,1,0,0,4,0,0,0,0,0,0,0,0,11,0,0,4,0,0,0,3,0,0,0,0,0,0,0,0,1997,980,454,1290,36,14,13,418,220,0,0,53,2,35,0,168,291,12,125,93,0,0,4,2,1,0,0,6,0,0,0,2,2737,584,696,1671,500,112,464,192,41,504,66,270,0,0,0,4,198,11,6,204,183,10,17,25,0,0,2,11,0,0,0,0,4521,881,1855,2447,410,134,212,76,424,5,163,0,342,3,0,260,4361,2193,2324,6470,367,5,575,1028,33,20,379,271,376,0,0,5,0,16,3,4,0,0,0,6,2,0,0,0,0,0,0,0,753,34,12,115,19,1,0,22,1,0,0,2,0,0,0,0,371,6,8,30,184,3,3,4,5,1,13,13,4,2,0,10,1350,1292,535,417,502,183,6,5,13,2,12,5,5,0,2,0,755,14,19,574,173,282,2,121,11,158,2,8,57,37,0,5,119,74,2,251,29,0,0,17,0,2,0,41,16,1,0,8,546,23,4,223,0,17,0,0,0,0,0,0,0,3,0,0,0,0,0,0,14,0,0,0,0,0,0,0,0,0,0,0,0,111,12,16,0,0,0,0,0,0,0,0,0,0,0,0,5924,2800,1757,6757,186,47,8,817,62,3,54,123,496,171,0,830,1359,433,123,1430,2,20,11,262,21,0,0,195,101,7,1,56,1943,877,1149,2968,288,5,14,1214,133,17,3,360,124,63,6,237,462,16,0,134,0,0,0,0,0,0,0,0,0,6,0,11,5724,2689,1732,7113,292,0,3,340,620,217,475,720,213,64,37,158,0,0,3,26,0,162,0,5,0,0,0,0,0,0,0,0,231,0,3,15,0,0,0,0,3,0,0,1,0,0,0,0,3338,890,261,874,466,26,30,270,35,0,16,183,6,305,0,59,1176,434,440,706,124,22,0,30,97,2,4,88,25,3,0
0,22,0,242,133,0,0,0,0,0,0,0,0,0,0,0,0,436,0,0,128,5,153,0,22,0,0,0,0,0,0,0,0,12,75,25,57,0,0,0,0,0,2,0,0,0,0,4,19,294,240,228,307,32,285,8,20,0,0,0,0,0,0,0,0,22,22,14,38,0,12,0,0,0,0,8,0,0,0,0,0,15,114,0,7,0,0,0,13,0,0,0,0,0,0,0,0,545,24,81,55,173,53,13,13,0,0,0,0,0,0,0,0,62,53,0,83,0,0,0,9,0,0,0,0,0,0,0,9,265,7,1,36,2,0,0,0,0,3,0,0,0,0,0,0,0,4,0,0,0,0,0,0,0,0,0,0,0,0,0,0,712,155,0,3,0,0,0,2,0,0,0,0,0,0,0,0,256,477,2,151,0,0,0,49,0,0,0,8,0,8,0,0,0,0,0,0,0,0,0,0,0,0,0,0,0,0,0,1,15,1,26,34,0,0,0,26,6,10,0,90,0,0,0,0,159,12,6,54,0,1,0,0,2,2,0,6,14,0,0,5,0,13,0,0,0,0,0,0,7,0,0,0,0,0,0,0,441,20,0,31,0,5,0,0,6,0,0,1,0,0,0,0,19,18,0,35,0,0,0,1,23,1,0,0,0,1,0,9,55,22,10,89,8,0,0,1,0,0,0,0,17,0,0,0,3,1,3,0,1,1,0,0,0,0,0,0,0,0,0,0,4,168,101,57,0,0,0,0,0,6,0,0,0,0,0,0,8,1,1,115,11,65,2,14,16,0,0,0,0,0,0,0,140,44,2,121,0,0,0,5,0,0,0,0,0,0,0,0,9,0,0,3,0,0,0,0,0,0,0,0,13,0,0,0,36,4,2,36,0,0,10,6,0,0,0,4,0,0,0,64,24,1,0,19,0,0,0,109,0,0,0,1,0,0,0,2,35,8,0,10,1,0,0,0,0,1,0,0,0,0,0,0,0,0,0,17,0,0,0,0,0,0,0,0,0,0,0,0,0,0,0,0,0,0,0,2,0,0,0,0,0,0,2,0,39,39,16,156,0,0,0,0,0,0,0,6,0,0,0,0,32,987,27,56,0,13,0,4,0,0,0,0,0,0,0,0,131,0,1,36,113,0,0,0,0,0,0,0,0,0,0,0,0,0,10,304,0,0,0,128,0,0,0,0,0,0,0,0,143,70,0,95,0,0,0,0,0,0,0,0,0,0,0,0,297,33,0,37,19,0,0,0,0,0,0,0,0,0,0,0,25,3,0,16,0,0,1,0,8,0,0,12,0,0,0,0,634,22,22,69,11,14,0,3,200,0,0,39,0,0,0,0,57,7,0,197,36,0,0,2,0,4,0,0,0,0,0,109,1,0,21,18,1,0,0,4,0,0,0,0,0,0,0,0,11,0,0,4,0,0,0,3,0,0,0,0,0,0,0,0,1997,980,454,1290,36,14,13,418,220,0,0,53,2,35,0,168,291,12,125,93,0,0,4,2,1,0,0,6,0,0,0,2,2737,584,696,1671,500,112,464,192,41,504,66,270,0,0,0,4,198,11,6,204,183,10,17,25,0,0,2,11,0,0,0,0,4521,881,1855,2447,410,134,212,76,424,5,163,0,342,3,0,260,4360,2192,2323,6469,367,5,575,1028,33,20,379,271,376,0,0,5,0,16,3,4,0,0,0,6,2,0,0,0,0,0,0,0,753,34,12,115,19,1,0,22,1,0,0,2,0,0,0,0,371,6,8,30,184,3,3,4,5,1,13,13,4,2,0,10,1350,1292,535,417,501,183,6,5,13,2,12,5,5,0,2,0,755,14,19,574,173,282,2,121,11,158,2,8,57,37,0,5,119,74,2,251,29,0,0,17,0,2,0,41,16,1,0,8,545,23,4,223,0,17,0,0,0,0,0,0,0,3,0,0,0,0,0,0,14,0,0,0,0,0,0,0,0,0,0,0,0,111,12,16,0,0,0,0,0,0,0,0,0,0,0,0,5924,2800,1757,6757,186,47,8,817,62,3,54,123,496,171,0,830,1359,433,123,1430,2,20,11,262,21,0,0,195,101,7,1,56,1943,876,1149,2968,287,5,14,1214,133,17,3,360,124,63,6,237,462,16,0,134,0,0,0,0,0,0,0,0,0,6,0,11,5722,2689,1731,7113,292,0,3,340,620,216,475,720,213,64,37,158,0,0,3,26,0,162,0,5,0,0,0,0,0,0,0,0,231,0,3,15,0,0,0,0,3,0,0,1,0,0,0,0,3338,890,261,874,466,26,30,270,35,0,16,183,6,305,0,59,1176,434,440,706,124,22,0,30,97,2,4,88,25,3,0
0,22,0,242,133,0,0,0,0,0,0,0,0,0,0,0,0,436,0,0,128,5,153,0,22,0,0,0,0,0,0,0,0,12,75,25,57,0,0,0,0,0,2,0,0,0,0,4,19,294,240,228,307,32,285,8,20,0,0,0,0,0,0,0,0,22,22,14,38,0,12,0,0,0,0,8,0,0,0,0,0,15,114,0,7,0,0,0,13,0,0,0,0,0,0,0,0,545,24,81,55,173,53,13,13,0,0,0,0,0,0,0,0,62,53,0,83,0,0,0,9,0,0,0,0,0,0,0,9,265,7,1,36,2,0,0,0,0,3,0,0,0,0,0,0,0,4,0,0,0,0,0,0,0,0,0,0,0,0,0,0,712,155,0,3,0,0,0,2,0,0,0,0,0,0,0,0,256,477,2,151,0,0,0,49,0,0,0,8,0,8,0,0,0,0,0,0,0,0,0,0,0,0,0,0,0,0,0,1,15,1,26,34,0,0,0,26,6,10,0,90,0,0,0,0,159,12,6,54,0,1,0,0,2,2,0,6,14,0,0,5,0,13,0,0,0,0,0,0,7,0,0,0,0,0,0,0,441,20,0,31,0,5,0,0,6,0,0,1,0,0,0,0,19,18,0,35,0,0,0,1,23,1,0,0,0,1,0,9,55,22,10,89,8,0,0,1,0,0,0,0,17,0,0,0,3,1,3,0,1,1,0,0,0,0,0,0,0,0,0,0,4,168,101,57,0,0,0,0,0,6,0,0,0,0,0,0,8,1,1,115,11,65,2,14,16,0,0,0,0,0,0,0,140,44,2,121,0,0,0,5,0,0,0,0,0,0,0,0,9,0,0,3,0,0,0,0,0,0,0,0,13,0,0,0,36,4,2,36,0,0,10,6,0,0,0,4,0,0,0,64,24,1,0,19,0,0,0,109,0,0,0,1,0,0,0,2,35,8,0,10,1,0,0,0,0,1,0,0,0,0,0,0,0,0,0,17,0,0,0,0,0,0,0,0,0,0,0,0,0,0,0,0,0,0,0,2,0,0,0,0,0,0,2,0,39,39,16,156,0,0,0,0,0,0,0,6,0,0,0,0,32,987,27,56,0,13,0,4,0,0,0,0,0,0,0,0,131,0,1,36,113,0,0,0,0,0,0,0,0,0,0,0,0,0,10,304,0,0,0,128,0,0,0,0,0,0,0,0,143,70,0,95,0,0,0,0,0,0,0,0,0,0,0,0,297,33,0,37,19,0,0,0,0,0,0,0,0,0,0,0,25,3,0,16,0,0,1,0,8,0,0,12,0,0,0,0,634,22,22,69,11,14,0,3,200,0,0,39,0,0,0,0,57,7,0,197,36,0,0,2,0,4,0,0,0,0,0,109,1,0,21,18,1,0,0,4,0,0,0,0,0,0,0,0,11,0,0,4,0,0,0,3,0,0,0,0,0,0,0,0,1997,980,454,1290,36,14,13,418,220,0,0,53,2,35,0,168,291,12,125,93,0,0,4,2,1,0,0,6,0,0,0,2,2737,584,696,1671,500,112,464,192,41,504,66,270,0,0,0,4,198,11,6,204,183,10,17,25,0,0,2,11,0,0,0,0,4521,881,1855,2447,410,134,212,76,424,5,163,0,342,3,0,260,4360,2192,2324,6471,367,5,575,1028,33,20,380,271,377,0,0,5,0,16,3,4,0,0,0,6,2,0,0,0,0,0,0,0,753,34,12,115,19,1,0,22,1,0,0,2,0,0,0,0,371,6,8,30,184,3,3,4,5,1,13,13,4,2,0,10,1350,1292,535,417,501,183,6,5,13,2,12,5,5,0,2,0,755,14,19,574,173,282,2,121,11,158,2,8,57,37,0,5,119,74,2,251,29,0,0,17,0,2,0,41,16,1,0,8,545,23,4,223,0,17,0,0,0,0,0,0,0,3,0,0,0,0,0,0,14,0,0,0,0,0,0,0,0,0,0,0,0,111,12,16,0,0,0,0,0,0,0,0,0,0,0,0,5924,2800,1757,6757,186,47,8,817,62,3,54,123,496,171,0,830,1359,433,123,1430,2,20,11,262,21,0,0,195,101,7,1,56,1943,876,1150,2968,287,5,14,1214,133,17,3,360,124,63,6,237,462,16,0,134,0,0,0,0,0,0,0,0,0,6,0,11,5722,2689,1732,7114,292,0,3,340,620,216,475,720,213,64,37,158,0,0,3,26,0,162,0,5,0,0,0,0,0,0,0,0,231,0,3,15,0,0,0,0,3,0,0,1,0,0,0,0,3338,890,261,874,466,26,30,270,35,0,16,183,6,305,0,59,1176,434,440,706,124,22,0,30,97,2,4,88,25,3,0
0,22,0,242,133,0,0,0,0,0,0,0,0,0,0,0,0,436,0,0,128,5,153,0,22,0,0,0,0,0,0,0,0,12,75,25,57,0,0,0,0,0,2,0,0,0,0,4,19,294,240,228,307,32,285,8,20,0,0,0,0,0,0,0,0,22,22,14,38,0,12,0,0,0,0,8,0,0,0,0,0,15,114,0,7,0,0,0,13,0,0,0,0,0,0,0,0,545,24,81,55,173,53,13,13,0,0,0,0,0,0,0,0,62,53,0,83,0,0,0,9,0,0,0,0,0,0,0,9,265,7,1,36,2,0,0,0,0,3,0,0,0,0,0,0,0,4,0,0,0,0,0,0,0,0,0,0,0,0,0,0,712,155,0,3,0,0,0,2,0,0,0,0,0,0,0,0,256,477,2,151,0,0,0,49,0,0,0,8,0,8,0,0,0,0,0,0,0,0,0,0,0,0,0,0,0,0,0,1,15,1,26,34,0,0,0,26,6,10,0,90,0,0,0,0,159,12,6,54,0,1,0,0,2,2,0,6,14,0,0,5,0,13,0,0,0,0,0,0,7,0,0,0,0,0,0,0,441,20,0,31,0,5,0,0,6,0,0,1,0,0,0,0,19,18,0,35,0,0,0,1,23,1,0,0,0,1,0,9,55,22,10,89,8,0,0,1,0,0,0,0,17,0,0,0,3,1,3,0,1,1,0,0,0,0,0,0,0,0,0,0,4,168,101,57,0,0,0,0,0,6,0,0,0,0,0,0,8,1,1,115,11,65,2,14,16,0,0,0,0,0,0,0,140,44,2,121,0,0,0,5,0,0,0,0,0,0,0,0,9,0,0,3,0,0,0,0,0,0,0,0,13,0,0,0,36,4,2,36,0,0,10,6,0,0,0,4,0,0,0,64,24,1,0,19,0,0,0,109,0,0,0,1,0,0,0,2,35,8,0,10,1,0,0,0,0,1,0,0,0,0,0,0,0,0,0,17,0,0,0,0,0,0,0,0,0,0,0,0,0,0,0,0,0,0,0,2,0,0,0,0,0,0,2,0,39,39,16,156,0,0,0,0,0,0,0,6,0,0,0,0,32,987,27,56,0,13,0,4,0,0,0,0,0,0,0,0,131,0,1,36,113,0,0,0,0,0,0,0,0,0,0,0,0,0,10,304,0,0,0,128,0,0,0,0,0,0,0,0,143,70,0,95,0,0,0,0,0,0,0,0,0,0,0,0,297,33,0,37,19,0,0,0,0,0,0,0,0,0,0,0,25,3,0,16,0,0,1,0,8,0,0,12,0,0,0,0,634,22,22,69,11,14,0,3,200,0,0,39,0,0,0,0,57,7,0,197,36,0,0,2,0,4,0,0,0,0,0,109,1,0,21,18,1,0,0,4,0,0,0,0,0,0,0,0,11,0,0,4,0,0,0,3,0,0,0,0,0,0,0,0,1997,980,454,1290,36,14,13,418,220,0,0,53,2,35,0,168,291,12,125,93,0,0,4,2,1,0,0,6,0,0,0,2,2737,584,696,1671,500,112,464,192,41,504,66,270,0,0,0,4,198,11,6,204,183,10,17,25,0,0,2,11,0,0,0,0,4521,881,1855,2447,410,134,212,76,424,5,163,0,342,3,0,260,4360,2192,2324,6471,367,5,575,1028,33,20,380,271,377,0,0,5,0,16,3,4,0,0,0,6,2,0,0,0,0,0,0,0,753,34,12,115,19,1,0,22,1,0,0,2,0,0,0,0,371,6,8,30,184,3,3,4,5,1,13,13,4,2,0,10,1350,1292,535,417,501,183,6,5,13,2,12,5,5,0,2,0,755,14,19,574,173,282,2,121,11,158,2,8,57,37,0,5,119,74,2,251,29,0,0,17,0,2,0,41,16,1,0,8,545,23,4,223,0,17,0,0,0,0,0,0,0,3,0,0,0,0,0,0,14,0,0,0,0,0,0,0,0,0,0,0,0,111,12,16,0,0,0,0,0,0,0,0,0,0,0,0,5924,2800,1757,6757,186,47,8,817,62,3,54,123,496,171,0,830,1359,433,123,1430,2,20,11,262,21,0,0,195,101,7,1,56,1943,876,1150,2968,287,5,14,1214,133,17,3,360,124,63,6,237,462,16,0,134,0,0,0,0,0,0,0,0,0,6,0,11,5722,2689,1732,7114,292,0,3,340,620,216,475,720,213,64,37,158,0,0,3,26,0,162,0,5,0,0,0,0,0,0,0,0,231,0,3,15,0,0,0,0,3,0,0,1,0,0,0,0,3338,890,261,874,466,26,30,270,35,0,16,183,6,305,0,59,1176,434,440,706,124,22,0,30,97,2,4,88,25,3,0
0,22,0,242,133,0,0,0,0,0,0,0,0,0,0,0,0,436,0,0,128,5,153,0,22,0,0,0,0,0,0,0,0,12,75,25,57,0,0,0,0,0,2,0,0,0,0,4,19,294,240,228,307,32,285,8,20,0,0,0,0,0,0,0,0,22,22,14,38,0,12,0,0,0,0,8,0,0,0,0,0,15,114,0,7,0,0,0,13,0,0,0,0,0,0,0,0,545,24,81,55,173,53,13,13,0,0,0,0,0,0,0,0,62,53,0,83,0,0,0,9,0,0,0,0,0,0,0,9,265,7,1,36,2,0,0,0,0,3,0,0,0,0,0,0,0,4,0,0,0,0,0,0,0,0,0,0,0,0,0,0,712,155,0,3,0,0,0,2,0,0,0,0,0,0,0,0,256,477,2,151,0,0,0,49,0,0,0,8,0,8,0,0,0,0,0,0,0,0,0,0,0,0,0,0,0,0,0,1,15,1,26,34,0,0,0,26,6,10,0,90,0,0,0,0,159,12,6,54,0,1,0,0,2,2,0,6,14,0,0,5,0,13,0,0,0,0,0,0,7,0,0,0,0,0,0,0,441,20,0,31,0,5,0,0,6,0,0,1,0,0,0,0,19,18,0,35,0,0,0,1,23,1,0,0,0,1,0,9,55,22,10,89,8,0,0,1,0,0,0,0,17,0,0,0,3,1,3,0,1,1,0,0,0,0,0,0,0,0,0,0,4,168,101,57,0,0,0,0,0,6,0,0,0,0,0,0,8,1,1,115,11,65,2,14,16,0,0,0,0,0,0,0,140,44,2,121,0,0,0,5,0,0,0,0,0,0,0,0,9,0,0,3,0,0,0,0,0,0,0,0,13,0,0,0,36,4,2,36,0,0,10,6,0,0,0,4,0,0,0,64,24,1,0,19,0,0,0,109,0,0,0,1,0,0,0,2,35,8,0,10,1,0,0,0,0,1,0,0,0,0,0,0,0,0,0,17,0,0,0,0,0,0,0,0,0,0,0,0,0,0,0,0,0,0,0,2,0,0,0,0,0,0,2,0,39,39,16,156,0,0,0,0,0,0,0,6,0,0,0,0,32,987,27,56,0,13,0,4,0,0,0,0,0,0,0,0,131,0,1,36,113,0,0,0,0,0,0,0,0,0,0,0,0,0,10,304,0,0,0,128,0,0,0,0,0,0,0,0,143,70,0,95,0,0,0,0,0,0,0,0,0,0,0,0,297,33,0,37,19,0,0,0,0,0,0,0,0,0,0,0,25,3,0,16,0,0,1,0,8,0,0,12,0,0,0,0,634,22,22,69,11,14,0,3,200,0,0,39,0,0,0,0,57,7,0,197,36,0,0,2,0,4,0,0,0,0,0,109,1,0,21,18,1,0,0,4,0,0,0,0,0,0,0,0,11,0,0,4,0,0,0,3,0,0,0,0,0,0,0,0,1997,980,454,1290,36,14,13,418,220,0,0,53,2,35,0,168,291,12,125,93,0,0,4,2,1,0,0,6,0,0,0,2,2737,584,696,1671,500,112,464,192,41,504,66,270,0,0,0,4,198,11,6,204,183,10,17,25,0,0,2,11,0,0,0,0,4521,881,1855,2447,410,134,212,76,424,5,163,0,342,3,0,260,4360,2192,2323,6469,367,5,575,1028,33,20,379,271,376,0,0,5,0,16,3,4,0,0,0,6,2,0,0,0,0,0,0,0,753,34,12,115,19,1,0,22,1,0,0,2,0,0,0,0,371,6,8,30,184,3,3,4,5,1,13,13,4,2,0,10,1350,1292,535,417,501,183,6,5,13,2,12,5,5,0,2,0,755,14,19,574,173,282,2,121,11,158,2,8,57,37,0,5,119,74,2,251,29,0,0,17,0,2,0,41,16,1,0,8,545,23,4,223,0,17,0,0,0,0,0,0,0,3,0,0,0,0,0,0,14,0,0,0,0,0,0,0,0,0,0,0,0,111,12,16,0,0,0,0,0,0,0,0,0,0,0,0,5924,2801,1757,6757,187,47,8,817,62,3,54,123,496,171,0,830,1359,433,123,1430,2,20,11,262,21,0,0,195,101,7,1,56,1943,876,1150,2968,287,5,14,1214,133,17,3,360,124,63,6,237,462,16,0,134,0,0,0,0,0,0,0,0,0,6,0,11,5723,2690,1731,7113,292,0,3,340,620,216,475,720,213,64,37,158,0,0,3,26,0,162,0,5,0,0,0,0,0,0,0,0,231,0,3,15,0,0,0,0,3,0,0,1,0,0,0,0,3338,892,261,874,466,26,30,270,35,0,16,183,6,305,0,59,1176,434,440,706,124,22,0,30,97,2,4,88,25,3,0
0,22,0,242,133,0,0,0,0,0,0,0,0,0,0,0,0,436,0,0,128,5,153,0,22,0,0,0,0,0,0,0,0,12,75,25,57,0,0,0,0,0,2,0,0,0,0,4,19,294,240,228,307,32,285,8,20,0,0,0,0,0,0,0,0,22,22,14,38,0,12,0,0,0,0,8,0,0,0,0,0,15,114,0,7,0,0,0,13,0,0,0,0,0,0,0,0,545,24,81,55,173,53,13,13,0,0,0,0,0,0,0,0,62,53,0,83,0,0,0,9,0,0,0,0,0,0,0,9,265,7,1,36,2,0,0,0,0,3,0,0,0,0,0,0,0,4,0,0,0,0,0,0,0,0,0,0,0,0,0,0,712,155,0,3,0,0,0,2,0,0,0,0,0,0,0,0,256,477,2,151,0,0,0,49,0,0,0,8,0,8,0,0,0,0,0,0,0,0,0,0,0,0,0,0,0,0,0,1,15,1,26,34,0,0,0,26,6,10,0,90,0,0,0,0,159,12,6,54,0,1,0,0,2,2,0,6,14,0,0,5,0,13,0,0,0,0,0,0,7,0,0,0,0,0,0,0,441,20,0,31,0,5,0,0,6,0,0,1,0,0,0,0,19,18,0,35,0,0,0,1,23,1,0,0,0,1,0,9,55,22,10,89,8,0,0,1,0,0,0,0,17,0,0,0,3,1,3,0,1,1,0,0,0,0,0,0,0,0,0,0,4,168,101,57,0,0,0,0,0,6,0,0,0,0,0,0,8,1,1,115,11,65,2,14,16,0,0,0,0,0,0,0,140,44,2,121,0,0,0,5,0,0,0,0,0,0,0,0,9,0,0,3,0,0,0,0,0,0,0,0,13,0,0,0,36,4,2,36,0,0,10,6,0,0,0,4,0,0,0,64,24,1,0,19,0,0,0,109,0,0,0,1,0,0,0,2,35,8,0,10,1,0,0,0,0,1,0,0,0,0,0,0,0,0,0,17,0,0,0,0,0,0,0,0,0,0,0,0,0,0,0,0,0,0,0,2,0,0,0,0,0,0,2,0,39,39,16,156,0,0,0,0,0,0,0,6,0,0,0,0,32,987,27,56,0,13,0,4,0,0,0,0,0,0,0,0,131,0,1,36,113,0,0,0,0,0,0,0,0,0,0,0,0,0,10,304,0,0,0,128,0,0,0,0,0,0,0,0,143,70,0,95,0,0,0,0,0,0,0,0,0,0,0,0,297,33,0,37,19,0,0,0,0,0,0,0,0,0,0,0,25,3,0,16,0,0,1,0,8,0,0,12,0,0,0,0,634,22,22,69,11,14,0,3,200,0,0,39,0,0,0,0,57,7,0,197,36,0,0,2,0,4,0,0,0,0,0,109,1,0,21,18,1,0,0,4,0,0,0,0,0,0,0,0,11,0,0,4,0,0,0,3,0,0,0,0,0,0,0,0,1997,980,454,1290,36,14,13,418,220,0,0,53,2,35,0,168,291,12,125,93,0,0,4,2,1,0,0,6,0,0,0,2,2737,584,696,1671,500,112,464,192,41,505,66,270,0,0,0,4,198,11,6,204,183,10,17,25,0,0,2,11,0,0,0,0,4521,881,1855,2447,410,134,213,76,424,5,163,0,342,3,0,260,4360,2192,2323,6469,367,5,575,1028,33,20,379,271,376,0,0,5,0,16,3,4,0,0,0,6,2,0,0,0,0,0,0,0,753,34,12,115,19,1,0,22,1,0,0,2,0,0,0,0,371,6,8,30,184,3,3,4,5,1,13,13,4,2,0,10,1350,1292,535,417,501,183,6,5,13,2,12,5,5,0,2,0,755,14,19,574,173,282,2,121,11,158,2,8,57,37,0,5,119,74,2,251,29,0,0,17,0,2,0,41,16,1,0,8,545,23,4,223,0,17,0,0,0,0,0,0,0,3,0,0,0,0,0,0,14,0,0,0,0,0,0,0,0,0,0,0,0,111,12,16,0,0,0,0,0,0,0,0,0,0,0,0,5924,2801,1757,6757,186,47,8,817,62,3,54,123,497,171,0,830,1359,433,123,1430,2,20,11,262,21,0,0,195,101,7,1,56,1943,876,1149,2968,287,5,14,1214,133,17,3,360,124,63,6,237,462,16,0,134,0,0,0,0,0,0,0,0,0,6,0,11,5723,2689,1731,7113,292,0,3,340,620,216,475,720,213,64,37,158,0,0,3,26,0,162,0,5,0,0,0,0,0,0,0,0,231,0,3,15,0,0,0,0,3,0,0,1,0,0,0,0,3338,890,261,874,466,26,30,270,35,0,16,183,6,305,0,59,1176,434,440,706,124,22,0,30,97,2,4,88,25,3,0
0,22,0,242,133,0,0,0,0,0,0,0,0,0,0,0,0,436,0,0,128,5,153,0,22,0,0,0,0,0,0,0,0,12,75,25,57,0,0,0,0,0,2,0,0,0,0,4,19,294,240,228,307,32,285,8,20,0,0,0,0,0,0,0,0,22,22,14,38,0,12,0,0,0,0,8,0,0,0,0,0,15,114,0,7,0,0,0,13,0,0,0,0,0,0,0,0,545,24,81,55,173,53,13,13,0,0,0,0,0,0,0,0,62,53,0,83,0,0,0,9,0,0,0,0,0,0,0,9,265,7,1,36,2,0,0,0,0,3,0,0,0,0,0,0,0,4,0,0,0,0,0,0,0,0,0,0,0,0,0,0,714,155,0,3,0,0,0,2,0,0,0,0,0,0,0,0,256,477,2,151,0,0,0,49,0,0,0,8,0,8,0,0,0,0,0,0,0,0,0,0,0,0,0,0,0,0,0,1,15,1,26,34,0,0,0,26,6,10,0,90,0,0,0,0,159,12,6,54,0,1,0,0,2,2,0,6,14,0,0,5,0,13,0,0,0,0,0,0,7,0,0,0,0,0,0,0,441,20,0,31,0,5,0,0,6,0,0,1,0,0,0,0,19,18,0,35,0,0,0,1,23,1,0,0,0,1,0,9,55,22,10,89,8,0,0,1,0,0,0,0,17,0,0,0,3,1,3,0,1,1,0,0,0,0,0,0,0,0,0,0,4,168,101,57,0,0,0,0,0,6,0,0,0,0,0,0,8,1,1,115,11,65,2,14,16,0,0,0,0,0,0,0,140,44,2,121,0,0,0,5,0,0,0,0,0,0,0,0,9,0,0,3,0,0,0,0,0,0,0,0,13,0,0,0,36,4,2,36,0,0,10,6,0,0,0,4,0,0,0,64,24,1,0,19,0,0,0,109,0,0,0,1,0,0,0,2,35,8,0,10,1,0,0,0,0,1,0,0,0,0,0,0,0,0,0,17,0,0,0,0,0,0,0,0,0,0,0,0,0,0,0,0,0,0,0,2,0,0,0,0,0,0,2,0,39,39,16,156,0,0,0,0,0,0,0,6,0,0,0,0,32,987,27,56,0,13,0,4,0,0,0,0,0,0,0,0,131,0,1,36,113,0,0,0,0,0,0,0,0,0,0,0,0,0,10,304,0,0,0,128,0,0,0,0,0,0,0,0,143,70,0,95,0,0,0,0,0,0,0,0,0,0,0,0,297,33,0,37,19,0,0,0,0,0,0,0,0,0,0,0,25,3,0,16,0,0,1,0,8,0,0,12,0,0,0,0,634,22,22,69,11,14,0,3,200,0,0,39,0,0,0,0,57,7,0,197,36,0,0,2,0,4,0,0,0,0,0,109,1,0,21,18,1,0,0,4,0,0,0,0,0,0,0,0,11,0,0,4,0,0,0,3,0,0,0,0,0,0,0,0,1997,980,454,1290,36,14,13,418,220,0,0,53,2,35,0,168,291,12,125,93,0,0,4,2,1,0,0,6,0,0,0,2,2737,584,696,1671,500,112,464,192,41,504,66,270,0,0,0,4,198,11,6,204,183,10,17,25,0,0,2,11,0,0,0,0,4521,881,1855,2447,410,134,212,76,424,5,163,0,342,3,0,261,4361,2192,2323,6470,367,5,575,1029,33,20,379,271,376,0,0,5,0,16,3,4,0,0,0,6,2,0,0,0,0,0,0,0,753,34,12,115,19,1,0,22,1,0,0,2,0,0,0,0,371,6,8,30,184,3,3,4,5,1,13,13,4,2,0,10,1350,1292,535,417,501,183,6,5,13,2,12,5,5,0,2,0,755,14,19,574,173,282,2,121,11,158,2,8,57,37,0,5,119,74,2,251,29,0,0,17,0,2,0,41,16,1,0,8,545,23,4,223,0,17,0,0,0,0,0,0,0,3,0,0,0,0,0,0,14,0,0,0,0,0,0,0,0,0,0,0,0,111,12,16,0,0,0,0,0,0,0,0,0,0,0,0,5924,2800,1757,6757,186,47,8,817,62,3,54,123,496,171,0,830,1359,433,123,1430,2,20,11,262,21,0,0,195,101,7,1,56,1943,876,1149,2968,287,5,14,1214,133,17,3,360,124,63,6,237,462,16,0,134,0,0,0,0,0,0,0,0,0,6,0,11,5722,2689,1731,7113,292,0,3,340,620,216,475,720,213,64,37,158,0,0,3,26,0,162,0,5,0,0,0,0,0,0,0,0,231,0,3,15,0,0,0,0,3,0,0,1,0,0,0,0,3339,890,261,874,466,26,30,270,35,0,16,183,6,305,0,59,1176,434,440,706,124,22,0,30,97,2,4,88,25,3,0
0,22,0,242,133,0,0,0,0,0,0,0,0,0,0,0,0,436,0,0,128,5,153,0,22,0,0,0,0,0,0,0,0,12,75,25,57,0,0,0,0,0,2,0,0,0,0,4,19,294,240,228,307,32,285,8,20,0,0,0,0,0,0,0,0,22,22,14,38,0,12,0,0,0,0,8,0,0,0,0,0,15,114,0,7,0,0,0,13,0,0,0,0,0,0,0,0,545,24,81,55,173,53,13,13,0,0,0,0,0,0,0,0,62,53,0,83,0,0,0,9,0,0,0,0,0,0,0,9,265,7,1,36,2,0,0,0,0,3,0,0,0,0,0,0,0,4,0,0,0,0,0,0,0,0,0,0,0,0,0,0,712,155,0,3,0,0,0,2,0,0,0,0,0,0,0,0,256,477,2,151,0,0,0,49,0,0,0,8,0,8,0,0,0,0,0,0,0,0,0,0,0,0,0,0,0,0,0,1,15,1,26,34,0,0,0,26,6,10,0,90,0,0,0,0,159,12,6,54,0,1,0,0,2,2,0,6,14,0,0,5,0,13,0,0,0,0,0,0,7,0,0,0,0,0,0,0,441,20,0,31,0,5,0,0,6,0,0,1,0,0,0,0,19,18,0,35,0,0,0,1,23,1,0,0,0,1,0,9,55,22,10,89,8,0,0,1,0,0,0,0,17,0,0,0,3,1,3,0,1,1,0,0,0,0,0,0,0,0,0,0,4,168,101,57,0,0,0,0,0,6,0,0,0,0,0,0,8,1,1,115,11,65,2,14,16,0,0,0,0,0,0,0,140,44,2,121,0,0,0,5,0,0,0,0,0,0,0,0,9,0,0,3,0,0,0,0,0,0,0,0,13,0,0,0,36,4,2,36,0,0,10,6,0,0,0,4,0,0,0,64,24,1,0,19,0,0,0,109,0,0,0,1,0,0,0,2,35,8,0,10,1,0,0,0,0,1,0,0,0,0,0,0,0,0,0,17,0,0,0,0,0,0,0,0,0,0,0,0,0,0,0,0,0,0,0,2,0,0,0,0,0,0,2,0,39,39,16,156,0,0,0,0,0,0,0,6,0,0,0,0,32,987,27,56,0,13,0,4,0,0,0,0,0,0,0,0,131,0,1,36,113,0,0,0,0,0,0,0,0,0,0,0,0,0,10,304,0,0,0,128,0,0,0,0,0,0,0,0,143,70,0,95,0,0,0,0,0,0,0,0,0,0,0,0,297,33,0,37,19,0,0,0,0,0,0,0,0,0,0,0,25,3,0,16,0,0,1,0,8,0,0,12,0,0,0,0,634,22,22,69,11,14,0,3,200,0,0,39,0,0,0,0,57,7,0,197,36,0,0,2,0,4,0,0,0,0,0,109,1,0,21,18,1,0,0,4,0,0,0,0,0,0,0,0,11,0,0,4,0,0,0,3,0,0,0,0,0,0,0,0,1997,980,454,1290,36,14,13,418,220,0,0,53,2,35,0,168,291,12,125,93,0,0,4,2,1,0,0,6,0,0,0,2,2737,584,696,1671,500,112,464,192,41,504,66,270,0,0,0,4,198,11,6,204,183,10,17,25,0,0,2,11,0,0,0,0,4521,881,1855,2448,410,134,212,76,424,5,163,0,342,3,0,260,4361,2192,2323,6470,367,5,575,1028,33,20,379,271,376,0,0,5,0,16,3,4,0,0,0,6,2,0,0,0,0,0,0,0,753,34,12,115,19,1,0,22,1,0,0,2,0,0,0,0,371,6,8,30,184,3,3,4,5,1,13,13,4,2,0,10,1350,1292,535,417,501,183,6,5,13,2,12,5,5,0,2,0,755,14,19,574,173,282,2,121,11,158,2,8,57,37,0,5,119,74,2,251,29,0,0,17,0,2,0,41,16,1,0,8,545,23,4,223,0,17,0,0,0,0,0,0,0,3,0,0,0,0,0,0,14,0,0,0,0,0,0,0,0,0,0,0,0,111,12,16,0,0,0,0,0,0,0,0,0,0,0,0,5924,2800,1757,6757,186,47,8,817,62,3,54,123,496,171,0,830,1359,433,123,1430,2,20,11,262,21,0,0,195,101,7,1,56,1943,876,1149,2969,287,5,14,1214,133,17,3,360,124,63,6,237,462,16,0,134,0,0,0,0,0,0,0,0,0,6,0,11,5722,2691,1731,7115,292,0,3,340,620,216,475,720,213,64,37,158,0,0,3,26,0,162,0,5,0,0,0,0,0,0,0,0,231,0,3,15,0,0,0,0,3,0,0,1,0,0,0,0,3338,890,261,874,466,26,30,270,35,0,16,183,6,305,0,59,1176,434,440,706,124,22,0,30,97,2,4,88,25,3,0
0,22,0,242,133,0,0,0,0,0,0,0,0,0,0,0,0,436,0,0,128,5,153,0,22,0,0,0,0,0,0,0,0,12,75,25,57,0,0,0,0,0,2,0,0,0,0,4,19,294,240,228,307,32,285,8,20,0,0,0,0,0,0,0,0,22,22,14,38,0,12,0,0,0,0,8,0,0,0,0,0,15,114,0,7,0,0,0,13,0,0,0,0,0,0,0,0,545,24,81,55,173,53,13,13,0,0,0,0,0,0,0,0,62,53,0,83,0,0,0,9,0,0,0,0,0,0,0,9,265,7,1,36,2,0,0,0,0,3,0,0,0,0,0,0,0,4,0,0,0,0,0,0,0,0,0,0,0,0,0,0,712,155,0,3,0,0,0,2,0,0,0,0,0,0,0,0,256,477,2,151,0,0,0,49,0,0,0,8,0,8,0,0,0,0,0,0,0,0,0,0,0,0,0,0,0,0,0,1,15,1,26,34,0,0,0,26,6,10,0,90,0,0,0,0,159,12,6,54,0,1,0,0,2,2,0,6,14,0,0,5,0,13,0,0,0,0,0,0,7,0,0,0,0,0,0,0,441,20,0,31,0,5,0,0,6,0,0,1,0,0,0,0,19,18,0,35,0,0,0,1,23,1,0,0,0,1,0,9,55,22,10,89,8,0,0,1,0,0,0,0,17,0,0,0,3,1,3,0,1,1,0,0,0,0,0,0,0,0,0,0,4,168,101,57,0,0,0,0,0,6,0,0,0,0,0,0,8,1,1,115,11,65,2,14,16,0,0,0,0,0,0,0,140,44,2,121,0,0,0,5,0,0,0,0,0,0,0,0,9,0,0,3,0,0,0,0,0,0,0,0,13,0,0,0,36,4,2,36,0,0,10,6,0,0,0,4,0,0,0,64,24,1,0,19,0,0,0,109,0,0,0,1,0,0,0,2,35,8,0,10,1,0,0,0,0,1,0,0,0,0,0,0,0,0,0,17,0,0,0,0,0,0,0,0,0,0,0,0,0,0,0,0,0,0,0,2,0,0,0,0,0,0,2,0,39,39,16,156,0,0,0,0,0,0,0,6,0,0,0,0,32,987,27,56,0,13,0,4,0,0,0,0,0,0,0,0,131,0,1,36,113,0,0,0,0,0,0,0,0,0,0,0,0,0,10,304,0,0,0,128,0,0,0,0,0,0,0,0,143,70,0,95,0,0,0,0,0,0,0,0,0,0,0,0,297,33,0,37,19,0,0,0,0,0,0,0,0,0,0,0,25,3,0,16,0,0,1,0,8,0,0,12,0,0,0,0,634,22,22,69,11,14,0,3,200,0,0,39,0,0,0,0,57,7,0,197,36,0,0,2,0,4,0,0,0,0,0,109,1,0,21,18,1,0,0,4,0,0,0,0,0,0,0,0,11,0,0,4,0,0,0,3,0,0,0,0,0,0,0,0,1997,980,454,1290,36,14,13,418,220,0,0,53,2,35,0,168,291,12,125,93,0,0,4,2,1,0,0,6,0,0,0,2,2737,584,696,1672,500,112,464,192,41,504,66,270,0,0,0,4,198,11,6,204,183,10,17,25,0,0,2,11,0,0,0,0,4521,881,1855,2447,410,134,212,76,424,5,163,0,342,3,0,260,4360,2192,2323,6469,367,5,575,1028,33,20,379,271,376,0,0,5,0,16,3,4,0,0,0,6,2,0,0,0,0,0,0,0,753,34,12,115,19,1,0,22,1,0,0,2,0,0,0,0,371,6,8,30,184,3,3,4,5,1,13,13,4,2,0,10,1350,1292,535,417,501,183,6,5,13,2,12,5,5,0,2,0,755,14,19,574,173,282,2,121,11,158,2,8,57,37,0,5,119,74,2,251,29,0,0,17,0,2,0,41,16,1,0,8,545,23,4,223,0,17,0,0,0,0,0,0,0,3,0,0,0,0,0,0,14,0,0,0,0,0,0,0,0,0,0,0,0,111,12,16,0,0,0,0,0,0,0,0,0,0,0,0,5924,2800,1757,6758,186,47,8,817,62,3,54,123,496,171,0,830,1359,434,123,1430,2,20,11,262,21,0,0,195,101,7,1,56,1943,876,1149,2968,287,5,14,1214,133,17,3,360,124,63,6,237,462,16,0,135,0,0,0,0,0,0,0,0,0,6,0,11,5722,2689,1731,7113,292,0,3,340,620,216,475,720,213,64,37,158,0,0,3,26,0,162,0,5,0,0,0,0,0,0,0,0,231,0,3,15,0,0,0,0,3,0,0,1,0,0,0,0,3338,890,261,874,466,26,30,270,35,0,16,183,6,305,0,59,1176,434,440,706,124,22,0,30,97,2,4,88,25,3,0
0,22,0,242,133,0,0,0,0,0,0,0,0,0,0,0,0,436,0,0,128,5,153,0,22,0,0,0,0,0,0,0,0,12,75,25,57,0,0,0,0,0,2,0,0,0,0,4,19,294,240,228,307,32,285,8,20,0,0,0,0,0,0,0,0,22,22,14,38,0,12,0,0,0,0,8,0,0,0,0,0,15,114,0,7,0,0,0,13,0,0,0,0,0,0,0,0,545,24,81,55,173,53,13,13,0,0,0,0,0,0,0,0,62,53,0,83,0,0,0,9,0,0,0,0,0,0,0,9,265,7,1,36,2,0,0,0,0,3,0,0,0,0,0,0,0,4,0,0,0,0,0,0,0,0,0,0,0,0,0,0,712,155,0,3,0,0,0,2,0,0,0,0,0,0,0,0,256,477,2,151,0,0,0,49,0,0,0,8,0,8,0,0,0,0,0,0,0,0,0,0,0,0,0,0,0,0,0,1,15,1,26,34,0,0,0,26,6,10,0,90,0,0,0,0,159,12,6,54,0,1,0,0,2,2,0,6,14,0,0,5,0,13,0,0,0,0,0,0,7,0,0,0,0,0,0,0,441,20,0,31,0,5,0,0,6,0,0,1,0,0,0,0,19,18,0,35,0,0,0,1,23,1,0,0,0,1,0,9,55,22,10,89,8,0,0,1,0,0,0,0,17,0,0,0,3,1,3,0,1,1,0,0,0,0,0,0,0,0,0,0,4,168,101,57,0,0,0,0,0,6,0,0,0,0,0,0,8,1,1,115,11,65,2,14,16,0,0,0,0,0,0,0,140,44,2,121,0,0,0,5,0,0,0,0,0,0,0,0,9,0,0,3,0,0,0,0,0,0,0,0,13,0,0,0,36,4,2,36,0,0,10,6,0,0,0,4,0,0,0,64,24,1,0,19,0,0,0,109,0,0,0,1,0,0,0,2,35,8,0,10,1,0,0,0,0,1,0,0,0,0,0,0,0,0,0,17,0,0,0,0,0,0,0,0,0,0,0,0,0,0,0,0,0,0,0,2,0,0,0,0,0,0,2,0,39,39,16,156,0,0,0,0,0,0,0,6,0,0,0,0,32,987,27,56,0,13,0,4,0,0,0,0,0,0,0,0,131,0,1,36,113,0,0,0,0,0,0,0,0,0,0,0,0,0,10,304,0,0,0,128,0,0,0,0,0,0,0,0,143,70,0,95,0,0,0,0,0,0,0,0,0,0,0,0,297,33,0,37,19,0,0,0,0,0,0,0,0,0,0,0,25,3,0,16,0,0,1,0,8,0,0,12,0,0,0,0,634,22,22,69,11,14,0,3,200,0,0,39,0,0,0,0,57,7,0,197,36,0,0,2,0,4,0,0,0,0,0,109,1,0,21,18,1,0,0,4,0,0,0,0,0,0,0,0,11,0,0,4,0,0,0,3,0,0,0,0,0,0,0,0,1997,980,454,1290,36,14,13,418,220,0,0,53,2,35,0,168,291,12,125,93,0,0,4,2,1,0,0,6,0,0,0,2,2737,584,696,1671,500,112,464,192,41,504,66,270,0,0,0,4,198,11,6,204,183,10,17,25,0,0,2,11,0,0,0,0,4522,881,1856,2447,410,134,212,76,424,5,163,0,342,3,0,260,4361,2193,2323,6469,367,5,575,1028,33,20,379,271,376,0,0,5,0,16,3,4,0,0,0,6,2,0,0,0,0,0,0,0,753,34,12,115,19,1,0,22,1,0,0,2,0,0,0,0,371,6,8,30,184,3,3,4,5,1,13,13,4,2,0,10,1350,1292,535,417,501,183,6,5,13,2,12,5,5,0,2,0,755,14,19,574,173,282,2,121,11,158,2,8,57,37,0,5,119,74,2,251,29,0,0,17,0,2,0,41,16,1,0,8,545,23,4,223,0,17,0,0,0,0,0,0,0,3,0,0,0,0,0,0,14,0,0,0,0,0,0,0,0,0,0,0,0,111,12,16,0,0,0,0,0,0,0,0,0,0,0,0,5924,2800,1757,6757,186,47,8,817,62,3,54,123,496,171,0,830,1359,433,123,1430,2,20,11,262,21,0,0,195,101,7,1,56,1944,876,1149,2968,287,5,14,1214,133,17,3,360,124,63,6,237,462,16,0,134,0,0,0,0,0,0,0,0,0,6,0,11,5723,2689,1732,7113,293,0,3,340,620,216,475,720,213,64,37,158,0,0,3,26,0,162,0,5,0,0,0,0,0,0,0,0,231,0,3,15,0,0,0,0,3,0,0,1,0,0,0,0,3338,890,261,874,466,26,30,270,35,0,16,183,6,305,0,59,1176,434,440,706,124,22,0,30,97,2,4,88,25,3,0
0,22,0,242,133,0,0,0,0,0,0,0,0,0,0,0,0,436,0,0,128,5,153,0,22,0,0,0,0,0,0,0,0,12,75,25,57,0,0,0,0,0,2,0,0,0,0,4,19,294,240,228,307,32,285,8,20,0,0,0,0,0,0,0,0,22,22,14,38,0,12,0,0,0,0,8,0,0,0,0,0,15,114,0,7,0,0,0,13,0,0,0,0,0,0,0,0,545,24,81,55,173,53,13,13,0,0,0,0,0,0,0,0,62,53,0,83,0,0,0,9,0,0,0,0,0,0,0,9,265,7,1,36,2,0,0,0,0,3,0,0,0,0,0,0,0,4,0,0,0,0,0,0,0,0,0,0,0,0,0,0,712,155,0,3,0,0,0,2,0,0,0,0,0,0,0,0,256,477,2,151,0,0,0,49,0,0,0,8,0,8,0,0,0,0,0,0,0,0,0,0,0,0,0,0,0,0,0,1,15,1,26,34,0,0,0,26,6,10,0,90,0,0,0,0,159,12,6,54,0,1,0,0,2,2,0,6,14,0,0,5,0,13,0,0,0,0,0,0,7,0,0,0,0,0,0,0,441,20,0,31,0,5,0,0,6,0,0,1,0,0,0,0,19,18,0,35,0,0,0,1,23,1,0,0,0,1,0,9,55,22,10,89,8,0,0,1,0,0,0,0,17,0,0,0,3,1,3,0,1,1,0,0,0,0,0,0,0,0,0,0,4,168,101,57,0,0,0,0,0,6,0,0,0,0,0,0,8,1,1,115,11,65,2,14,16,0,0,0,0,0,0,0,140,44,2,121,0,0,0,5,0,0,0,0,0,0,0,0,9,0,0,3,0,0,0,0,0,0,0,0,13,0,0,0,36,4,2,36,0,0,10,6,0,0,0,4,0,0,0,64,24,1,0,19,0,0,0,109,0,0,0,1,0,0,0,2,35,8,0,10,1,0,0,0,0,1,0,0,0,0,0,0,0,0,0,17,0,0,0,0,0,0,0,0,0,0,0,0,0,0,0,0,0,0,0,2,0,0,0,0,0,0,2,0,39,39,16,156,0,0,0,0,0,0,0,6,0,0,0,0,32,987,27,56,0,13,0,4,0,0,0,0,0,0,0,0,131,0,1,36,113,0,0,0,0,0,0,0,0,0,0,0,0,0,10,304,0,0,0,128,0,0,0,0,0,0,0,0,143,70,0,95,0,0,0,0,0,0,0,0,0,0,0,0,297,33,0,37,19,0,0,0,0,0,0,0,0,0,0,0,25,3,0,16,0,0,1,0,8,0,0,12,0,0,0,0,634,22,22,69,11,14,0,3,200,0,0,39,0,0,0,0,57,7,0,197,36,0,0,2,0,4,0,0,0,0,0,109,1,0,21,18,1,0,0,4,0,0,0,0,0,0,0,0,11,0,0,4,0,0,0,3,0,0,0,0,0,0,0,0,1997,980,454,1290,36,14,13,418,220,0,0,53,2,35,0,168,291,12,125,93,0,0,4,2,1,0,0,6,0,0,0,2,2737,584,696,1671,500,112,464,192,41,504,66,270,0,0,0,4,198,11,6,204,183,10,17,25,0,0,2,11,0,0,0,0,4521,881,1855,2447,410,134,212,76,424,5,163,0,342,3,0,260,4360,2192,2323,6469,367,5,575,1028,33,20,379,271,376,0,0,5,0,16,3,4,0,0,0,6,2,0,0,0,0,0,0,0,753,34,12,115,19,1,0,22,1,0,0,2,0,0,0,0,371,6,8,30,184,3,3,4,5,1,13,13,4,2,0,10,1350,1292,535,417,501,183,6,5,13,2,12,5,5,0,2,0,755,14,19,574,173,282,2,121,11,158,2,8,57,37,0,5,119,74,2,251,29,0,0,17,0,2,0,41,16,1,0,8,545,23,4,223,0,17,0,0,0,0,0,0,0,3,0,0,0,0,0,0,14,0,0,0,0,0,0,0,0,0,0,0,0,111,12,16,0,0,0,0,0,0,0,0,0,0,0,0,5924,2800,1757,6757,186,47,8,817,62,3,54,123,496,171,0,830,1359,433,123,1430,2,20,11,262,21,0,0,195,101,7,1,56,1943,876,1149,2968,287,5,14,1214,133,17,3,360,124,63,6,237,462,16,0,134,0,0,0,0,0,0,0,0,0,6,0,11,5722,2689,1731,7113,292,0,3,340,620,216,475,720,213,64,37,158,0,0,3,26,0,162,0,5,0,0,0,0,0,0,0,0,231,0,3,15,0,0,0,0,3,0,0,1,0,0,0,0,3338,890,261,874,466,26,30,270,35,0,16,183,6,305,0,59,1176,434,440,706,124,22,0,30,97,2,4,88,25,3,0
0,22,0,242,133,0,0,0,0,0,0,0,0,0,0,0,0,436,0,0,128,5,153,0,22,0,0,0,0,0,0,0,0,12,75,25,57,0,0,0,0,0,2,0,0,0,0,4,19,294,240,228,307,32,285,8,20,0,0,0,0,0,0,0,0,22,22,14,38,0,12,0,0,0,0,8,0,0,0,0,0,15,114,0,7,0,0,0,13,0,0,0,0,0,0,0,0,545,24,81,55,173,53,13,13,0,0,0,0,0,0,0,0,62,53,0,83,0,0,0,9,0,0,0,0,0,0,0,9,265,7,1,36,2,0,0,0,0,3,0,0,0,0,0,0,0,4,0,0,0,0,0,0,0,0,0,0,0,0,0,0,712,155,0,3,0,0,0,2,0,0,0,0,0,0,0,0,256,477,2,151,0,0,0,49,0,0,0,8,0,8,0,0,0,0,0,0,0,0,0,0,0,0,0,0,0,0,0,1,15,1,26,34,0,0,0,26,6,10,0,90,0,0,0,0,159,12,6,54,0,1,0,0,2,2,0,6,14,0,0,5,0,13,0,0,0,0,0,0,7,0,0,0,0,0,0,0,441,20,0,31,0,5,0,0,6,0,0,1,0,0,0,0,19,18,0,35,0,0,0,1,23,1,0,0,0,1,0,9,55,22,10,89,8,0,0,1,0,0,0,0,17,0,0,0,3,1,3,0,1,1,0,0,0,0,0,0,0,0,0,0,4,168,101,57,0,0,0,0,0,6,0,0,0,0,0,0,8,1,1,115,11,65,2,14,16,0,0,0,0,0,0,0,140,44,2,121,0,0,0,5,0,0,0,0,0,0,0,0,9,0,0,3,0,0,0,0,0,0,0,0,13,0,0,0,36,4,2,36,0,0,10,6,0,0,0,4,0,0,0,64,24,1,0,19,0,0,0,109,0,0,0,1,0,0,0,2,35,8,0,10,1,0,0,0,0,1,0,0,0,0,0,0,0,0,0,17,0,0,0,0,0,0,0,0,0,0,0,0,0,0,0,0,0,0,0,2,0,0,0,0,0,0,2,0,39,39,16,156,0,0,0,0,0,0,0,6,0,0,0,0,32,987,27,56,0,13,0,4,0,0,0,0,0,0,0,0,131,0,1,36,113,0,0,0,0,0,0,0,0,0,0,0,0,0,10,304,0,0,0,128,0,0,0,0,0,0,0,0,143,70,0,95,0,0,0,0,0,0,0,0,0,0,0,0,297,33,0,37,19,0,0,0,0,0,0,0,0,0,0,0,25,3,0,16,0,0,1,0,8,0,0,12,0,0,0,0,634,22,22,69,11,14,0,3,200,0,0,39,0,0,0,0,57,7,0,197,36,0,0,2,0,4,0,0,0,0,0,109,1,0,21,18,1,0,0,4,0,0,0,0,0,0,0,0,11,0,0,4,0,0,0,3,0,0,0,0,0,0,0,0,1997,980,454,1290,36,14,13,418,220,0,0,53,2,35,0,168,291,12,125,93,0,0,4,2,1,0,0,6,0,0,0,2,2737,584,696,1671,500,112,464,192,41,504,66,270,0,0,0,4,198,11,6,204,183,10,17,25,0,0,2,11,0,0,0,0,4521,881,1855,2447,410,134,212,76,424,5,163,0,342,3,0,260,4360,2192,2323,6469,367,5,575,1028,33,20,379,271,376,0,0,5,0,16,3,4,0,0,0,6,2,0,0,0,0,0,0,0,753,34,12,115,19,1,0,22,1,0,0,2,0,0,0,0,371,6,8,30,184,3,3,4,5,1,13,13,4,2,0,10,1350,1292,535,417,501,183,6,5,13,2,12,5,5,0,2,0,755,14,19,574,173,282,2,121,11,158,2,8,57,37,0,5,119,74,2,251,29,0,0,17,0,2,0,41,16,1,0,8,545,23,4,223,0,17,0,0,0,0,0,0,0,3,0,0,0,0,0,0,14,0,0,0,0,0,0,0,0,0,0,0,0,111,12,16,0,0,0,0,0,0,0,0,0,0,0,0,5924,2800,1757,6757,186,47,8,817,62,3,54,123,496,171,0,830,1359,433,123,1430,2,20,11,262,21,0,0,195,101,7,1,56,1943,876,1149,2968,287,5,14,1214,133,17,3,360,124,63,6,237,462,16,0,134,0,0,0,0,0,0,0,0,0,6,0,11,5722,2689,1731,7113,292,0,3,340,620,216,475,720,213,64,37,158,0,0,3,26,0,162,0,5,0,0,0,0,0,0,0,0,231,0,3,15,0,0,0,0,3,0,0,1,0,0,0,0,3338,890,261,874,466,26,30,270,35,0,16,183,6,305,0,59,1176,434,440,706,124,22,0,30,97,2,4,88,25,3,0
0,22,0,242,133,0,0,0,0,0,0,0,0,0,0,0,0,436,0,0,128,5,153,0,22,0,0,0,0,0,0,0,0,12,75,25,57,0,0,0,0,0,2,0,0,0,0,4,19,294,240,228,307,32,285,8,20,0,0,0,0,0,0,0,0,22,22,14,38,0,12,0,0,0,0,8,0,0,0,0,0,15,114,0,7,0,0,0,13,0,0,0,0,0,0,0,0,545,24,81,55,173,53,13,13,0,0,0,0,0,0,0,0,62,53,0,83,0,0,0,9,0,0,0,0,0,0,0,9,265,7,1,36,2,0,0,0,0,3,0,0,0,0,0,0,0,4,0,0,0,0,0,0,0,0,0,0,0,0,0,0,712,155,0,3,0,0,0,2,0,0,0,0,0,0,0,0,256,477,2,151,0,0,0,49,0,0,0,8,0,8,0,0,0,0,0,0,0,0,0,0,0,0,0,0,0,0,0,1,15,1,26,34,0,0,0,26,6,10,0,90,0,0,0,0,159,12,6,54,0,1,0,0,2,2,0,6,14,0,0,5,0,13,0,0,0,0,0,0,7,0,0,0,0,0,0,0,441,20,0,31,0,5,0,0,6,0,0,1,0,0,0,0,19,18,0,35,0,0,0,1,23,1,0,0,0,1,0,9,55,22,10,89,8,0,0,1,0,0,0,0,17,0,0,0,3,1,3,0,1,1,0,0,0,0,0,0,0,0,0,0,4,168,101,57,0,0,0,0,0,6,0,0,0,0,0,0,8,1,1,115,11,65,2,14,16,0,0,0,0,0,0,0,140,44,2,121,0,0,0,5,0,0,0,0,0,0,0,0,9,0,0,3,0,0,0,0,0,0,0,0,13,0,0,0,36,4,2,36,0,0,10,6,0,0,0,4,0,0,0,64,24,1,0,19,0,0,0,109,0,0,0,1,0,0,0,2,35,8,0,10,1,0,0,0,0,1,0,0,0,0,0,0,0,0,0,17,0,0,0,0,0,0,0,0,0,0,0,0,0,0,0,0,0,0,0,2,0,0,0,0,0,0,2,0,39,39,16,156,0,0,0,0,0,0,0,6,0,0,0,0,32,987,27,56,0,13,0,4,0,0,0,0,0,0,0,0,131,0,1,36,113,0,0,0,0,0,0,0,0,0,0,0,0,0,10,304,0,0,0,128,0,0,0,0,0,0,0,0,143,70,0,95,0,0,0,0,0,0,0,0,0,0,0,0,297,33,0,37,19,0,0,0,0,0,0,0,0,0,0,0,25,3,0,16,0,0,1,0,8,0,0,12,0,0,0,0,634,22,22,69,11,14,0,3,200,0,0,39,0,0,0,0,57,7,0,197,36,0,0,2,0,4,0,0,0,0,0,109,1,0,21,18,1,0,0,4,0,0,0,0,0,0,0,0,11,0,0,4,0,0,0,3,0,0,0,0,0,0,0,0,1997,980,454,1290,36,14,13,418,220,0,0,53,2,35,0,168,291,12,125,93,0,0,4,2,1,0,0,6,0,0,0,2,2737,584,696,1671,500,112,464,192,41,504,66,270,0,0,0,4,198,11,6,204,183,10,17,25,0,0,2,11,0,0,0,0,4522,881,1855,2447,410,134,213,76,424,5,163,0,342,3,0,260,4360,2193,2323,6471,367,5,575,1028,33,20,379,271,376,0,0,5,0,16,3,4,0,0,0,6,2,0,0,0,0,0,0,0,753,34,12,115,19,1,0,22,1,0,0,2,0,0,0,0,371,6,8,30,184,3,3,4,5,1,13,13,4,2,0,10,1350,1292,535,417,501,183,6,5,13,2,12,5,5,0,2,0,755,14,19,574,173,282,2,121,11,158,2,8,57,37,0,5,119,74,2,251,29,0,0,17,0,2,0,41,16,1,0,8,545,23,4,223,0,17,0,0,0,0,0,0,0,3,0,0,0,0,0,0,14,0,0,0,0,0,0,0,0,0,0,0,0,111,12,16,0,0,0,0,0,0,0,0,0,0,0,0,5925,2800,1757,6758,186,47,8,817,62,3,54,123,496,171,0,830,1359,433,123,1430,2,20,11,262,21,0,0,195,101,7,1,56,1944,876,1150,2969,287,5,14,1214,133,17,3,360,124,63,6,237,462,16,0,134,0,0,0,0,0,0,0,0,0,6,0,11,5723,2689,1731,7117,292,0,3,340,620,216,475,720,213,64,37,158,0,0,3,26,0,162,0,5,0,0,0,0,0,0,0,0,231,0,3,15,0,0,0,0,3,0,0,1,0,0,0,0,3338,890,261,874,466,26,30,270,35,0,16,183,6,305,0,59,1176,434,440,706,124,22,0,30,97,2,4,88,25,3,0
0,22,0,242,133,0,0,0,0,0,0,0,0,0,0,0,0,436,0,0,128,5,153,0,22,0,0,0,0,0,0,0,0,12,75,25,57,0,0,0,0,0,2,0,0,0,0,4,19,294,240,228,307,32,285,8,20,0,0,0,0,0,0,0,0,22,22,14,38,0,12,0,0,0,0,8,0,0,0,0,0,15,114,0,7,0,0,0,13,0,0,0,0,0,0,0,0,545,24,81,55,173,53,13,13,0,0,0,0,0,0,0,0,62,53,0,83,0,0,0,9,0,0,0,0,0,0,0,9,265,7,1,36,2,0,0,0,0,3,0,0,0,0,0,0,0,4,0,0,0,0,0,0,0,0,0,0,0,0,0,0,712,155,0,3,0,0,0,2,0,0,0,0,0,0,0,0,256,477,2,151,0,0,0,49,0,0,0,8,0,8,0,0,0,0,0,0,0,0,0,0,0,0,0,0,0,0,0,1,15,1,26,34,0,0,0,26,6,10,0,90,0,0,0,0,159,12,6,54,0,1,0,0,2,2,0,6,14,0,0,5,0,13,0,0,0,0,0,0,7,0,0,0,0,0,0,0,441,20,0,31,0,5,0,0,6,0,0,1,0,0,0,0,19,18,0,35,0,0,0,1,23,1,0,0,0,1,0,9,55,22,10,89,8,0,0,1,0,0,0,0,17,0,0,0,3,1,3,0,1,1,0,0,0,0,0,0,0,0,0,0,4,168,101,57,0,0,0,0,0,6,0,0,0,0,0,0,8,1,1,115,11,65,2,14,16,0,0,0,0,0,0,0,140,44,2,121,0,0,0,5,0,0,0,0,0,0,0,0,9,0,0,3,0,0,0,0,0,0,0,0,13,0,0,0,36,4,2,36,0,0,10,6,0,0,0,4,0,0,0,64,24,1,0,19,0,0,0,109,0,0,0,1,0,0,0,2,35,8,0,10,1,0,0,0,0,1,0,0,0,0,0,0,0,0,0,17,0,0,0,0,0,0,0,0,0,0,0,0,0,0,0,0,0,0,0,2,0,0,0,0,0,0,2,0,39,39,16,156,0,0,0,0,0,0,0,6,0,0,0,0,32,987,27,56,0,13,0,4,0,0,0,0,0,0,0,0,131,0,1,36,113,0,0,0,0,0,0,0,0,0,0,0,0,0,10,304,0,0,0,128,0,0,0,0,0,0,0,0,143,70,0,95,0,0,0,0,0,0,0,0,0,0,0,0,297,33,0,37,19,0,0,0,0,0,0,0,0,0,0,0,25,3,0,16,0,0,1,0,8,0,0,12,0,0,0,0,634,22,22,69,11,14,0,3,200,0,0,39,0,0,0,0,57,7,0,197,36,0,0,2,0,4,0,0,0,0,0,109,1,0,21,18,1,0,0,4,0,0,0,0,0,0,0,0,11,0,0,4,0,0,0,3,0,0,0,0,0,0,0,0,1997,980,454,1290,36,14,13,418,220,0,0,53,2,35,0,168,291,12,125,93,0,0,4,2,1,0,0,6,0,0,0,2,2737,584,696,1671,500,112,464,192,41,504,66,270,0,0,0,4,198,11,6,204,183,10,17,25,0,0,2,11,0,0,0,0,4521,881,1855,2447,410,134,212,76,424,5,163,0,342,3,0,260,4360,2192,2323,6469,367,5,575,1028,33,20,379,271,376,0,0,5,0,16,3,4,0,0,0,6,2,0,0,0,0,0,0,0,753,34,12,115,19,1,0,22,1,0,0,2,0,0,0,0,371,6,8,30,184,3,3,4,5,1,13,13,4,2,0,10,1350,1292,535,417,501,183,6,5,13,2,12,5,5,0,2,0,755,14,19,574,173,282,2,121,11,158,2,8,57,37,0,5,119,74,2,251,29,0,0,17,0,2,0,41,16,1,0,8,545,23,4,223,0,17,0,0,0,0,0,0,0,3,0,0,0,0,0,0,14,0,0,0,0,0,0,0,0,0,0,0,0,111,12,16,0,0,0,0,0,0,0,0,0,0,0,0,5924,2800,1757,6757,186,47,8,817,62,3,54,123,496,171,0,830,1359,433,123,1430,2,20,11,262,21,0,0,195,101,7,1,56,1943,876,1149,2968,287,5,14,1214,133,17,3,360,124,63,6,237,462,16,0,134,0,0,0,0,0,0,0,0,0,6,0,11,5722,2689,1731,7113,292,0,3,340,620,216,475,720,213,64,37,158,0,0,3,26,0,162,0,5,0,0,0,0,0,0,0,0,231,0,3,15,0,0,0,0,3,0,0,1,0,0,0,0,3338,890,261,874,466,26,30,270,35,0,16,183,6,305,0,59,1176,434,440,706,124,22,0,30,97,2,4,88,25,3,0
0,22,0,242,133,0,0,0,0,0,0,0,0,0,0,0,0,436,0,0,128,5,153,0,22,0,0,0,0,0,0,0,0,12,75,25,57,0,0,0,0,0,2,0,0,0,0,4,19,294,240,228,307,32,285,8,20,0,0,0,0,0,0,0,0,22,22,14,38,0,12,0,0,0,0,8,0,0,0,0,0,15,114,0,7,0,0,0,13,0,0,0,0,0,0,0,0,545,24,81,55,173,53,13,13,0,0,0,0,0,0,0,0,62,53,0,83,0,0,0,9,0,0,0,0,0,0,0,9,265,7,1,36,2,0,0,0,0,3,0,0,0,0,0,0,0,4,0,0,0,0,0,0,0,0,0,0,0,0,0,0,712,155,0,3,0,0,0,2,0,0,0,0,0,0,0,0,256,477,2,151,0,0,0,49,0,0,0,8,0,8,0,0,0,0,0,0,0,0,0,0,0,0,0,0,0,0,0,1,15,1,26,34,0,0,0,26,6,10,0,90,0,0,0,0,159,12,6,54,0,1,0,0,2,2,0,6,14,0,0,5,0,13,0,0,0,0,0,0,7,0,0,0,0,0,0,0,441,20,0,31,0,5,0,0,6,0,0,1,0,0,0,0,19,18,0,35,0,0,0,1,23,1,0,0,0,1,0,9,55,22,10,89,8,0,0,1,0,0,0,0,17,0,0,0,3,1,3,0,1,1,0,0,0,0,0,0,0,0,0,0,4,168,101,57,0,0,0,0,0,6,0,0,0,0,0,0,8,1,1,115,11,65,2,14,16,0,0,0,0,0,0,0,140,44,2,121,0,0,0,5,0,0,0,0,0,0,0,0,9,0,0,3,0,0,0,0,0,0,0,0,13,0,0,0,36,4,2,36,0,0,10,6,0,0,0,4,0,0,0,64,24,1,0,19,0,0,0,109,0,0,0,1,0,0,0,2,35,8,0,10,1,0,0,0,0,1,0,0,0,0,0,0,0,0,0,17,0,0,0,0,0,0,0,0,0,0,0,0,0,0,0,0,0,0,0,2,0,0,0,0,0,0,2,0,39,39,16,156,0,0,0,0,0,0,0,6,0,0,0,0,32,987,27,56,0,13,0,4,0,0,0,0,0,0,0,0,131,0,1,36,113,0,0,0,0,0,0,0,0,0,0,0,0,0,10,304,0,0,0,128,0,0,0,0,0,0,0,0,143,70,0,95,0,0,0,0,0,0,0,0,0,0,0,0,297,33,0,37,19,0,0,0,0,0,0,0,0,0,0,0,25,3,0,16,0,0,1,0,8,0,0,12,0,0,0,0,634,22,22,69,11,14,0,3,200,0,0,39,0,0,0,0,57,7,0,197,36,0,0,2,0,4,0,0,0,0,0,109,1,0,21,18,1,0,0,4,0,0,0,0,0,0,0,0,11,0,0,4,0,0,0,3,0,0,0,0,0,0,0,0,1997,980,454,1290,36,14,13,418,220,0,0,53,2,35,0,168,291,12,125,93,0,0,4,2,1,0,0,6,0,0,0,2,2737,584,696,1671,500,112,464,192,41,504,66,270,0,0,0,4,198,11,6,204,183,10,17,25,0,0,2,11,0,0,0,0,4521,881,1855,2447,410,134,212,76,424,5,163,0,342,3,0,260,4360,2192,2323,6469,367,5,575,1028,33,20,379,271,376,0,0,5,0,16,3,4,0,0,0,6,2,0,0,0,0,0,0,0,753,34,12,115,19,1,0,22,1,0,0,2,0,0,0,0,371,6,8,30,184,3,3,4,5,1,13,13,4,2,0,10,1350,1292,535,417,501,183,6,5,13,2,12,5,5,0,2,0,755,14,19,574,173,282,2,121,11,158,2,8,57,37,0,5,119,74,2,251,29,0,0,17,0,2,0,41,16,1,0,8,545,23,4,223,0,17,0,0,0,0,0,0,0,3,0,0,0,0,0,0,14,0,0,0,0,0,0,0,0,0,0,0,0,111,12,16,0,0,0,0,0,0,0,0,0,0,0,0,5924,2800,1757,6757,186,47,8,817,62,3,54,123,496,171,0,830,1359,433,123,1430,2,20,11,262,21,0,0,195,101,7,1,56,1943,876,1149,2968,287,5,14,1214,133,17,3,360,124,63,6,237,462,16,0,134,0,0,0,0,0,0,0,0,0,6,0,11,5722,2689,1731,7113,292,0,3,340,620,216,475,720,213,64,37,158,0,0,3,26,0,162,0,5,0,0,0,0,0,0,0,0,231,0,3,15,0,0,0,0,3,0,0,1,0,0,0,0,3338,890,261,874,466,26,30,270,35,0,16,183,6,305,0,59,1176,434,440,706,124,22,0,30,97,2,4,88,25,3,0
0,22,0,242,133,0,0,0,0,0,0,0,0,0,0,0,0,436,0,0,128,5,153,0,22,0,0,0,0,0,0,0,0,12,75,25,57,0,0,0,0,0,2,0,0,0,0,4,19,294,240,228,307,32,285,8,20,0,0,0,0,0,0,0,0,22,22,14,38,0,12,0,0,0,0,8,0,0,0,0,0,15,114,0,7,0,0,0,13,0,0,0,0,0,0,0,0,545,24,81,55,173,53,13,13,0,0,0,0,0,0,0,0,62,53,0,83,0,0,0,9,0,0,0,0,0,0,0,9,265,7,1,36,2,0,0,0,0,3,0,0,0,0,0,0,0,4,0,0,0,0,0,0,0,0,0,0,0,0,0,0,712,155,0,3,0,0,0,2,0,0,0,0,0,0,0,0,256,477,2,151,0,0,0,49,0,0,0,8,0,8,0,0,0,0,0,0,0,0,0,0,0,0,0,0,0,0,0,1,15,1,26,34,0,0,0,26,6,10,0,90,0,0,0,0,159,12,6,54,0,1,0,0,2,2,0,6,14,0,0,5,0,13,0,0,0,0,0,0,7,0,0,0,0,0,0,0,441,20,0,31,0,5,0,0,6,0,0,1,0,0,0,0,19,18,0,35,0,0,0,1,23,1,0,0,0,1,0,9,55,22,10,89,8,0,0,1,0,0,0,0,17,0,0,0,3,1,3,0,1,1,0,0,0,0,0,0,0,0,0,0,4,168,101,57,0,0,0,0,0,6,0,0,0,0,0,0,8,1,1,115,11,65,2,14,16,0,0,0,0,0,0,0,140,44,2,121,0,0,0,5,0,0,0,0,0,0,0,0,9,0,0,3,0,0,0,0,0,0,0,0,13,0,0,0,36,4,2,36,0,0,10,6,0,0,0,4,0,0,0,64,24,1,0,19,0,0,0,109,0,0,0,1,0,0,0,2,35,8,0,10,1,0,0,0,0,1,0,0,0,0,0,0,0,0,0,17,0,0,0,0,0,0,0,0,0,0,0,0,0,0,0,0,0,0,0,2,0,0,0,0,0,0,2,0,39,39,16,156,0,0,0,0,0,0,0,6,0,0,0,0,32,987,27,56,0,13,0,4,0,0,0,0,0,0,0,0,131,0,1,36,113,0,0,0,0,0,0,0,0,0,0,0,0,0,10,304,0,0,0,128,0,0,0,0,0,0,0,0,143,70,0,95,0,0,0,0,0,0,0,0,0,0,0,0,297,33,0,37,19,0,0,0,0,0,0,0,0,0,0,0,25,3,0,16,0,0,1,0,8,0,0,12,0,0,0,0,634,22,22,69,11,14,0,3,200,0,0,39,0,0,0,0,57,7,0,197,36,0,0,2,0,4,0,0,0,0,0,109,1,0,21,18,1,0,0,4,0,0,0,0,0,0,0,0,11,0,0,4,0,0,0,3,0,0,0,0,0,0,0,0,1997,980,454,1290,36,14,13,418,220,0,0,53,2,35,0,168,291,12,125,93,0,0,4,2,1,0,0,6,0,0,0,2,2737,584,696,1671,500,112,464,192,41,504,66,270,0,0,0,4,198,11,6,204,183,10,17,25,0,0,2,11,0,0,0,0,4521,881,1855,2447,410,134,212,76,424,5,163,0,342,3,0,260,4360,2192,2323,6469,367,5,575,1028,33,20,379,271,376,0,0,5,0,16,3,4,0,0,0,6,2,0,0,0,0,0,0,0,753,34,12,115,19,1,0,22,1,0,0,2,0,0,0,0,371,6,8,30,184,3,3,4,5,1,13,13,4,2,0,10,1350,1292,535,417,501,183,6,5,13,2,12,5,5,0,2,0,755,14,19,574,173,282,2,121,11,158,2,8,57,37,0,5,119,74,2,251,29,0,0,17,0,2,0,41,16,1,0,8,545,23,4,223,0,17,0,0,0,0,0,0,0,3,0,0,0,0,0,0,14,0,0,0,0,0,0,0,0,0,0,0,0,111,12,16,0,0,0,0,0,0,0,0,0,0,0,0,5924,2800,1757,6757,186,47,8,817,62,3,54,123,496,171,0,830,1359,433,123,1430,2,20,11,262,21,0,0,195,101,7,1,56,1943,876,1149,2968,287,5,14,1214,133,17,3,360,124,63,6,237,462,16,0,134,0,0,0,0,0,0,0,0,0,6,0,11,5722,2689,1731,7113,292,0,3,340,620,216,475,720,213,64,37,158,0,0,3,26,0,162,0,5,0,0,0,0,0,0,0,0,231,0,3,15,0,0,0,0,3,0,0,1,0,0,0,0,3338,890,261,874,466,26,30,270,35,0,16,183,6,305,0,59,1176,434,440,706,124,22,0,30,97,2,4,88,25,3,0
0,22,0,242,133,0,0,0,0,0,0,0,0,0,0,0,0,436,0,0,128,5,153,0,22,0,0,0,0,0,0,0,0,12,75,25,57,0,0,0,0,0,2,0,0,0,0,4,19,294,240,228,307,32,285,8,20,0,0,0,0,0,0,0,0,22,22,14,38,0,12,0,0,0,0,8,0,0,0,0,0,15,114,0,7,0,0,0,13,0,0,0,0,0,0,0,0,545,24,81,55,173,53,13,13,0,0,0,0,0,0,0,0,62,53,0,83,0,0,0,9,0,0,0,0,0,0,0,9,265,7,1,36,2,0,0,0,0,3,0,0,0,0,0,0,0,4,0,0,0,0,0,0,0,0,0,0,0,0,0,0,712,155,0,3,0,0,0,2,0,0,0,0,0,0,0,0,256,477,2,151,0,0,0,49,0,0,0,8,0,8,0,0,0,0,0,0,0,0,0,0,0,0,0,0,0,0,0,1,15,1,26,34,0,0,0,26,6,10,0,90,0,0,0,0,159,12,6,54,0,1,0,0,2,2,0,6,14,0,0,5,0,13,0,0,0,0,0,0,7,0,0,0,0,0,0,0,441,20,0,31,0,5,0,0,6,0,0,1,0,0,0,0,19,18,0,35,0,0,0,1,23,1,0,0,0,1,0,9,55,22,10,89,8,0,0,1,0,0,0,0,17,0,0,0,3,1,3,0,1,1,0,0,0,0,0,0,0,0,0,0,4,168,101,57,0,0,0,0,0,6,0,0,0,0,0,0,8,1,1,115,11,65,2,14,16,0,0,0,0,0,0,0,140,44,2,121,0,0,0,5,0,0,0,0,0,0,0,0,9,0,0,3,0,0,0,0,0,0,0,0,13,0,0,0,36,4,2,36,0,0,10,6,0,0,0,4,0,0,0,64,24,1,0,19,0,0,0,109,0,0,0,1,0,0,0,2,35,8,0,10,1,0,0,0,0,1,0,0,0,0,0,0,0,0,0,17,0,0,0,0,0,0,0,0,0,0,0,0,0,0,0,0,0,0,0,2,0,0,0,0,0,0,2,0,39,39,16,156,0,0,0,0,0,0,0,6,0,0,0,0,32,987,27,56,0,13,0,4,0,0,0,0,0,0,0,0,131,0,1,36,113,0,0,0,0,0,0,0,0,0,0,0,0,0,10,304,0,0,0,128,0,0,0,0,0,0,0,0,143,70,0,95,0,0,0,0,0,0,0,0,0,0,0,0,297,33,0,37,19,0,0,0,0,0,0,0,0,0,0,0,25,3,0,16,0,0,1,0,8,0,0,12,0,0,0,0,634,22,22,69,11,14,0,3,200,0,0,39,0,0,0,0,57,7,0,197,36,0,0,2,0,4,0,0,0,0,0,109,1,0,21,18,1,0,0,4,0,0,0,0,0,0,0,0,11,0,0,4,0,0,0,3,0,0,0,0,0,0,0,0,1997,980,454,1290,36,14,13,418,220,0,0,53,2,35,0,168,291,12,125,93,0,0,4,2,1,0,0,6,0,0,0,2,2737,584,696,1671,500,112,464,192,41,504,66,270,0,0,0,4,198,11,6,204,183,10,17,25,0,0,2,11,0,0,0,0,4521,881,1855,2447,410,134,212,76,424,5,163,0,342,3,0,260,4360,2192,2323,6469,367,5,575,1028,33,20,379,271,376,0,0,5,0,16,3,4,0,0,0,6,2,0,0,0,0,0,0,0,753,34,12,115,19,1,0,22,1,0,0,2,0,0,0,0,371,6,8,30,184,3,3,4,5,1,13,13,4,2,0,10,1350,1292,535,417,501,183,6,5,13,2,12,5,5,0,2,0,755,14,19,574,173,282,2,121,11,158,2,8,57,37,0,5,119,74,2,251,29,0,0,17,0,2,0,41,16,1,0,8,545,23,4,223,0,17,0,0,0,0,0,0,0,3,0,0,0,0,0,0,14,0,0,0,0,0,0,0,0,0,0,0,0,111,12,16,0,0,0,0,0,0,0,0,0,0,0,0,5924,2800,1757,6757,186,47,8,817,62,3,54,123,496,171,0,830,1359,433,123,1430,2,20,11,262,21,0,0,195,101,7,1,56,1943,876,1149,2968,287,5,14,1214,133,17,3,360,124,63,6,237,462,16,0,134,0,0,0,0,0,0,0,0,0,6,0,11,5722,2689,1731,7113,292,0,3,340,620,216,475,720,213,64,37,158,0,0,3,26,0,162,0,5,0,0,0,0,0,0,0,0,231,0,3,15,0,0,0,0,3,0,0,1,0,0,0,0,3338,890,261,874,466,26,30,270,35,0,16,183,6,305,0,59,1176,434,440,706,124,22,0,30,97,2,4,88,25,3,0
0,22,0,242,133,0,0,0,0,0,0,0,0,0,0,0,0,436,0,0,128,5,153,0,22,0,0,0,0,0,0,0,0,12,75,25,57,0,0,0,0,0,2,0,0,0,0,4,19,294,240,228,307,32,285,8,20,0,0,0,0,0,0,0,0,22,22,14,38,0,12,0,0,0,0,8,0,0,0,0,0,15,114,0,7,0,0,0,13,0,0,0,0,0,0,0,0,545,24,81,55,173,53,13,13,0,0,0,0,0,0,0,0,62,53,0,83,0,0,0,9,0,0,0,0,0,0,0,9,265,7,1,36,2,0,0,0,0,3,0,0,0,0,0,0,0,4,0,0,0,0,0,0,0,0,0,0,0,0,0,0,712,155,0,3,0,0,0,2,0,0,0,0,0,0,0,0,256,477,2,151,0,0,0,49,0,0,0,8,0,8,0,0,0,0,0,0,0,0,0,0,0,0,0,0,0,0,0,1,15,1,26,34,0,0,0,26,6,10,0,90,0,0,0,0,159,12,6,54,0,1,0,0,2,2,0,6,14,0,0,5,0,13,0,0,0,0,0,0,7,0,0,0,0,0,0,0,441,20,0,31,0,5,0,0,6,0,0,1,0,0,0,0,19,18,0,35,0,0,0,1,23,1,0,0,0,1,0,9,55,22,10,89,8,0,0,1,0,0,0,0,17,0,0,0,3,1,3,0,1,1,0,0,0,0,0,0,0,0,0,0,4,168,101,57,0,0,0,0,0,6,0,0,0,0,0,0,8,1,1,115,11,65,2,14,16,0,0,0,0,0,0,0,140,44,2,121,0,0,0,5,0,0,0,0,0,0,0,0,9,0,0,3,0,0,0,0,0,0,0,0,13,0,0,0,36,4,2,36,0,0,10,6,0,0,0,4,0,0,0,64,24,1,0,19,0,0,0,109,0,0,0,1,0,0,0,2,35,8,0,10,1,0,0,0,0,1,0,0,0,0,0,0,0,0,0,17,0,0,0,0,0,0,0,0,0,0,0,0,0,0,0,0,0,0,0,2,0,0,0,0,0,0,2,0,39,39,16,156,0,0,0,0,0,0,0,6,0,0,0,0,32,987,27,56,0,13,0,4,0,0,0,0,0,0,0,0,131,0,1,36,113,0,0,0,0,0,0,0,0,0,0,0,0,0,10,304,0,0,0,128,0,0,0,0,0,0,0,0,143,70,0,95,0,0,0,0,0,0,0,0,0,0,0,0,297,33,0,37,19,0,0,0,0,0,0,0,0,0,0,0,25,3,0,16,0,0,1,0,8,0,0,12,0,0,0,0,634,22,22,69,11,14,0,3,200,0,0,39,0,0,0,0,57,7,0,197,36,0,0,2,0,4,0,0,0,0,0,109,1,0,21,18,1,0,0,4,0,0,0,0,0,0,0,0,11,0,0,4,0,0,0,3,0,0,0,0,0,0,0,0,1997,980,454,1290,36,14,13,418,220,0,0,53,2,35,0,168,291,12,125,93,0,0,4,2,1,0,0,6,0,0,0,2,2737,584,696,1671,500,112,464,192,41,504,66,270,0,0,0,4,198,11,6,204,183,10,17,25,0,0,2,11,0,0,0,0,4521,881,1855,2447,410,134,212,76,424,5,163,0,342,3,0,260,4360,2192,2323,6469,367,5,575,1028,33,20,379,271,376,0,0,5,0,16,3,4,0,0,0,6,2,0,0,0,0,0,0,0,753,34,12,115,19,1,0,22,1,0,0,2,0,0,0,0,371,6,8,30,184,3,3,4,5,1,13,13,4,2,0,10,1350,1292,535,417,501,183,6,5,13,2,12,5,5,0,2,0,755,14,19,574,173,282,2,121,11,158,2,8,57,37,0,5,119,74,2,251,29,0,0,17,0,2,0,41,16,1,0,8,545,23,4,223,0,17,0,0,0,0,0,0,0,3,0,0,0,0,0,0,14,0,0,0,0,0,0,0,0,0,0,0,0,111,12,16,0,0,0,0,0,0,0,0,0,0,0,0,5924,2800,1757,6757,186,47,8,817,62,3,54,123,496,171,0,830,1359,433,123,1430,2,20,11,262,21,0,0,195,101,7,1,56,1943,876,1149,2968,287,5,14,1214,133,17,3,360,124,63,6,237,462,16,0,134,0,0,0,0,0,0,0,0,0,6,0,11,5722,2689,1731,7113,292,0,3,340,620,216,475,720,213,64,37,158,0,0,3,26,0,162,0,5,0,0,0,0,0,0,0,0,231,0,3,15,0,0,0,0,3,0,0,1,0,0,0,0,3338,890,261,874,466,26,30,270,35,0,16,183,6,305,0,59,1176,434,440,706,124,22,0,30,97,2,4,88,25,3,0
0,22,0,242,133,0,0,0,0,0,0,0,0,0,0,0,0,436,0,0,128,5,153,0,22,0,0,0,0,0,0,0,0,12,75,25,57,0,0,0,0,0,2,0,0,0,0,4,19,294,240,228,307,32,285,8,20,0,0,0,0,0,0,0,0,22,22,14,38,0,12,0,0,0,0,8,0,0,0,0,0,15,114,0,7,0,0,0,13,0,0,0,0,0,0,0,0,545,24,81,55,173,53,13,13,0,0,0,0,0,0,0,0,62,53,0,83,0,0,0,9,0,0,0,0,0,0,0,9,265,7,1,36,2,0,0,0,0,3,0,0,0,0,0,0,0,4,0,0,0,0,0,0,0,0,0,0,0,0,0,0,712,155,0,3,0,0,0,2,0,0,0,0,0,0,0,0,256,477,2,151,0,0,0,49,0,0,0,8,0,8,0,0,0,0,0,0,0,0,0,0,0,0,0,0,0,0,0,1,15,1,26,34,0,0,0,26,6,10,0,90,0,0,0,0,159,12,6,54,0,1,0,0,2,2,0,6,14,0,0,5,0,13,0,0,0,0,0,0,7,0,0,0,0,0,0,0,441,20,0,31,0,5,0,0,6,0,0,1,0,0,0,0,19,18,0,35,0,0,0,1,23,1,0,0,0,1,0,9,55,22,10,89,8,0,0,1,0,0,0,0,17,0,0,0,3,1,3,0,1,1,0,0,0,0,0,0,0,0,0,0,4,168,101,57,0,0,0,0,0,6,0,0,0,0,0,0,8,1,1,115,11,65,2,14,16,0,0,0,0,0,0,0,140,44,2,121,0,0,0,5,0,0,0,0,0,0,0,0,9,0,0,3,0,0,0,0,0,0,0,0,13,0,0,0,36,4,2,36,0,0,10,6,0,0,0,4,0,0,0,64,24,1,0,19,0,0,0,109,0,0,0,1,0,0,0,2,35,8,0,10,1,0,0,0,0,1,0,0,0,0,0,0,0,0,0,17,0,0,0,0,0,0,0,0,0,0,0,0,0,0,0,0,0,0,0,2,0,0,0,0,0,0,2,0,39,39,16,156,0,0,0,0,0,0,0,6,0,0,0,0,32,987,27,56,0,13,0,4,0,0,0,0,0,0,0,0,131,0,1,36,113,0,0,0,0,0,0,0,0,0,0,0,0,0,10,304,0,0,0,128,0,0,0,0,0,0,0,0,143,70,0,95,0,0,0,0,0,0,0,0,0,0,0,0,297,33,0,37,19,0,0,0,0,0,0,0,0,0,0,0,25,3,0,16,0,0,1,0,8,0,0,12,0,0,0,0,634,22,22,69,11,14,0,3,200,0,0,39,0,0,0,0,57,7,0,197,36,0,0,2,0,4,0,0,0,0,0,109,1,0,21,18,1,0,0,4,0,0,0,0,0,0,0,0,11,0,0,4,0,0,0,3,0,0,0,0,0,0,0,0,1997,980,454,1290,36,14,13,418,220,0,0,53,2,35,0,168,291,12,125,93,0,0,4,2,1,0,0,6,0,0,0,2,2737,584,696,1671,500,112,464,192,41,504,66,270,0,0,0,4,198,11,6,204,183,10,17,25,0,0,2,11,0,0,0,0,4521,881,1855,2447,410,134,212,76,424,5,163,0,342,3,0,260,4360,2192,2323,6469,367,5,575,1028,33,20,379,271,376,0,0,5,0,16,3,4,0,0,0,6,2,0,0,0,0,0,0,0,753,34,12,115,19,1,0,22,1,0,0,2,0,0,0,0,371,6,8,30,184,3,3,4,5,1,13,13,4,2,0,10,1350,1292,535,417,501,183,6,5,13,2,12,5,5,0,2,0,755,14,19,574,173,282,2,121,11,158,2,8,57,37,0,5,119,74,2,251,29,0,0,17,0,2,0,41,16,1,0,8,545,23,4,223,0,17,0,0,0,0,0,0,0,3,0,0,0,0,0,0,14,0,0,0,0,0,0,0,0,0,0,0,0,111,12,16,0,0,0,0,0,0,0,0,0,0,0,0,5924,2800,1757,6757,186,47,8,817,62,3,54,123,496,171,0,830,1359,433,123,1430,2,20,11,262,21,0,0,195,101,7,1,56,1943,876,1149,2968,287,5,14,1214,133,17,3,360,124,63,6,237,462,16,0,134,0,0,0,0,0,0,0,0,0,6,0,11,5722,2689,1731,7113,292,0,3,340,620,216,475,720,213,64,37,158,0,0,3,26,0,162,0,5,0,0,0,0,0,0,0,0,231,0,3,15,0,0,0,0,3,0,0,1,0,0,0,0,3338,890,261,874,466,26,30,270,35,0,16,183,6,305,0,59,1176,434,440,706,124,22,0,30,97,2,4,88,25,3,0
0,22,0,242,133,0,0,0,0,0,0,0,0,0,0,0,0,436,0,0,128,5,153,0,22,0,0,0,0,0,0,0,0,12,75,25,57,0,0,0,0,0,2,0,0,0,0,4,19,294,240,228,307,32,285,8,20,0,0,0,0,0,0,0,0,22,22,14,38,0,12,0,0,0,0,8,0,0,0,0,0,15,114,0,7,0,0,0,13,0,0,0,0,0,0,0,0,545,24,81,55,173,53,13,13,0,0,0,0,0,0,0,0,62,53,0,83,0,0,0,9,0,0,0,0,0,0,0,9,265,7,1,36,2,0,0,0,0,3,0,0,0,0,0,0,0,4,0,0,0,0,0,0,0,0,0,0,0,0,0,0,712,155,0,3,0,0,0,2,0,0,0,0,0,0,0,0,256,477,2,151,0,0,0,49,0,0,0,8,0,8,0,0,0,0,0,0,0,0,0,0,0,0,0,0,0,0,0,1,15,1,26,34,0,0,0,26,6,10,0,90,0,0,0,0,159,12,6,54,0,1,0,0,2,2,0,6,14,0,0,5,0,13,0,0,0,0,0,0,7,0,0,0,0,0,0,0,441,20,0,31,0,5,0,0,6,0,0,1,0,0,0,0,19,18,0,35,0,0,0,1,23,1,0,0,0,1,0,9,55,22,10,89,8,0,0,1,0,0,0,0,17,0,0,0,3,1,3,0,1,1,0,0,0,0,0,0,0,0,0,0,4,168,101,57,0,0,0,0,0,6,0,0,0,0,0,0,8,1,1,115,11,65,2,14,16,0,0,0,0,0,0,0,140,44,2,121,0,0,0,5,0,0,0,0,0,0,0,0,9,0,0,3,0,0,0,0,0,0,0,0,13,0,0,0,36,4,2,36,0,0,10,6,0,0,0,4,0,0,0,64,24,1,0,19,0,0,0,109,0,0,0,1,0,0,0,2,35,8,0,10,1,0,0,0,0,1,0,0,0,0,0,0,0,0,0,17,0,0,0,0,0,0,0,0,0,0,0,0,0,0,0,0,0,0,0,2,0,0,0,0,0,0,2,0,39,39,16,156,0,0,0,0,0,0,0,6,0,0,0,0,32,987,27,56,0,13,0,4,0,0,0,0,0,0,0,0,131,0,1,36,113,0,0,0,0,0,0,0,0,0,0,0,0,0,10,304,0,0,0,128,0,0,0,0,0,0,0,0,143,70,0,95,0,0,0,0,0,0,0,0,0,0,0,0,297,33,0,37,19,0,0,0,0,0,0,0,0,0,0,0,25,3,0,16,0,0,1,0,8,0,0,12,0,0,0,0,634,22,22,69,11,14,0,3,200,0,0,39,0,0,0,0,57,7,0,197,36,0,0,2,0,4,0,0,0,0,0,109,1,0,21,18,1,0,0,4,0,0,0,0,0,0,0,0,11,0,0,4,0,0,0,3,0,0,0,0,0,0,0,0,1997,980,454,1290,36,14,13,418,220,0,0,53,2,35,0,168,291,12,125,93,0,0,4,2,1,0,0,6,0,0,0,2,2737,584,696,1671,500,112,464,192,41,504,66,270,0,0,0,4,198,11,6,204,183,10,17,25,0,0,2,11,0,0,0,0,4521,881,1855,2447,410,134,212,76,424,5,163,0,342,3,0,260,4360,2192,2323,6469,367,5,575,1028,33,20,379,271,376,0,0,5,0,16,3,4,0,0,0,6,2,0,0,0,0,0,0,0,753,34,12,115,19,1,0,22,1,0,0,2,0,0,0,0,371,6,8,30,184,3,3,4,5,1,13,13,4,2,0,10,1350,1292,535,417,501,183,6,5,13,2,12,5,5,0,2,0,755,14,19,574,173,282,2,121,11,158,2,8,57,37,0,5,119,74,2,251,29,0,0,17,0,2,0,41,16,1,0,8,545,23,4,223,0,17,0,0,0,0,0,0,0,3,0,0,0,0,0,0,14,0,0,0,0,0,0,0,0,0,0,0,0,111,12,16,0,0,0,0,0,0,0,0,0,0,0,0,5924,2800,1757,6757,186,47,8,817,62,3,54,123,496,171,0,830,1359,433,123,1430,2,20,11,262,21,0,0,195,101,7,1,56,1943,876,1149,2968,287,5,14,1214,133,17,3,360,124,63,6,237,462,16,0,134,0,0,0,0,0,0,0,0,0,6,0,11,5722,2689,1731,7113,292,0,3,340,620,216,475,720,213,64,37,158,0,0,3,26,0,162,0,5,0,0,0,0,0,0,0,0,231,0,3,15,0,0,0,0,3,0,0,1,0,0,0,0,3338,890,261,874,466,26,30,270,35,0,16,183,6,305,0,59,1176,434,440,706,124,22,0,30,97,2,4,88,25,3,0
0,22,0,242,133,0,0,0,0,0,0,0,0,0,0,0,0,436,0,0,128,5,153,0,22,0,0,0,0,0,0,0,0,12,75,25,57,0,0,0,0,0,2,0,0,0,0,4,19,294,240,228,307,32,285,8,20,0,0,0,0,0,0,0,0,22,22,14,38,0,12,0,0,0,0,8,0,0,0,0,0,15,114,0,7,0,0,0,13,0,0,0,0,0,0,0,0,545,24,81,55,173,53,13,13,0,0,0,0,0,0,0,0,62,53,0,83,0,0,0,9,0,0,0,0,0,0,0,9,265,7,1,36,2,0,0,0,0,3,0,0,0,0,0,0,0,4,0,0,0,0,0,0,0,0,0,0,0,0,0,0,712,155,0,3,0,0,0,2,0,0,0,0,0,0,0,0,256,477,2,151,0,0,0,49,0,0,0,8,0,8,0,0,0,0,0,0,0,0,0,0,0,0,0,0,0,0,0,1,15,1,26,34,0,0,0,26,6,10,0,90,0,0,0,0,159,12,6,54,0,1,0,0,2,2,0,6,14,0,0,5,0,13,0,0,0,0,0,0,7,0,0,0,0,0,0,0,441,20,0,31,0,5,0,0,6,0,0,1,0,0,0,0,19,18,0,35,0,0,0,1,23,1,0,0,0,1,0,9,55,22,10,89,8,0,0,1,0,0,0,0,17,0,0,0,3,1,3,0,1,1,0,0,0,0,0,0,0,0,0,0,4,168,101,57,0,0,0,0,0,6,0,0,0,0,0,0,8,1,1,115,11,65,2,14,16,0,0,0,0,0,0,0,140,44,2,121,0,0,0,5,0,0,0,0,0,0,0,0,9,0,0,3,0,0,0,0,0,0,0,0,13,0,0,0,36,4,2,36,0,0,10,6,0,0,0,4,0,0,0,64,24,1,0,19,0,0,0,109,0,0,0,1,0,0,0,2,35,8,0,10,1,0,0,0,0,1,0,0,0,0,0,0,0,0,0,17,0,0,0,0,0,0,0,0,0,0,0,0,0,0,0,0,0,0,0,2,0,0,0,0,0,0,2,0,39,39,16,156,0,0,0,0,0,0,0,6,0,0,0,0,32,987,27,56,0,13,0,4,0,0,0,0,0,0,0,0,131,0,1,36,113,0,0,0,0,0,0,0,0,0,0,0,0,0,10,304,0,0,0,128,0,0,0,0,0,0,0,0,143,70,0,95,0,0,0,0,0,0,0,0,0,0,0,0,297,33,0,37,19,0,0,0,0,0,0,0,0,0,0,0,25,3,0,16,0,0,1,0,8,0,0,12,0,0,0,0,634,22,22,69,11,14,0,3,200,0,0,39,0,0,0,0,57,7,0,197,36,0,0,2,0,4,0,0,0,0,0,109,1,0,21,18,1,0,0,4,0,0,0,0,0,0,0,0,11,0,0,4,0,0,0,3,0,0,0,0,0,0,0,0,1997,980,454,1290,36,14,13,418,220,0,0,53,2,35,0,168,291,12,125,93,0,0,4,2,1,0,0,6,0,0,0,2,2737,584,696,1671,500,112,464,192,41,504,66,270,0,0,0,4,198,11,6,204,183,10,17,25,0,0,2,11,0,0,0,0,4521,881,1855,2447,410,134,212,76,424,5,163,0,342,3,0,260,4360,2192,2323,6469,367,5,575,1028,33,20,379,271,376,0,0,5,0,16,3,4,0,0,0,6,2,0,0,0,0,0,0,0,753,34,12,115,19,1,0,22,1,0,0,2,0,0,0,0,371,6,8,30,184,3,3,4,5,1,13,13,4,2,0,10,1350,1292,535,417,501,183,6,5,13,2,12,5,5,0,2,0,755,14,19,574,173,282,2,121,11,158,2,8,57,37,0,5,119,74,2,251,29,0,0,17,0,2,0,41,16,1,0,8,545,23,4,223,0,17,0,0,0,0,0,0,0,3,0,0,0,0,0,0,14,0,0,0,0,0,0,0,0,0,0,0,0,111,12,16,0,0,0,0,0,0,0,0,0,0,0,0,5924,2800,1757,6757,186,47,8,817,62,3,54,123,496,171,0,830,1359,433,123,1430,2,20,11,262,21,0,0,195,101,7,1,56,1943,876,1149,2968,287,5,14,1214,133,17,3,360,124,63,6,237,462,16,0,134,0,0,0,0,0,0,0,0,0,6,0,11,5722,2689,1731,7113,292,0,3,340,620,216,475,720,213,64,37,158,0,0,3,26,0,162,0,5,0,0,0,0,0,0,0,0,231,0,3,15,0,0,0,0,3,0,0,1,0,0,0,0,3338,890,261,874,466,26,30,270,35,0,16,183,6,305,0,59,1176,434,440,706,124,22,0,30,97,2,4,88,25,3,0
0,22,0,242,133,0,0,0,0,0,0,0,0,0,0,0,0,436,0,0,128,5,153,0,22,0,0,0,0,0,0,0,0,12,75,25,57,0,0,0,0,0,2,0,0,0,0,4,19,294,240,228,307,32,285,8,20,0,0,0,0,0,0,0,0,22,22,14,38,0,12,0,0,0,0,8,0,0,0,0,0,15,114,0,7,0,0,0,13,0,0,0,0,0,0,0,0,545,24,81,55,173,53,13,13,0,0,0,0,0,0,0,0,62,53,0,83,0,0,0,9,0,0,0,0,0,0,0,9,265,7,1,36,2,0,0,0,0,3,0,0,0,0,0,0,0,4,0,0,0,0,0,0,0,0,0,0,0,0,0,0,712,155,0,3,0,0,0,2,0,0,0,0,0,0,0,0,256,477,2,151,0,0,0,49,0,0,0,8,0,8,0,0,0,0,0,0,0,0,0,0,0,0,0,0,0,0,0,1,15,1,26,34,0,0,0,26,6,10,0,90,0,0,0,0,159,12,6,54,0,1,0,0,2,2,0,6,14,0,0,5,0,13,0,0,0,0,0,0,7,0,0,0,0,0,0,0,441,20,0,31,0,5,0,0,6,0,0,1,0,0,0,0,19,18,0,35,0,0,0,1,23,1,0,0,0,1,0,9,55,22,10,89,8,0,0,1,0,0,0,0,17,0,0,0,3,1,3,0,1,1,0,0,0,0,0,0,0,0,0,0,4,168,101,57,0,0,0,0,0,6,0,0,0,0,0,0,8,1,1,115,11,65,2,14,16,0,0,0,0,0,0,0,140,44,2,121,0,0,0,5,0,0,0,0,0,0,0,0,9,0,0,3,0,0,0,0,0,0,0,0,13,0,0,0,36,4,2,36,0,0,10,6,0,0,0,4,0,0,0,64,24,1,0,19,0,0,0,109,0,0,0,1,0,0,0,2,35,8,0,10,1,0,0,0,0,1,0,0,0,0,0,0,0,0,0,17,0,0,0,0,0,0,0,0,0,0,0,0,0,0,0,0,0,0,0,2,0,0,0,0,0,0,2,0,39,39,16,156,0,0,0,0,0,0,0,6,0,0,0,0,32,987,27,56,0,13,0,4,0,0,0,0,0,0,0,0,131,0,1,36,113,0,0,0,0,0,0,0,0,0,0,0,0,0,10,304,0,0,0,128,0,0,0,0,0,0,0,0,143,70,0,95,0,0,0,0,0,0,0,0,0,0,0,0,297,33,0,37,19,0,0,0,0,0,0,0,0,0,0,0,25,3,0,16,0,0,1,0,8,0,0,12,0,0,0,0,634,22,22,69,11,14,0,3,200,0,0,39,0,0,0,0,57,7,0,197,36,0,0,2,0,4,0,0,0,0,0,109,1,0,21,18,1,0,0,4,0,0,0,0,0,0,0,0,11,0,0,4,0,0,0,3,0,0,0,0,0,0,0,0,1997,980,454,1290,36,14,13,418,220,0,0,53,2,35,0,168,291,12,125,93,0,0,4,2,1,0,0,6,0,0,0,2,2737,584,696,1671,500,112,464,192,41,504,66,270,0,0,0,4,198,11,6,204,183,10,17,25,0,0,2,11,0,0,0,0,4521,881,1855,2447,410,134,212,76,424,5,163,0,342,3,0,260,4360,2192,2323,6469,367,5,575,1028,33,20,379,271,376,0,0,5,0,16,3,4,0,0,0,6,2,0,0,0,0,0,0,0,753,34,12,115,19,1,0,22,1,0,0,2,0,0,0,0,371,6,8,30,184,3,3,4,5,1,13,13,4,2,0,10,1350,1292,535,417,501,183,6,5,13,2,12,5,5,0,2,0,755,14,19,574,173,282,2,121,11,158,2,8,57,37,0,5,119,74,2,251,29,0,0,17,0,2,0,41,16,1,0,8,545,23,4,223,0,17,0,0,0,0,0,0,0,3,0,0,0,0,0,0,14,0,0,0,0,0,0,0,0,0,0,0,0,111,12,16,0,0,0,0,0,0,0,0,0,0,0,0,5924,2800,1757,6757,186,47,8,817,62,3,54,123,496,171,0,830,1359,433,123,1430,2,20,11,262,21,0,0,195,101,7,1,56,1943,876,1149,2968,287,5,14,1214,133,17,3,360,124,63,6,237,462,16,0,134,0,0,0,0,0,0,0,0,0,6,0,11,5722,2689,1731,7113,292,0,3,340,620,216,475,720,213,64,37,158,0,0,3,26,0,162,0,5,0,0,0,0,0,0,0,0,231,0,3,15,0,0,0,0,3,0,0,1,0,0,0,0,3338,890,261,874,466,26,30,270,35,0,16,183,6,305,0,59,1176,434,440,706,124,22,0,30,97,2,4,88,25,3,0
0,22,0,242,133,0,0,0,0,0,0,0,0,0,0,0,0,436,0,0,128,5,153,0,22,0,0,0,0,0,0,0,0,12,75,25,57,0,0,0,0,0,2,0,0,0,0,4,19,294,240,228,307,32,285,8,20,0,0,0,0,0,0,0,0,22,22,14,38,0,12,0,0,0,0,8,0,0,0,0,0,15,114,0,7,0,0,0,13,0,0,0,0,0,0,0,0,545,24,81,55,173,53,13,13,0,0,0,0,0,0,0,0,62,53,0,83,0,0,0,9,0,0,0,0,0,0,0,9,265,7,1,36,2,0,0,0,0,3,0,0,0,0,0,0,0,4,0,0,0,0,0,0,0,0,0,0,0,0,0,0,712,155,0,3,0,0,0,2,0,0,0,0,0,0,0,0,256,477,2,151,0,0,0,49,0,0,0,8,0,8,0,0,0,0,0,0,0,0,0,0,0,0,0,0,0,0,0,1,15,1,26,34,0,0,0,26,6,10,0,90,0,0,0,0,159,12,6,54,0,1,0,0,2,2,0,6,14,0,0,5,0,13,0,0,0,0,0,0,7,0,0,0,0,0,0,0,441,20,0,31,0,5,0,0,6,0,0,1,0,0,0,0,19,18,0,35,0,0,0,1,23,1,0,0,0,1,0,9,55,22,10,89,8,0,0,1,0,0,0,0,17,0,0,0,3,1,3,0,1,1,0,0,0,0,0,0,0,0,0,0,4,168,101,57,0,0,0,0,0,6,0,0,0,0,0,0,8,1,1,115,11,65,2,14,16,0,0,0,0,0,0,0,140,44,2,121,0,0,0,5,0,0,0,0,0,0,0,0,9,0,0,3,0,0,0,0,0,0,0,0,13,0,0,0,36,4,2,36,0,0,10,6,0,0,0,4,0,0,0,64,24,1,0,19,0,0,0,109,0,0,0,1,0,0,0,2,35,8,0,10,1,0,0,0,0,1,0,0,0,0,0,0,0,0,0,17,0,0,0,0,0,0,0,0,0,0,0,0,0,0,0,0,0,0,0,2,0,0,0,0,0,0,2,0,39,39,16,156,0,0,0,0,0,0,0,6,0,0,0,0,32,987,27,56,0,13,0,4,0,0,0,0,0,0,0,0,131,0,1,36,113,0,0,0,0,0,0,0,0,0,0,0,0,0,10,304,0,0,0,128,0,0,0,0,0,0,0,0,143,70,0,95,0,0,0,0,0,0,0,0,0,0,0,0,297,33,0,37,19,0,0,0,0,0,0,0,0,0,0,0,25,3,0,16,0,0,1,0,8,0,0,12,0,0,0,0,634,22,22,69,11,14,0,3,200,0,0,39,0,0,0,0,57,7,0,197,36,0,0,2,0,4,0,0,0,0,0,109,1,0,21,18,1,0,0,4,0,0,0,0,0,0,0,0,11,0,0,4,0,0,0,3,0,0,0,0,0,0,0,0,1997,980,454,1290,36,14,13,418,220,0,0,53,2,35,0,168,291,12,125,93,0,0,4,2,1,0,0,6,0,0,0,2,2737,584,696,1671,500,112,464,192,41,504,66,270,0,0,0,4,198,11,6,204,183,10,17,25,0,0,2,11,0,0,0,0,4521,881,1855,2447,410,134,212,76,424,5,163,0,342,3,0,260,4360,2192,2323,6469,367,5,575,1028,33,20,379,271,376,0,0,5,0,16,3,4,0,0,0,6,2,0,0,0,0,0,0,0,753,34,12,115,19,1,0,22,1,0,0,2,0,0,0,0,371,6,8,30,184,3,3,4,5,1,13,13,4,2,0,10,1350,1292,535,417,501,183,6,5,13,2,12,5,5,0,2,0,755,14,19,574,173,282,2,121,11,158,2,8,57,37,0,5,119,74,2,251,29,0,0,17,0,2,0,41,16,1,0,8,545,23,4,223,0,17,0,0,0,0,0,0,0,3,0,0,0,0,0,0,14,0,0,0,0,0,0,0,0,0,0,0,0,111,12,16,0,0,0,0,0,0,0,0,0,0,0,0,5924,2800,1757,6757,186,47,8,817,62,3,54,123,496,171,0,830,1359,433,123,1430,2,20,11,262,21,0,0,195,101,7,1,56,1943,876,1149,2968,287,5,14,1214,133,17,3,360,124,63,6,237,462,16,0,134,0,0,0,0,0,0,0,0,0,6,0,11,5722,2689,1731,7113,292,0,3,340,620,216,475,720,213,64,37,158,0,0,3,26,0,162,0,5,0,0,0,0,0,0,0,0,231,0,3,15,0,0,0,0,3,0,0,1,0,0,0,0,3338,890,261,874,466,26,30,270,35,0,16,183,6,305,0,59,1176,434,440,706,124,22,0,30,97,2,4,88,25,3,0
0,22,0,242,133,0,0,0,0,0,0,0,0,0,0,0,0,436,0,0,128,5,153,0,22,0,0,0,0,0,0,0,0,12,75,25,57,0,0,0,0,0,2,0,0,0,0,4,19,294,240,228,307,32,285,8,20,0,0,0,0,0,0,0,0,22,22,14,38,0,12,0,0,0,0,8,0,0,0,0,0,15,114,0,7,0,0,0,13,0,0,0,0,0,0,0,0,545,24,81,55,173,53,13,13,0,0,0,0,0,0,0,0,62,53,0,83,0,0,0,9,0,0,0,0,0,0,0,9,265,7,1,36,2,0,0,0,0,3,0,0,0,0,0,0,0,4,0,0,0,0,0,0,0,0,0,0,0,0,0,0,712,155,0,3,0,0,0,2,0,0,0,0,0,0,0,0,256,477,2,151,0,0,0,49,0,0,0,8,0,8,0,0,0,0,0,0,0,0,0,0,0,0,0,0,0,0,0,1,15,1,26,34,0,0,0,26,6,10,0,90,0,0,0,0,159,12,6,54,0,1,0,0,2,2,0,6,14,0,0,5,0,13,0,0,0,0,0,0,7,0,0,0,0,0,0,0,441,20,0,31,0,5,0,0,6,0,0,1,0,0,0,0,19,18,0,35,0,0,0,1,23,1,0,0,0,1,0,9,55,22,10,89,8,0,0,1,0,0,0,0,17,0,0,0,3,1,3,0,1,1,0,0,0,0,0,0,0,0,0,0,4,168,101,57,0,0,0,0,0,6,0,0,0,0,0,0,8,1,1,115,11,65,2,14,16,0,0,0,0,0,0,0,140,44,2,121,0,0,0,5,0,0,0,0,0,0,0,0,9,0,0,3,0,0,0,0,0,0,0,0,13,0,0,0,36,4,2,36,0,0,10,6,0,0,0,4,0,0,0,64,24,1,0,19,0,0,0,109,0,0,0,1,0,0,0,2,35,8,0,10,1,0,0,0,0,1,0,0,0,0,0,0,0,0,0,17,0,0,0,0,0,0,0,0,0,0,0,0,0,0,0,0,0,0,0,2,0,0,0,0,0,0,2,0,39,39,16,156,0,0,0,0,0,0,0,6,0,0,0,0,32,987,27,56,0,13,0,4,0,0,0,0,0,0,0,0,131,0,1,36,113,0,0,0,0,0,0,0,0,0,0,0,0,0,10,304,0,0,0,128,0,0,0,0,0,0,0,0,143,70,0,95,0,0,0,0,0,0,0,0,0,0,0,0,297,33,0,37,19,0,0,0,0,0,0,0,0,0,0,0,25,3,0,16,0,0,1,0,8,0,0,12,0,0,0,0,634,22,22,69,11,14,0,3,200,0,0,39,0,0,0,0,57,7,0,197,36,0,0,2,0,4,0,0,0,0,0,109,1,0,21,18,1,0,0,4,0,0,0,0,0,0,0,0,11,0,0,4,0,0,0,3,0,0,0,0,0,0,0,0,1997,980,454,1290,36,14,13,418,220,0,0,53,2,35,0,168,291,12,125,93,0,0,4,2,1,0,0,6,0,0,0,2,2737,584,696,1671,500,112,464,192,41,504,66,270,0,0,0,4,198,11,6,204,183,10,17,25,0,0,2,11,0,0,0,0,4521,881,1855,2447,410,134,212,76,424,5,163,0,342,3,0,260,4360,2192,2323,6469,367,5,575,1028,33,20,379,271,376,0,0,5,0,16,3,4,0,0,0,6,2,0,0,0,0,0,0,0,753,34,12,115,19,1,0,22,1,0,0,2,0,0,0,0,371,6,8,30,184,3,3,4,5,1,13,13,4,2,0,10,1350,1292,535,417,501,183,6,5,13,2,12,5,5,0,2,0,755,14,19,574,173,282,2,121,11,158,2,8,57,37,0,5,119,74,2,251,29,0,0,17,0,2,0,41,16,1,0,8,545,23,4,223,0,17,0,0,0,0,0,0,0,3,0,0,0,0,0,0,14,0,0,0,0,0,0,0,0,0,0,0,0,111,12,16,0,0,0,0,0,0,0,0,0,0,0,0,5924,2800,1757,6757,186,47,8,817,62,3,54,123,496,171,0,830,1359,433,123,1430,2,20,11,262,21,0,0,195,101,7,1,56,1943,876,1149,2968,287,5,14,1214,133,17,3,360,124,63,6,237,462,16,0,134,0,0,0,0,0,0,0,0,0,6,0,11,5722,2689,1731,7113,292,0,3,340,620,216,475,720,213,64,37,158,0,0,3,26,0,162,0,5,0,0,0,0,0,0,0,0,231,0,3,15,0,0,0,0,3,0,0,1,0,0,0,0,3338,890,261,874,466,26,30,270,35,0,16,183,6,305,0,59,1176,434,440,706,124,22,0,30,97,2,4,88,25,3,0
0,22,0,242,133,0,0,0,0,0,0,0,0,0,0,0,0,436,0,0,128,5,153,0,22,0,0,0,0,0,0,0,0,12,75,25,57,0,0,0,0,0,2,0,0,0,0,4,19,294,240,228,307,32,285,8,20,0,0,0,0,0,0,0,0,22,22,14,38,0,12,0,0,0,0,8,0,0,0,0,0,15,114,0,7,0,0,0,13,0,0,0,0,0,0,0,0,545,24,81,55,173,53,13,13,0,0,0,0,0,0,0,0,62,53,0,83,0,0,0,9,0,0,0,0,0,0,0,9,265,7,1,36,2,0,0,0,0,3,0,0,0,0,0,0,0,4,0,0,0,0,0,0,0,0,0,0,0,0,0,0,712,155,0,3,0,0,0,2,0,0,0,0,0,0,0,0,256,477,2,151,0,0,0,49,0,0,0,8,0,8,0,0,0,0,0,0,0,0,0,0,0,0,0,0,0,0,0,1,15,1,26,34,0,0,0,26,6,10,0,90,0,0,0,0,159,12,6,54,0,1,0,0,2,2,0,6,14,0,0,5,0,13,0,0,0,0,0,0,7,0,0,0,0,0,0,0,441,20,0,31,0,5,0,0,6,0,0,1,0,0,0,0,19,18,0,35,0,0,0,1,23,1,0,0,0,1,0,9,55,22,10,89,8,0,0,1,0,0,0,0,17,0,0,0,3,1,3,0,1,1,0,0,0,0,0,0,0,0,0,0,4,168,101,57,0,0,0,0,0,6,0,0,0,0,0,0,8,1,1,115,11,65,2,14,16,0,0,0,0,0,0,0,140,44,2,121,0,0,0,5,0,0,0,0,0,0,0,0,9,0,0,3,0,0,0,0,0,0,0,0,13,0,0,0,36,4,2,36,0,0,10,6,0,0,0,4,0,0,0,64,24,1,0,19,0,0,0,109,0,0,0,1,0,0,0,2,35,8,0,10,1,0,0,0,0,1,0,0,0,0,0,0,0,0,0,17,0,0,0,0,0,0,0,0,0,0,0,0,0,0,0,0,0,0,0,2,0,0,0,0,0,0,2,0,39,39,16,156,0,0,0,0,0,0,0,6,0,0,0,0,32,987,27,56,0,13,0,4,0,0,0,0,0,0,0,0,131,0,1,36,113,0,0,0,0,0,0,0,0,0,0,0,0,0,10,304,0,0,0,128,0,0,0,0,0,0,0,0,143,70,0,95,0,0,0,0,0,0,0,0,0,0,0,0,297,33,0,37,19,0,0,0,0,0,0,0,0,0,0,0,25,3,0,16,0,0,1,0,8,0,0,12,0,0,0,0,634,22,22,69,11,14,0,3,200,0,0,39,0,0,0,0,57,7,0,197,36,0,0,2,0,4,0,0,0,0,0,109,1,0,21,18,1,0,0,4,0,0,0,0,0,0,0,0,11,0,0,4,0,0,0,3,0,0,0,0,0,0,0,0,1997,980,454,1290,36,14,13,418,220,0,0,53,2,35,0,168,291,12,125,93,0,0,4,2,1,0,0,6,0,0,0,2,2737,584,696,1671,500,112,464,192,41,504,66,270,0,0,0,4,198,11,6,204,183,10,17,25,0,0,2,11,0,0,0,0,4521,881,1855,2447,410,134,212,76,424,5,163,0,342,3,0,260,4360,2192,2323,6469,367,5,575,1028,33,20,379,271,376,0,0,5,0,16,3,4,0,0,0,6,2,0,0,0,0,0,0,0,753,34,12,115,19,1,0,22,1,0,0,2,0,0,0,0,371,6,8,30,184,3,3,4,5,1,13,13,4,2,0,10,1350,1292,535,417,501,183,6,5,13,2,12,5,5,0,2,0,755,14,19,574,173,282,2,121,11,158,2,8,57,37,0,5,119,74,2,251,29,0,0,17,0,2,0,41,16,1,0,8,545,23,4,223,0,17,0,0,0,0,0,0,0,3,0,0,0,0,0,0,14,0,0,0,0,0,0,0,0,0,0,0,0,111,12,16,0,0,0,0,0,0,0,0,0,0,0,0,5924,2800,1757,6757,186,47,8,817,62,3,54,123,496,171,0,830,1359,433,123,1430,2,20,11,262,21,0,0,195,101,7,1,56,1943,876,1149,2968,287,5,14,1214,133,17,3,360,124,63,6,237,462,16,0,134,0,0,0,0,0,0,0,0,0,6,0,11,5722,2689,1731,7113,292,0,3,340,620,216,475,720,213,64,37,158,0,0,3,26,0,162,0,5,0,0,0,0,0,0,0,0,231,0,3,15,0,0,0,0,3,0,0,1,0,0,0,0,3338,890,261,874,466,26,30,270,35,0,16,183,6,305,0,59,1176,434,440,706,124,22,0,30,97,2,4,88,25,3,0
0,22,0,242,133,0,0,0,0,0,0,0,0,0,0,0,0,436,0,0,128,5,153,0,22,0,0,0,0,0,0,0,0,12,75,25,57,0,0,0,0,0,2,0,0,0,0,4,19,294,240,228,307,32,285,8,20,0,0,0,0,0,0,0,0,22,22,14,38,0,12,0,0,0,0,8,0,0,0,0,0,15,114,0,7,0,0,0,13,0,0,0,0,0,0,0,0,545,24,81,55,173,53,13,13,0,0,0,0,0,0,0,0,62,53,0,83,0,0,0,9,0,0,0,0,0,0,0,9,265,7,1,36,2,0,0,0,0,3,0,0,0,0,0,0,0,4,0,0,0,0,0,0,0,0,0,0,0,0,0,0,712,155,0,3,0,0,0,2,0,0,0,0,0,0,0,0,256,477,2,151,0,0,0,49,0,0,0,8,0,8,0,0,0,0,0,0,0,0,0,0,0,0,0,0,0,0,0,1,15,1,26,34,0,0,0,26,6,10,0,90,0,0,0,0,159,12,6,54,0,1,0,0,2,2,0,6,14,0,0,5,0,13,0,0,0,0,0,0,7,0,0,0,0,0,0,0,441,20,0,31,0,5,0,0,6,0,0,1,0,0,0,0,19,18,0,35,0,0,0,1,23,1,0,0,0,1,0,9,55,22,10,89,8,0,0,1,0,0,0,0,17,0,0,0,3,1,3,0,1,1,0,0,0,0,0,0,0,0,0,0,4,168,101,57,0,0,0,0,0,6,0,0,0,0,0,0,8,1,1,115,11,65,2,14,16,0,0,0,0,0,0,0,140,44,2,121,0,0,0,5,0,0,0,0,0,0,0,0,9,0,0,3,0,0,0,0,0,0,0,0,13,0,0,0,36,4,2,36,0,0,10,6,0,0,0,4,0,0,0,64,24,1,0,19,0,0,0,109,0,0,0,1,0,0,0,2,35,8,0,10,1,0,0,0,0,1,0,0,0,0,0,0,0,0,0,17,0,0,0,0,0,0,0,0,0,0,0,0,0,0,0,0,0,0,0,2,0,0,0,0,0,0,2,0,39,39,16,156,0,0,0,0,0,0,0,6,0,0,0,0,32,987,27,56,0,13,0,4,0,0,0,0,0,0,0,0,131,0,1,36,113,0,0,0,0,0,0,0,0,0,0,0,0,0,10,304,0,0,0,128,0,0,0,0,0,0,0,0,143,70,0,95,0,0,0,0,0,0,0,0,0,0,0,0,297,33,0,37,19,0,0,0,0,0,0,0,0,0,0,0,25,3,0,16,0,0,1,0,8,0,0,12,0,0,0,0,634,22,22,69,11,14,0,3,200,0,0,39,0,0,0,0,57,7,0,197,36,0,0,2,0,4,0,0,0,0,0,109,1,0,21,18,1,0,0,4,0,0,0,0,0,0,0,0,11,0,0,4,0,0,0,3,0,0,0,0,0,0,0,0,1997,980,454,1290,36,14,13,418,220,0,0,53,2,35,0,168,291,12,125,93,0,0,4,2,1,0,0,6,0,0,0,2,2737,584,696,1671,500,112,464,192,41,504,66,270,0,0,0,4,198,11,6,204,183,10,17,25,0,0,2,11,0,0,0,0,4521,881,1855,2447,410,134,212,76,424,5,163,0,342,3,0,260,4360,2192,2323,6469,367,5,575,1028,33,20,379,271,376,0,0,5,0,16,3,4,0,0,0,6,2,0,0,0,0,0,0,0,753,34,12,115,19,1,0,22,1,0,0,2,0,0,0,0,371,6,8,30,184,3,3,4,5,1,13,13,4,2,0,10,1350,1292,535,417,501,183,6,5,13,2,12,5,5,0,2,0,755,14,19,574,173,282,2,121,11,158,2,8,57,37,0,5,119,74,2,251,29,0,0,17,0,2,0,41,16,1,0,8,545,23,4,223,0,17,0,0,0,0,0,0,0,3,0,0,0,0,0,0,14,0,0,0,0,0,0,0,0,0,0,0,0,111,12,16,0,0,0,0,0,0,0,0,0,0,0,0,5924,2800,1757,6757,186,47,8,817,62,3,54,123,496,171,0,830,1359,433,123,1430,2,20,11,262,21,0,0,195,101,7,1,56,1943,876,1149,2968,287,5,14,1214,133,17,3,360,124,63,6,237,462,16,0,134,0,0,0,0,0,0,0,0,0,6,0,11,5722,2689,1731,7113,292,0,3,340,620,216,475,720,213,64,37,158,0,0,3,26,0,162,0,5,0,0,0,0,0,0,0,0,231,0,3,15,0,0,0,0,3,0,0,1,0,0,0,0,3338,890,261,874,466,26,30,270,35,0,16,183,6,305,0,59,1176,434,440,706,124,22,0,30,97,2,4,88,25,3,0
0,22,0,242,133,0,0,0,0,0,0,0,0,0,0,0,0,436,0,0,128,5,153,0,22,0,0,0,0,0,0,0,0,12,75,25,57,0,0,0,0,0,2,0,0,0,0,4,19,294,240,228,307,32,285,8,20,0,0,0,0,0,0,0,0,22,22,14,38,0,12,0,0,0,0,8,0,0,0,0,0,15,114,0,7,0,0,0,13,0,0,0,0,0,0,0,0,545,24,81,55,173,53,13,13,0,0,0,0,0,0,0,0,62,53,0,83,0,0,0,9,0,0,0,0,0,0,0,9,265,7,1,36,2,0,0,0,0,3,0,0,0,0,0,0,0,4,0,0,0,0,0,0,0,0,0,0,0,0,0,0,712,155,0,3,0,0,0,2,0,0,0,0,0,0,0,0,256,477,2,151,0,0,0,49,0,0,0,8,0,8,0,0,0,0,0,0,0,0,0,0,0,0,0,0,0,0,0,1,15,1,26,34,0,0,0,26,6,10,0,90,0,0,0,0,159,12,6,54,0,1,0,0,2,2,0,6,14,0,0,5,0,13,0,0,0,0,0,0,7,0,0,0,0,0,0,0,441,20,0,31,0,5,0,0,6,0,0,1,0,0,0,0,19,18,0,35,0,0,0,1,23,1,0,0,0,1,0,9,55,22,10,89,8,0,0,1,0,0,0,0,17,0,0,0,3,1,3,0,1,1,0,0,0,0,0,0,0,0,0,0,4,168,101,57,0,0,0,0,0,6,0,0,0,0,0,0,8,1,1,115,11,65,2,14,16,0,0,0,0,0,0,0,140,44,2,121,0,0,0,5,0,0,0,0,0,0,0,0,9,0,0,3,0,0,0,0,0,0,0,0,13,0,0,0,36,4,2,36,0,0,10,6,0,0,0,4,0,0,0,64,24,1,0,19,0,0,0,109,0,0,0,1,0,0,0,2,35,8,0,10,1,0,0,0,0,1,0,0,0,0,0,0,0,0,0,17,0,0,0,0,0,0,0,0,0,0,0,0,0,0,0,0,0,0,0,2,0,0,0,0,0,0,2,0,39,39,16,156,0,0,0,0,0,0,0,6,0,0,0,0,32,987,27,56,0,13,0,4,0,0,0,0,0,0,0,0,131,0,1,36,113,0,0,0,0,0,0,0,0,0,0,0,0,0,10,304,0,0,0,128,0,0,0,0,0,0,0,0,143,70,0,95,0,0,0,0,0,0,0,0,0,0,0,0,297,33,0,37,19,0,0,0,0,0,0,0,0,0,0,0,25,3,0,16,0,0,1,0,8,0,0,12,0,0,0,0,634,22,22,69,11,14,0,3,200,0,0,39,0,0,0,0,57,7,0,197,36,0,0,2,0,4,0,0,0,0,0,109,1,0,21,18,1,0,0,4,0,0,0,0,0,0,0,0,11,0,0,4,0,0,0,3,0,0,0,0,0,0,0,0,1997,980,454,1290,36,14,13,418,220,0,0,53,2,35,0,168,291,12,125,93,0,0,4,2,1,0,0,6,0,0,0,2,2737,584,696,1671,500,112,464,192,41,504,66,270,0,0,0,4,198,11,6,204,183,10,17,25,0,0,2,11,0,0,0,0,4521,881,1855,2447,410,134,212,76,424,5,163,0,342,3,0,260,4360,2192,2323,6469,367,5,575,1028,33,20,379,271,376,0,0,5,0,16,3,4,0,0,0,6,2,0,0,0,0,0,0,0,753,34,12,115,19,1,0,22,1,0,0,2,0,0,0,0,371,6,8,30,184,3,3,4,5,1,13,13,4,2,0,10,1350,1292,535,417,501,183,6,5,13,2,12,5,5,0,2,0,755,14,19,574,173,282,2,121,11,158,2,8,57,37,0,5,119,74,2,251,29,0,0,17,0,2,0,41,16,1,0,8,545,23,4,223,0,17,0,0,0,0,0,0,0,3,0,0,0,0,0,0,14,0,0,0,0,0,0,0,0,0,0,0,0,111,12,16,0,0,0,0,0,0,0,0,0,0,0,0,5924,2800,1757,6757,186,47,8,817,62,3,54,123,496,171,0,830,1359,433,123,1430,2,20,11,262,21,0,0,195,101,7,1,56,1943,876,1149,2968,287,5,14,1214,133,17,3,360,124,63,6,237,462,16,0,134,0,0,0,0,0,0,0,0,0,6,0,11,5722,2689,1731,7113,292,0,3,340,620,216,475,720,213,64,37,158,0,0,3,26,0,162,0,5,0,0,0,0,0,0,0,0,231,0,3,15,0,0,0,0,3,0,0,1,0,0,0,0,3338,890,261,874,466,26,30,270,35,0,16,183,6,305,0,59,1176,434,440,706,124,22,0,30,97,2,4,88,25,3,0
0,22,0,242,133,0,0,0,0,0,0,0,0,0,0,0,0,436,0,0,128,5,153,0,22,0,0,0,0,0,0,0,0,12,75,25,57,0,0,0,0,0,2,0,0,0,0,4,19,294,240,228,307,32,285,8,20,0,0,0,0,0,0,0,0,22,22,14,38,0,12,0,0,0,0,8,0,0,0,0,0,15,114,0,7,0,0,0,13,0,0,0,0,0,0,0,0,545,24,81,55,173,53,13,13,0,0,0,0,0,0,0,0,62,53,0,83,0,0,0,9,0,0,0,0,0,0,0,9,265,7,1,36,2,0,0,0,0,3,0,0,0,0,0,0,0,4,0,0,0,0,0,0,0,0,0,0,0,0,0,0,712,155,0,3,0,0,0,2,0,0,0,0,0,0,0,0,256,477,2,151,0,0,0,49,0,0,0,8,0,8,0,0,0,0,0,0,0,0,0,0,0,0,0,0,0,0,0,1,15,1,26,34,0,0,0,26,6,10,0,90,0,0,0,0,159,12,6,54,0,1,0,0,2,2,0,6,14,0,0,5,0,13,0,0,0,0,0,0,7,0,0,0,0,0,0,0,441,20,0,31,0,5,0,0,6,0,0,1,0,0,0,0,19,18,0,35,0,0,0,1,23,1,0,0,0,1,0,9,55,22,10,89,8,0,0,1,0,0,0,0,17,0,0,0,3,1,3,0,1,1,0,0,0,0,0,0,0,0,0,0,4,168,101,57,0,0,0,0,0,6,0,0,0,0,0,0,8,1,1,115,11,65,2,14,16,0,0,0,0,0,0,0,140,44,2,121,0,0,0,5,0,0,0,0,0,0,0,0,9,0,0,3,0,0,0,0,0,0,0,0,13,0,0,0,36,4,2,36,0,0,10,6,0,0,0,4,0,0,0,64,24,1,0,19,0,0,0,109,0,0,0,1,0,0,0,2,35,8,0,10,1,0,0,0,0,1,0,0,0,0,0,0,0,0,0,17,0,0,0,0,0,0,0,0,0,0,0,0,0,0,0,0,0,0,0,2,0,0,0,0,0,0,2,0,39,39,16,156,0,0,0,0,0,0,0,6,0,0,0,0,32,987,27,56,0,13,0,4,0,0,0,0,0,0,0,0,131,0,1,36,113,0,0,0,0,0,0,0,0,0,0,0,0,0,10,304,0,0,0,128,0,0,0,0,0,0,0,0,143,70,0,95,0,0,0,0,0,0,0,0,0,0,0,0,297,33,0,37,19,0,0,0,0,0,0,0,0,0,0,0,25,3,0,16,0,0,1,0,8,0,0,12,0,0,0,0,634,22,22,69,11,14,0,3,200,0,0,39,0,0,0,0,57,7,0,197,36,0,0,2,0,4,0,0,0,0,0,109,1,0,21,18,1,0,0,4,0,0,0,0,0,0,0,0,11,0,0,4,0,0,0,3,0,0,0,0,0,0,0,0,1997,980,454,1290,36,14,13,418,220,0,0,53,2,35,0,168,291,12,125,93,0,0,4,2,1,0,0,6,0,0,0,2,2737,584,696,1671,500,112,464,192,41,504,66,270,0,0,0,4,198,11,6,204,183,10,17,25,0,0,2,11,0,0,0,0,4521,881,1855,2447,410,134,212,76,424,5,163,0,342,3,0,260,4360,2192,2323,6469,367,5,575,1028,33,20,379,271,376,0,0,5,0,16,3,4,0,0,0,6,2,0,0,0,0,0,0,0,753,34,12,115,19,1,0,22,1,0,0,2,0,0,0,0,371,6,8,30,184,3,3,4,5,1,13,13,4,2,0,10,1350,1292,535,417,501,183,6,5,13,2,12,5,5,0,2,0,755,14,19,574,173,282,2,121,11,158,2,8,57,37,0,5,119,74,2,251,29,0,0,17,0,2,0,41,16,1,0,8,545,23,4,223,0,17,0,0,0,0,0,0,0,3,0,0,0,0,0,0,14,0,0,0,0,0,0,0,0,0,0,0,0,111,12,16,0,0,0,0,0,0,0,0,0,0,0,0,5924,2800,1757,6757,186,47,8,817,62,3,54,123,496,171,0,830,1359,433,123,1430,2,20,11,262,21,0,0,195,101,7,1,56,1943,876,1149,2968,287,5,14,1214,133,17,3,360,124,63,6,237,462,16,0,134,0,0,0,0,0,0,0,0,0,6,0,11,5722,2689,1731,7113,292,0,3,340,620,216,475,720,213,64,37,158,0,0,3,26,0,162,0,5,0,0,0,0,0,0,0,0,231,0,3,15,0,0,0,0,3,0,0,1,0,0,0,0,3338,890,261,874,466,26,30,270,35,0,16,183,6,305,0,59,1176,434,440,706,124,22,0,30,97,2,4,88,25,3,0
0,22,0,242,133,0,0,0,0,0,0,0,0,0,0,0,0,436,0,0,128,5,153,0,22,0,0,0,0,0,0,0,0,12,75,25,57,0,0,0,0,0,2,0,0,0,0,4,19,294,240,228,307,32,285,8,20,0,0,0,0,0,0,0,0,22,22,14,38,0,12,0,0,0,0,8,0,0,0,0,0,15,114,0,7,0,0,0,13,0,0,0,0,0,0,0,0,545,24,81,55,173,53,13,13,0,0,0,0,0,0,0,0,62,53,0,83,0,0,0,9,0,0,0,0,0,0,0,9,265,7,1,36,2,0,0,0,0,3,0,0,0,0,0,0,0,4,0,0,0,0,0,0,0,0,0,0,0,0,0,0,712,155,0,3,0,0,0,2,0,0,0,0,0,0,0,0,256,477,2,151,0,0,0,49,0,0,0,8,0,8,0,0,0,0,0,0,0,0,0,0,0,0,0,0,0,0,0,1,15,1,26,34,0,0,0,26,6,10,0,90,0,0,0,0,159,12,6,54,0,1,0,0,2,2,0,6,14,0,0,5,0,13,0,0,0,0,0,0,7,0,0,0,0,0,0,0,441,20,0,31,0,5,0,0,6,0,0,1,0,0,0,0,19,18,0,35,0,0,0,1,23,1,0,0,0,1,0,9,55,22,10,89,8,0,0,1,0,0,0,0,17,0,0,0,3,1,3,0,1,1,0,0,0,0,0,0,0,0,0,0,4,168,101,57,0,0,0,0,0,6,0,0,0,0,0,0,8,1,1,115,11,65,2,14,16,0,0,0,0,0,0,0,140,44,2,121,0,0,0,5,0,0,0,0,0,0,0,0,9,0,0,3,0,0,0,0,0,0,0,0,13,0,0,0,36,4,2,36,0,0,10,6,0,0,0,4,0,0,0,64,24,1,0,19,0,0,0,109,0,0,0,1,0,0,0,2,35,8,0,10,1,0,0,0,0,1,0,0,0,0,0,0,0,0,0,17,0,0,0,0,0,0,0,0,0,0,0,0,0,0,0,0,0,0,0,2,0,0,0,0,0,0,2,0,39,39,16,156,0,0,0,0,0,0,0,6,0,0,0,0,32,987,27,56,0,13,0,4,0,0,0,0,0,0,0,0,131,0,1,36,113,0,0,0,0,0,0,0,0,0,0,0,0,0,10,304,0,0,0,128,0,0,0,0,0,0,0,0,143,70,0,95,0,0,0,0,0,0,0,0,0,0,0,0,297,33,0,37,19,0,0,0,0,0,0,0,0,0,0,0,25,3,0,16,0,0,1,0,8,0,0,12,0,0,0,0,634,22,22,69,11,14,0,3,200,0,0,39,0,0,0,0,57,7,0,197,36,0,0,2,0,4,0,0,0,0,0,109,1,0,21,18,1,0,0,4,0,0,0,0,0,0,0,0,11,0,0,4,0,0,0,3,0,0,0,0,0,0,0,0,1997,980,454,1290,36,14,13,418,220,0,0,53,2,35,0,168,291,12,125,93,0,0,4,2,1,0,0,6,0,0,0,2,2737,584,696,1671,500,112,464,192,41,504,66,270,0,0,0,4,198,11,6,204,183,10,17,25,0,0,2,11,0,0,0,0,4521,881,1855,2447,410,134,212,76,424,5,163,0,342,3,0,260,4360,2192,2323,6469,367,5,575,1028,33,20,379,271,376,0,0,5,0,16,3,4,0,0,0,6,2,0,0,0,0,0,0,0,753,34,12,115,19,1,0,22,1,0,0,2,0,0,0,0,371,6,8,30,184,3,3,4,5,1,13,13,4,2,0,10,1350,1292,535,417,501,183,6,5,13,2,12,5,5,0,2,0,755,14,19,574,173,282,2,121,11,158,2,8,57,37,0,5,119,74,2,251,29,0,0,17,0,2,0,41,16,1,0,8,545,23,4,223,0,17,0,0,0,0,0,0,0,3,0,0,0,0,0,0,14,0,0,0,0,0,0,0,0,0,0,0,0,111,12,16,0,0,0,0,0,0,0,0,0,0,0,0,5924,2800,1757,6757,186,47,8,817,62,3,54,123,496,171,0,830,1359,433,123,1430,2,20,11,262,21,0,0,195,101,7,1,56,1943,876,1149,2968,287,5,14,1214,133,17,3,360,124,63,6,237,462,16,0,134,0,0,0,0,0,0,0,0,0,6,0,11,5722,2689,1731,7113,292,0,3,340,620,216,475,720,213,64,37,158,0,0,3,26,0,162,0,5,0,0,0,0,0,0,0,0,231,0,3,15,0,0,0,0,3,0,0,1,0,0,0,0,3338,890,261,874,466,26,30,270,35,0,16,183,6,305,0,59,1176,434,440,706,124,22,0,30,97,2,4,88,25,3,0
0,22,0,242,133,0,0,0,0,0,0,0,0,0,0,0,0,436,0,0,128,5,153,0,22,0,0,0,0,0,0,0,0,12,75,25,57,0,0,0,0,0,2,0,0,0,0,4,19,294,240,228,307,32,285,8,20,0,0,0,0,0,0,0,0,22,22,14,38,0,12,0,0,0,0,8,0,0,0,0,0,15,114,0,7,0,0,0,13,0,0,0,0,0,0,0,0,545,24,81,55,173,53,13,13,0,0,0,0,0,0,0,0,62,53,0,83,0,0,0,9,0,0,0,0,0,0,0,9,265,7,1,36,2,0,0,0,0,3,0,0,0,0,0,0,0,4,0,0,0,0,0,0,0,0,0,0,0,0,0,0,712,155,0,3,0,0,0,2,0,0,0,0,0,0,0,0,256,477,2,151,0,0,0,49,0,0,0,8,0,8,0,0,0,0,0,0,0,0,0,0,0,0,0,0,0,0,0,1,15,1,26,34,0,0,0,26,6,10,0,90,0,0,0,0,159,12,6,54,0,1,0,0,2,2,0,6,14,0,0,5,0,13,0,0,0,0,0,0,7,0,0,0,0,0,0,0,441,20,0,31,0,5,0,0,6,0,0,1,0,0,0,0,19,18,0,35,0,0,0,1,23,1,0,0,0,1,0,9,55,22,10,89,8,0,0,1,0,0,0,0,17,0,0,0,3,1,3,0,1,1,0,0,0,0,0,0,0,0,0,0,4,168,101,57,0,0,0,0,0,6,0,0,0,0,0,0,8,1,1,115,11,65,2,14,16,0,0,0,0,0,0,0,140,44,2,121,0,0,0,5,0,0,0,0,0,0,0,0,9,0,0,3,0,0,0,0,0,0,0,0,13,0,0,0,36,4,2,36,0,0,10,6,0,0,0,4,0,0,0,64,24,1,0,19,0,0,0,109,0,0,0,1,0,0,0,2,35,8,0,10,1,0,0,0,0,1,0,0,0,0,0,0,0,0,0,17,0,0,0,0,0,0,0,0,0,0,0,0,0,0,0,0,0,0,0,2,0,0,0,0,0,0,2,0,39,39,16,156,0,0,0,0,0,0,0,6,0,0,0,0,32,987,27,56,0,13,0,4,0,0,0,0,0,0,0,0,131,0,1,36,113,0,0,0,0,0,0,0,0,0,0,0,0,0,10,304,0,0,0,128,0,0,0,0,0,0,0,0,143,70,0,95,0,0,0,0,0,0,0,0,0,0,0,0,297,33,0,37,19,0,0,0,0,0,0,0,0,0,0,0,25,3,0,16,0,0,1,0,8,0,0,12,0,0,0,0,634,22,22,70,11,14,0,3,200,0,0,39,0,0,0,0,57,7,0,197,36,0,0,2,0,4,0,0,0,0,0,109,1,0,21,18,1,0,0,4,0,0,0,0,0,0,0,0,11,0,0,4,0,0,0,3,0,0,0,0,0,0,0,0,1997,980,454,1290,36,14,13,418,220,0,0,53,2,35,0,168,291,12,125,93,0,0,4,2,1,0,0,6,0,0,0,2,2737,584,696,1671,500,112,464,192,41,504,66,270,0,0,0,4,198,11,6,204,183,10,17,25,0,0,2,11,0,0,0,0,4521,881,1855,2447,410,134,212,76,424,5,163,0,342,3,0,260,4360,2192,2323,6469,367,5,575,1028,33,20,379,271,376,0,0,5,0,16,3,4,0,0,0,6,2,0,0,0,0,0,0,0,753,34,12,115,19,1,0,22,1,0,0,2,0,0,0,0,371,6,8,30,184,3,3,4,5,1,13,13,4,2,0,10,1350,1292,535,417,501,183,6,5,13,2,12,5,5,0,2,0,755,14,19,574,173,282,2,121,12,158,2,8,57,37,0,5,119,74,2,251,29,0,0,17,0,2,0,41,16,1,0,8,545,23,4,223,0,17,0,0,0,0,0,0,0,3,0,0,0,0,0,0,14,0,0,0,0,0,0,0,0,0,0,0,0,111,12,16,0,0,0,0,0,0,0,0,0,0,0,0,5924,2800,1757,6757,186,47,8,817,62,3,54,123,496,171,0,830,1361,434,123,1431,2,20,12,262,21,0,0,195,101,7,1,56,1943,876,1149,2968,287,5,14,1214,133,17,3,360,124,63,6,237,463,16,0,134,0,0,0,0,0,0,0,0,0,6,0,11,5722,2689,1731,7113,292,0,3,340,620,216,475,720,213,64,37,158,0,0,3,26,0,162,0,5,0,0,0,0,0,0,0,0,231,0,3,15,0,0,0,0,3,0,0,1,0,0,0,0,3338,890,261,874,466,26,30,270,35,0,16,183,6,305,0,59,1176,434,440,706,124,22,0,30,97,2,4,88,25,3,0
0,22,0,242,133,0,0,0,0,0,0,0,0,0,0,0,0,436,0,0,128,5,153,0,22,0,0,0,0,0,0,0,0,12,75,25,57,0,0,0,0,0,2,0,0,0,0,4,19,294,240,228,307,32,285,8,20,0,0,0,0,0,0,0,0,22,22,14,38,0,12,0,0,0,0,8,0,0,0,0,0,15,114,0,7,0,0,0,13,0,0,0,0,0,0,0,0,545,24,81,55,173,53,13,13,0,0,0,0,0,0,0,0,62,53,0,83,0,0,0,9,0,0,0,0,0,0,0,9,265,7,1,36,2,0,0,0,0,3,0,0,0,0,0,0,0,4,0,0,0,0,0,0,0,0,0,0,0,0,0,0,712,155,0,3,0,0,0,2,0,0,0,0,0,0,0,0,256,477,2,151,0,0,0,49,0,0,0,8,0,8,0,0,0,0,0,0,0,0,0,0,0,0,0,0,0,0,0,1,15,1,26,34,0,0,0,26,6,10,0,90,0,0,0,0,159,12,6,54,0,1,0,0,2,2,0,6,14,0,0,5,0,13,0,0,0,0,0,0,7,0,0,0,0,0,0,0,441,20,0,31,0,5,0,0,6,0,0,1,0,0,0,0,19,18,0,35,0,0,0,1,23,1,0,0,0,1,0,9,55,22,10,89,8,0,0,1,0,0,0,0,17,0,0,0,3,1,3,0,1,1,0,0,0,0,0,0,0,0,0,0,4,168,101,57,0,0,0,0,0,6,0,0,0,0,0,0,8,1,1,115,11,65,2,14,16,0,0,0,0,0,0,0,140,44,2,121,0,0,0,5,0,0,0,0,0,0,0,0,9,0,0,3,0,0,0,0,0,0,0,0,13,0,0,0,36,4,2,36,0,0,10,6,0,0,0,4,0,0,0,64,24,1,0,19,0,0,0,109,0,0,0,1,0,0,0,2,35,8,0,10,1,0,0,0,0,1,0,0,0,0,0,0,0,0,0,17,0,0,0,0,0,0,0,0,0,0,0,0,0,0,0,0,0,0,0,2,0,0,0,0,0,0,2,0,39,39,16,156,0,0,0,0,0,0,0,6,0,0,0,0,32,987,27,56,0,13,0,4,0,0,0,0,0,0,0,0,131,0,1,36,113,0,0,0,0,0,0,0,0,0,0,0,0,0,10,304,0,0,0,128,0,0,0,0,0,0,0,0,143,70,0,95,0,0,0,0,0,0,0,0,0,0,0,0,297,33,0,37,19,0,0,0,0,0,0,0,0,0,0,0,25,3,0,16,0,0,1,0,8,0,0,12,0,0,0,0,634,22,22,69,11,14,0,3,200,0,0,39,0,0,0,0,57,7,0,197,36,0,0,2,0,4,0,0,0,0,0,109,1,0,21,18,1,0,0,4,0,0,0,0,0,0,0,0,11,0,0,4,0,0,0,3,0,0,0,0,0,0,0,0,1997,981,454,1290,36,14,13,418,220,0,0,53,2,35,0,169,292,12,125,93,0,0,4,2,1,0,0,6,0,0,0,2,2737,585,696,1671,500,112,464,192,41,504,66,270,0,0,0,4,198,11,6,204,183,10,17,25,0,0,2,11,0,0,0,0,4521,882,1856,2447,410,134,212,76,424,5,163,0,342,3,0,260,4360,2192,2323,6469,367,5,575,1028,33,20,379,271,376,0,0,5,0,16,3,4,0,0,0,6,2,0,0,0,0,0,0,0,753,34,12,115,19,1,0,22,1,0,0,2,0,0,0,0,371,6,8,30,184,3,3,4,5,1,13,13,4,2,0,10,1350,1292,535,417,501,183,6,5,13,2,12,5,5,0,2,0,755,14,19,574,173,282,2,121,11,158,2,8,57,37,0,5,119,74,2,251,29,0,0,17,0,2,0,41,16,1,0,8,545,23,4,223,0,17,0,0,0,0,0,0,0,3,0,0,0,0,0,0,14,0,0,0,0,0,0,0,0,0,0,0,0,111,12,16,0,0,0,0,0,0,0,0,0,0,0,0,5924,2800,1758,6758,186,47,8,818,62,3,54,123,496,171,0,830,1360,433,123,1432,2,20,11,262,21,0,0,195,102,7,1,56,1943,876,1149,2968,287,5,14,1214,133,17,3,360,124,63,6,237,462,16,0,134,0,0,0,0,0,0,0,0,0,6,0,11,5722,2689,1731,7113,292,0,3,340,620,216,475,720,213,64,37,158,0,0,3,26,0,162,0,5,0,0,0,0,0,0,0,0,231,0,3,15,0,0,0,0,3,0,0,1,0,0,0,0,3338,890,261,874,466,26,30,270,35,0,16,183,6,305,0,59,1176,434,440,706,124,22,0,30,97,2,4,88,25,3,0
0,22,0,242,133,0,0,0,0,0,0,0,0,0,0,0,0,436,0,0,128,5,153,0,22,0,0,0,0,0,0,0,0,12,75,25,57,0,0,0,0,0,2,0,0,0,0,4,19,294,240,228,307,32,285,8,20,0,0,0,0,0,0,0,0,22,22,14,38,0,12,0,0,0,0,8,0,0,0,0,0,15,114,0,7,0,0,0,13,0,0,0,0,0,0,0,0,545,24,81,55,173,53,13,13,0,0,0,0,0,0,0,0,62,53,0,83,0,0,0,9,0,0,0,0,0,0,0,9,265,7,1,36,2,0,0,0,0,3,0,0,0,0,0,0,0,4,0,0,0,0,0,0,0,0,0,0,0,0,0,0,712,155,0,3,0,0,0,2,0,0,0,0,0,0,0,0,256,477,2,151,0,0,0,49,0,0,0,8,0,8,0,0,0,0,0,0,0,0,0,0,0,0,0,0,0,0,0,1,15,1,26,34,0,0,0,26,6,10,0,90,0,0,0,0,159,12,6,54,0,1,0,0,2,2,0,6,14,0,0,5,0,13,0,0,0,0,0,0,7,0,0,0,0,0,0,0,441,20,0,31,0,5,0,0,6,0,0,1,0,0,0,0,19,18,0,35,0,0,0,1,23,1,0,0,0,1,0,9,55,22,10,89,8,0,0,1,0,0,0,0,17,0,0,0,3,1,3,0,1,1,0,0,0,0,0,0,0,0,0,0,4,168,101,57,0,0,0,0,0,6,0,0,0,0,0,0,8,1,1,115,11,65,2,14,16,0,0,0,0,0,0,0,140,44,2,121,0,0,0,5,0,0,0,0,0,0,0,0,9,0,0,3,0,0,0,0,0,0,0,0,13,0,0,0,36,4,2,36,0,0,10,6,0,0,0,4,0,0,0,64,24,1,0,19,0,0,0,109,0,0,0,1,0,0,0,2,35,8,0,10,1,0,0,0,0,1,0,0,0,0,0,0,0,0,0,17,0,0,0,0,0,0,0,0,0,0,0,0,0,0,0,0,0,0,0,2,0,0,0,0,0,0,2,0,39,39,16,156,0,0,0,0,0,0,0,6,0,0,0,0,32,987,27,56,0,13,0,4,0,0,0,0,0,0,0,0,131,0,1,36,113,0,0,0,0,0,0,0,0,0,0,0,0,0,10,304,0,0,0,128,0,0,0,0,0,0,0,0,143,70,0,95,0,0,0,0,0,0,0,0,0,0,0,0,297,33,0,37,19,0,0,0,0,0,0,0,0,0,0,0,25,3,0,16,0,0,1,0,8,0,0,12,0,0,0,0,634,22,22,70,11,14,0,3,200,0,0,39,0,0,0,0,57,7,0,197,36,0,0,2,0,4,0,0,0,0,0,109,1,0,21,18,1,0,0,4,0,0,0,0,0,0,0,0,11,0,0,4,0,0,0,3,0,0,0,0,0,0,0,0,1997,980,454,1290,36,14,13,418,220,0,0,53,2,35,0,168,291,12,125,93,0,0,4,2,1,0,0,6,0,0,0,2,2737,584,696,1671,500,112,464,192,41,504,66,270,0,0,0,4,198,11,6,204,183,10,17,25,0,0,2,11,0,0,0,0,4521,881,1855,2447,410,134,212,76,424,5,163,0,342,3,0,260,4360,2192,2323,6469,367,5,575,1028,33,20,379,271,376,0,0,5,0,16,3,4,0,0,0,6,2,0,0,0,0,0,0,0,753,34,12,115,19,1,0,22,1,0,0,2,0,0,0,0,371,6,8,30,184,3,3,4,5,1,13,13,4,2,0,10,1350,1292,535,417,501,183,6,5,13,2,12,5,5,0,2,0,755,14,19,574,173,282,2,121,12,158,2,8,57,37,0,5,119,74,2,251,29,0,0,17,0,2,0,41,16,1,0,8,545,23,4,223,0,17,0,0,0,0,0,0,0,3,0,0,0,0,0,0,14,0,0,0,0,0,0,0,0,0,0,0,0,111,12,16,0,0,0,0,0,0,0,0,0,0,0,0,5924,2800,1757,6757,186,47,8,817,62,3,54,123,496,171,0,830,1361,434,123,1431,2,20,12,262,21,0,0,195,101,7,1,56,1943,876,1149,2968,287,5,14,1214,133,17,3,360,124,63,6,237,463,16,0,134,0,0,0,0,0,0,0,0,0,6,0,11,5722,2689,1731,7113,292,0,3,340,620,216,475,720,213,64,37,158,0,0,3,26,0,162,0,5,0,0,0,0,0,0,0,0,231,0,3,15,0,0,0,0,3,0,0,1,0,0,0,0,3338,890,261,874,466,26,30,270,35,0,16,183,6,305,0,59,1176,434,440,706,124,22,0,30,97,2,4,88,25,3,0
0,22,0,242,133,0,0,0,0,0,0,0,0,0,0,0,0,436,0,0,128,5,153,0,22,0,0,0,0,0,0,0,0,12,75,25,57,0,0,0,0,0,2,0,0,0,0,4,19,294,240,228,307,32,285,8,20,0,0,0,0,0,0,0,0,22,22,14,38,0,12,0,0,0,0,8,0,0,0,0,0,15,114,0,7,0,0,0,13,0,0,0,0,0,0,0,0,545,24,81,55,173,53,13,13,0,0,0,0,0,0,0,0,62,53,0,83,0,0,0,9,0,0,0,0,0,0,0,9,265,7,1,36,2,0,0,0,0,3,0,0,0,0,0,0,0,4,0,0,0,0,0,0,0,0,0,0,0,0,0,0,712,155,0,3,0,0,0,2,0,0,0,0,0,0,0,0,256,477,2,151,0,0,0,49,0,0,0,8,0,8,0,0,0,0,0,0,0,0,0,0,0,0,0,0,0,0,0,1,15,1,26,34,0,0,0,26,6,10,0,90,0,0,0,0,159,12,6,54,0,1,0,0,2,2,0,6,14,0,0,5,0,13,0,0,0,0,0,0,7,0,0,0,0,0,0,0,441,20,0,31,0,5,0,0,6,0,0,1,0,0,0,0,19,18,0,35,0,0,0,1,23,1,0,0,0,1,0,9,55,22,10,89,8,0,0,1,0,0,0,0,17,0,0,0,3,1,3,0,1,1,0,0,0,0,0,0,0,0,0,0,4,168,101,57,0,0,0,0,0,6,0,0,0,0,0,0,8,1,1,115,11,65,2,14,16,0,0,0,0,0,0,0,140,44,2,121,0,0,0,5,0,0,0,0,0,0,0,0,9,0,0,3,0,0,0,0,0,0,0,0,13,0,0,0,36,4,2,36,0,0,10,6,0,0,0,4,0,0,0,64,24,1,0,19,0,0,0,109,0,0,0,1,0,0,0,2,35,8,0,10,1,0,0,0,0,1,0,0,0,0,0,0,0,0,0,17,0,0,0,0,0,0,0,0,0,0,0,0,0,0,0,0,0,0,0,2,0,0,0,0,0,0,2,0,39,39,16,156,0,0,0,0,0,0,0,6,0,0,0,0,32,987,27,56,0,13,0,4,0,0,0,0,0,0,0,0,131,0,1,36,113,0,0,0,0,0,0,0,0,0,0,0,0,0,10,304,0,0,0,128,0,0,0,0,0,0,0,0,143,70,0,95,0,0,0,0,0,0,0,0,0,0,0,0,297,33,0,37,19,0,0,0,0,0,0,0,0,0,0,0,25,3,0,16,0,0,1,0,8,0,0,12,0,0,0,0,634,22,22,69,11,14,0,3,200,0,0,39,0,0,0,0,57,7,0,197,36,0,0,2,0,4,0,0,0,0,0,109,1,0,21,18,1,0,0,4,0,0,0,0,0,0,0,0,11,0,0,4,0,0,0,3,0,0,0,0,0,0,0,0,1997,980,454,1290,36,14,13,418,220,0,0,53,2,35,0,168,291,12,125,93,0,0,4,2,1,0,0,6,0,0,0,2,2737,584,696,1671,500,112,464,192,41,504,66,270,0,0,0,4,198,11,6,204,183,10,17,25,0,0,2,11,0,0,0,0,4521,881,1855,2447,410,134,212,76,424,5,163,0,342,3,0,260,4360,2192,2324,6471,367,5,575,1028,33,20,380,271,377,0,0,5,0,16,3,4,0,0,0,6,2,0,0,0,0,0,0,0,753,34,12,115,19,1,0,22,1,0,0,2,0,0,0,0,371,6,8,30,184,3,3,4,5,1,13,13,4,2,0,10,1350,1292,535,417,501,183,6,5,13,2,12,5,5,0,2,0,755,14,19,574,173,282,2,121,11,158,2,8,57,37,0,5,119,74,2,251,29,0,0,17,0,2,0,41,16,1,0,8,545,23,4,223,0,17,0,0,0,0,0,0,0,3,0,0,0,0,0,0,14,0,0,0,0,0,0,0,0,0,0,0,0,111,12,16,0,0,0,0,0,0,0,0,0,0,0,0,5924,2800,1757,6757,186,47,8,817,62,3,54,123,496,171,0,830,1359,433,123,1430,2,20,11,262,21,0,0,195,101,7,1,56,1943,876,1150,2968,287,5,14,1214,133,17,3,360,124,63,6,237,462,16,0,134,0,0,0,0,0,0,0,0,0,6,0,11,5722,2689,1732,7114,292,0,3,340,620,216,475,720,213,64,37,158,0,0,3,26,0,162,0,5,0,0,0,0,0,0,0,0,231,0,3,15,0,0,0,0,3,0,0,1,0,0,0,0,3338,890,261,874,466,26,30,270,35,0,16,183,6,305,0,59,1176,434,440,706,124,22,0,30,97,2,4,88,25,3,0
0,22,0,242,133,0,0,0,0,0,0,0,0,0,0,0,0,436,0,0,128,5,153,0,22,0,0,0,0,0,0,0,0,12,75,25,57,0,0,0,0,0,2,0,0,0,0,4,19,294,240,228,307,32,285,8,20,0,0,0,0,0,0,0,0,22,22,14,38,0,12,0,0,0,0,8,0,0,0,0,0,15,114,0,7,0,0,0,13,0,0,0,0,0,0,0,0,545,24,81,55,173,53,13,13,0,0,0,0,0,0,0,0,62,53,0,83,0,0,0,9,0,0,0,0,0,0,0,9,265,7,1,36,2,0,0,0,0,3,0,0,0,0,0,0,0,4,0,0,0,0,0,0,0,0,0,0,0,0,0,0,712,155,0,3,0,0,0,2,0,0,0,0,0,0,0,0,256,477,2,151,0,0,0,49,0,0,0,8,0,8,0,0,0,0,0,0,0,0,0,0,0,0,0,0,0,0,0,1,15,1,26,34,0,0,0,26,6,10,0,90,0,0,0,0,159,12,6,54,0,1,0,0,2,2,0,6,14,0,0,5,0,13,0,0,0,0,0,0,7,0,0,0,0,0,0,0,441,20,0,31,0,5,0,0,6,0,0,1,0,0,0,0,19,18,0,35,0,0,0,1,23,1,0,0,0,1,0,9,55,22,10,89,8,0,0,1,0,0,0,0,17,0,0,0,3,1,3,0,1,1,0,0,0,0,0,0,0,0,0,0,4,168,101,57,0,0,0,0,0,6,0,0,0,0,0,0,8,1,1,115,11,65,2,14,16,0,0,0,0,0,0,0,140,44,2,121,0,0,0,5,0,0,0,0,0,0,0,0,9,0,0,3,0,0,0,0,0,0,0,0,13,0,0,0,36,4,2,36,0,0,10,6,0,0,0,4,0,0,0,64,24,1,0,19,0,0,0,109,0,0,0,1,0,0,0,2,35,8,0,10,1,0,0,0,0,1,0,0,0,0,0,0,0,0,0,17,0,0,0,0,0,0,0,0,0,0,0,0,0,0,0,0,0,0,0,2,0,0,0,0,0,0,2,0,39,39,16,156,0,0,0,0,0,0,0,6,0,0,0,0,32,987,27,56,0,13,0,4,0,0,0,0,0,0,0,0,131,0,1,36,113,0,0,0,0,0,0,0,0,0,0,0,0,0,10,304,0,0,0,128,0,0,0,0,0,0,0,0,143,70,0,95,0,0,0,0,0,0,0,0,0,0,0,0,297,33,0,37,19,0,0,0,0,0,0,0,0,0,0,0,25,3,0,16,0,0,1,0,8,0,0,12,0,0,0,0,635,22,22,69,11,14,0,3,200,0,0,39,0,0,0,0,57,7,0,197,36,0,0,2,0,4,0,0,0,0,0,109,1,0,21,18,1,0,0,4,0,0,0,0,0,0,0,0,11,0,0,4,0,0,0,3,0,0,0,0,0,0,0,0,1997,980,454,1290,36,14,13,418,220,0,0,53,2,35,0,168,291,12,125,93,0,0,4,2,1,0,0,6,0,0,0,2,2738,584,696,1671,500,113,464,192,41,504,66,270,0,0,0,4,198,11,6,204,183,10,17,25,0,0,2,11,0,0,0,0,4521,881,1856,2448,410,134,212,76,424,5,163,0,342,3,0,260,4361,2194,2323,6472,367,5,575,1028,33,20,379,271,376,0,0,5,0,16,3,4,0,0,0,6,2,0,0,0,0,0,0,0,753,34,12,115,19,1,0,22,1,0,0,2,0,0,0,0,371,6,8,30,184,3,3,4,5,1,13,13,4,2,0,10,1351,1292,535,417,501,183,6,5,13,2,12,5,5,0,2,0,755,14,19,574,173,282,2,121,11,158,2,8,57,37,0,5,119,74,2,251,29,0,0,17,0,2,0,41,16,1,0,8,545,23,4,223,0,17,0,0,0,0,0,0,0,3,0,0,0,0,0,0,14,0,0,0,0,0,0,0,0,0,0,0,0,111,12,16,0,0,0,0,0,0,0,0,0,0,0,0,5924,2800,1758,6758,186,47,8,817,62,3,54,123,496,171,0,830,1359,433,123,1430,2,20,11,262,21,0,0,195,101,7,1,56,1943,876,1149,2970,287,5,14,1214,133,17,3,360,124,63,6,237,462,16,0,134,0,0,0,0,0,0,0,0,0,6,0,11,5722,2689,1731,7114,292,0,3,340,620,216,475,720,213,64,37,158,0,0,3,26,0,162,0,5,0,0,0,0,0,0,0,0,231,0,3,15,0,0,0,0,3,0,0,1,0,0,0,0,3338,890,261,874,466,26,30,270,35,0,16,183,6,305,0,59,1176,434,440,706,124,22,0,30,97,2,4,88,25,3,0
0,22,0,242,133,0,0,0,0,0,0,0,0,0,0,0,0,436,0,0,128,5,153,0,22,0,0,0,0,0,0,0,0,12,75,25,57,0,0,0,0,0,2,0,0,0,0,4,19,294,240,228,307,32,285,8,20,0,0,0,0,0,0,0,0,22,22,14,38,0,12,0,0,0,0,8,0,0,0,0,0,15,114,0,7,0,0,0,13,0,0,0,0,0,0,0,0,545,24,81,55,173,53,13,13,0,0,0,0,0,0,0,0,62,53,0,83,0,0,0,9,0,0,0,0,0,0,0,9,265,7,1,36,2,0,0,0,0,3,0,0,0,0,0,0,0,4,0,0,0,0,0,0,0,0,0,0,0,0,0,0,712,155,0,3,0,0,0,2,0,0,0,0,0,0,0,0,256,477,2,151,0,0,0,49,0,0,0,8,0,8,0,0,0,0,0,0,0,0,0,0,0,0,0,0,0,0,0,1,15,1,26,34,0,0,0,26,6,10,0,90,0,0,0,0,159,12,6,54,0,1,0,0,2,2,0,6,14,0,0,5,0,13,0,0,0,0,0,0,7,0,0,0,0,0,0,0,441,20,0,31,0,5,0,0,6,0,0,1,0,0,0,0,19,18,0,35,0,0,0,1,23,1,0,0,0,1,0,9,55,22,10,89,8,0,0,1,0,0,0,0,17,0,0,0,3,1,3,0,1,1,0,0,0,0,0,0,0,0,0,0,4,168,101,57,0,0,0,0,0,6,0,0,0,0,0,0,8,1,1,115,11,65,2,14,16,0,0,0,0,0,0,0,140,44,2,121,0,0,0,5,0,0,0,0,0,0,0,0,9,0,0,3,0,0,0,0,0,0,0,0,13,0,0,0,36,4,2,36,0,0,10,6,0,0,0,4,0,0,0,64,24,1,0,19,0,0,0,109,0,0,0,1,0,0,0,2,35,8,0,10,1,0,0,0,0,1,0,0,0,0,0,0,0,0,0,17,0,0,0,0,0,0,0,0,0,0,0,0,0,0,0,0,0,0,0,2,0,0,0,0,0,0,2,0,39,39,16,156,0,0,0,0,0,0,0,6,0,0,0,0,32,987,27,56,0,13,0,4,0,0,0,0,0,0,0,0,131,0,1,36,113,0,0,0,0,0,0,0,0,0,0,0,0,0,10,304,0,0,0,128,0,0,0,0,0,0,0,0,143,70,0,95,0,0,0,0,0,0,0,0,0,0,0,0,297,33,0,37,19,0,0,0,0,0,0,0,0,0,0,0,25,3,0,16,0,0,1,0,8,0,0,12,0,0,0,0,634,22,22,69,11,14,0,3,200,0,0,39,0,0,0,0,57,7,0,197,36,0,0,2,0,4,0,0,0,0,0,109,1,0,21,18,1,0,0,4,0,0,0,0,0,0,0,0,11,0,0,4,0,0,0,3,0,0,0,0,0,0,0,0,1997,980,454,1290,36,14,13,418,220,0,0,53,2,35,0,168,291,12,125,93,0,0,4,2,1,0,0,6,0,0,0,2,2737,584,696,1671,500,112,464,192,41,504,66,270,0,0,0,4,198,11,6,204,183,10,17,25,0,0,2,11,0,0,0,0,4522,881,1855,2447,410,134,213,76,424,5,163,0,342,3,0,260,4360,2193,2323,6471,367,5,575,1028,33,20,379,271,376,0,0,5,0,16,3,4,0,0,0,6,2,0,0,0,0,0,0,0,753,34,12,115,19,1,0,22,1,0,0,2,0,0,0,0,371,6,8,30,184,3,3,4,5,1,13,13,4,2,0,10,1350,1292,535,417,501,183,6,5,13,2,12,5,5,0,2,0,755,14,19,574,173,282,2,121,11,158,2,8,57,37,0,5,119,74,2,251,29,0,0,17,0,2,0,41,16,1,0,8,545,23,4,223,0,17,0,0,0,0,0,0,0,3,0,0,0,0,0,0,14,0,0,0,0,0,0,0,0,0,0,0,0,111,12,16,0,0,0,0,0,0,0,0,0,0,0,0,5925,2800,1757,6758,186,47,8,817,62,3,54,123,496,171,0,830,1359,433,123,1430,2,20,11,262,21,0,0,195,101,7,1,56,1944,876,1150,2969,287,5,14,1214,133,17,3,360,124,63,6,237,462,16,0,134,0,0,0,0,0,0,0,0,0,6,0,11,5723,2689,1731,7117,292,0,3,340,620,216,475,720,213,64,37,158,0,0,3,26,0,162,0,5,0,0,0,0,0,0,0,0,231,0,3,15,0,0,0,0,3,0,0,1,0,0,0,0,3338,890,261,874,466,26,30,270,35,0,16,183,6,305,0,59,1176,434,440,706,124,22,0,30,97,2,4,88,25,3,0
0,22,0,243,133,0,0,0,0,0,0,0,0,0,0,0,0,436,0,0,128,5,153,0,22,0,0,0,0,0,0,0,0,12,75,25,57,0,0,0,0,0,2,0,0,0,0,4,19,294,240,228,307,32,285,8,20,0,0,0,0,0,0,0,0,22,22,14,38,0,12,0,0,0,0,8,0,0,0,0,0,15,114,0,7,0,0,0,13,0,0,0,0,0,0,0,0,545,24,81,55,173,53,13,13,0,0,0,0,0,0,0,0,62,53,0,83,0,0,0,9,0,0,0,0,0,0,0,9,265,7,1,36,2,0,0,0,0,3,0,0,0,0,0,0,0,4,0,0,0,0,0,0,0,0,0,0,0,0,0,0,712,155,0,3,0,0,0,2,0,0,0,0,0,0,0,0,257,477,2,151,0,0,0,49,0,0,0,8,0,8,0,0,0,0,0,0,0,0,0,0,0,0,0,0,0,0,0,1,15,1,26,34,0,0,0,26,6,10,0,90,0,0,0,0,159,12,6,54,0,1,0,0,2,2,0,6,14,0,0,5,0,13,0,0,0,0,0,0,7,0,0,0,0,0,0,0,441,20,0,31,0,5,0,0,6,0,0,1,0,0,0,0,19,18,0,35,0,0,0,1,23,1,0,0,0,1,0,9,55,22,10,89,8,0,0,1,0,0,0,0,17,0,0,0,3,1,3,0,1,1,0,0,0,0,0,0,0,0,0,0,4,168,101,57,0,0,0,0,0,6,0,0,0,0,0,0,8,1,1,115,11,65,2,14,16,0,0,0,0,0,0,0,140,44,2,121,0,0,0,5,0,0,0,0,0,0,0,0,9,0,0,3,0,0,0,0,0,0,0,0,13,0,0,0,36,4,2,36,0,0,10,6,0,0,0,4,0,0,0,64,24,1,0,19,0,0,0,109,0,0,0,1,0,0,0,2,35,8,0,10,1,0,0,0,0,1,0,0,0,0,0,0,0,0,0,17,0,0,0,0,0,0,0,0,0,0,0,0,0,0,0,0,0,0,0,2,0,0,0,0,0,0,2,0,39,39,16,156,0,0,0,0,0,0,0,6,0,0,0,0,32,987,27,56,0,13,0,4,0,0,0,0,0,0,0,0,131,0,1,36,113,0,0,0,0,0,0,0,0,0,0,0,0,0,10,304,0,0,0,128,0,0,0,0,0,0,0,0,143,70,0,95,0,0,0,0,0,0,0,0,0,0,0,0,297,33,0,37,19,0,0,0,0,0,0,0,0,0,0,0,25,3,0,16,0,0,1,0,8,0,0,12,0,0,0,0,635,22,22,69,11,14,0,3,200,0,0,39,0,0,0,0,57,7,0,197,36,0,0,2,0,4,0,0,0,0,0,109,1,0,21,18,1,0,0,4,0,0,0,0,0,0,0,0,11,0,0,4,0,0,0,3,0,0,0,0,0,0,0,0,1997,983,454,1291,36,14,13,419,221,0,0,53,2,35,0,168,291,12,125,93,0,0,4,2,1,0,0,6,0,0,0,2,2737,584,696,1671,500,112,464,192,41,504,66,270,0,0,0,4,198,11,6,204,183,10,17,25,0,0,2,11,0,0,0,0,4521,881,1855,2447,410,134,212,76,424,5,163,0,342,3,0,260,4360,2192,2323,6469,367,5,575,1028,33,20,379,271,376,0,0,5,0,16,3,4,0,0,0,6,2,0,0,0,0,0,0,0,754,34,12,115,19,1,0,22,1,0,0,2,0,0,0,0,371,6,8,30,184,3,3,4,5,1,13,13,4,2,0,10,1351,1292,535,417,501,183,6,5,13,2,12,5,5,0,2,0,755,14,19,574,173,282,2,121,11,158,2,8,57,37,0,5,119,74,2,251,29,0,0,17,0,2,0,41,16,1,0,8,545,23,4,223,0,17,0,0,0,0,0,0,0,3,0,0,0,0,0,0,14,0,0,0,0,0,0,0,0,0,0,0,0,111,12,16,0,0,0,0,0,0,0,0,0,0,0,0,5924,2800,1758,6757,186,47,8,817,62,3,54,123,496,171,0,830,1359,433,123,1430,2,20,11,262,21,0,0,195,101,7,1,56,1943,876,1149,2968,287,5,14,1214,133,17,3,360,124,63,6,237,462,16,0,134,0,0,0,0,0,0,0,0,0,6,0,11,5722,2689,1731,7113,292,0,3,340,620,216,475,720,213,64,37,158,0,0,3,26,0,162,0,5,0,0,0,0,0,0,0,0,231,0,3,15,0,0,0,0,3,0,0,1,0,0,0,0,3339,890,261,874,466,26,30,271,35,0,16,183,6,305,0,59,1176,434,440,706,124,22,0,30,97,2,4,88,25,3,0
0,22,0,242,133,0,0,0,0,0,0,0,0,0,0,0,0,436,0,0,128,5,153,0,22,0,0,0,0,0,0,0,0,12,76,25,57,0,0,0,0,0,2,0,0,0,0,4,19,294,240,228,307,32,285,8,20,0,0,0,0,0,0,0,0,22,22,14,38,0,12,0,0,0,0,8,0,0,0,0,0,15,114,0,7,0,0,0,13,0,0,0,0,0,0,0,0,545,24,81,55,173,53,13,13,0,0,0,0,0,0,0,0,62,53,0,83,0,0,0,9,0,0,0,0,0,0,0,9,265,7,1,36,2,0,0,0,0,3,0,0,0,0,0,0,0,4,0,0,0,0,0,0,0,0,0,0,0,0,0,0,712,155,0,3,0,0,0,2,0,0,0,0,0,0,0,0,256,477,2,151,0,0,0,49,0,0,0,8,0,8,0,0,0,0,0,0,0,0,0,0,0,0,0,0,0,0,0,1,15,1,26,34,0,0,0,26,6,10,0,90,0,0,0,0,159,12,6,54,0,1,0,0,2,2,0,6,14,0,0,5,0,13,0,0,0,0,0,0,7,0,0,0,0,0,0,0,441,20,0,31,0,5,0,0,6,0,0,1,0,0,0,0,19,18,0,35,0,0,0,1,23,1,0,0,0,1,0,9,55,22,10,89,8,0,0,1,0,0,0,0,17,0,0,0,3,1,3,0,1,1,0,0,0,0,0,0,0,0,0,0,4,168,101,57,0,0,0,0,0,6,0,0,0,0,0,0,8,1,1,115,11,65,2,14,16,0,0,0,0,0,0,0,140,44,2,121,0,0,0,5,0,0,0,0,0,0,0,0,9,0,0,3,0,0,0,0,0,0,0,0,13,0,0,0,36,4,2,36,0,0,10,6,0,0,0,4,0,0,0,65,24,1,0,19,0,0,0,109,0,0,0,1,0,0,0,2,35,8,0,10,1,0,0,0,0,1,0,0,0,0,0,0,0,0,0,17,0,0,0,0,0,0,0,0,0,0,0,0,0,0,0,0,0,0,0,2,0,0,0,0,0,0,2,0,39,39,16,156,0,0,0,0,0,0,0,6,0,0,0,0,32,987,27,56,0,13,0,4,0,0,0,0,0,0,0,0,131,0,1,36,113,0,0,0,0,0,0,0,0,0,0,0,0,0,10,304,0,0,0,128,0,0,0,0,0,0,0,0,143,70,0,95,0,0,0,0,0,0,0,0,0,0,0,0,297,33,0,37,19,0,0,0,0,0,0,0,0,0,0,0,25,3,0,16,0,0,1,0,8,0,0,12,0,0,0,0,634,22,22,69,11,14,0,3,200,0,0,39,0,0,0,0,57,7,0,197,36,0,0,2,0,4,0,0,0,0,0,109,1,0,21,18,1,0,0,4,0,0,0,0,0,0,0,0,11,0,0,4,0,0,0,3,0,0,0,0,0,0,0,0,1997,980,454,1290,36,14,13,418,220,0,0,53,2,35,0,168,291,12,125,93,0,0,4,2,1,0,0,6,0,0,0,2,2737,584,696,1671,500,112,464,192,41,504,66,270,0,0,0,4,199,11,6,204,183,10,17,25,0,0,2,11,0,0,0,0,4521,881,1855,2447,410,134,212,76,424,5,163,0,342,3,0,260,4360,2192,2323,6469,367,5,575,1028,33,20,379,271,376,0,0,5,0,16,3,4,0,0,0,6,2,0,0,0,0,0,0,0,753,34,12,115,19,1,0,22,1,0,0,2,0,0,0,0,371,6,8,30,184,3,3,4,5,1,13,13,4,2,0,10,1350,1292,535,417,501,183,6,5,13,2,12,5,5,0,2,0,755,14,19,574,173,282,2,121,11,158,2,8,57,37,0,5,119,74,2,251,29,0,0,17,0,2,0,41,16,1,0,8,545,23,4,223,0,17,0,0,0,0,0,0,0,3,0,0,0,0,0,0,14,0,0,0,0,0,0,0,0,0,0,0,0,111,12,16,0,0,0,0,0,0,0,0,0,0,0,0,5924,2800,1757,6757,186,47,8,817,62,3,54,123,496,171,0,830,1360,434,123,1432,2,20,11,263,21,0,0,195,101,7,1,56,1943,876,1149,2968,287,5,14,1214,133,17,3,360,124,63,6,237,462,16,0,134,0,0,0,0,0,0,0,0,0,6,0,11,5722,2689,1731,7113,292,0,3,340,620,216,475,720,213,64,37,158,0,0,3,26,0,162,0,5,0,0,0,0,0,0,0,0,231,0,3,15,0,0,0,0,3,0,0,1,0,0,0,0,3338,890,261,874,466,26,30,270,35,0,16,183,6,305,0,59,1177,434,440,706,124,22,0,30,97,2,4,88,25,3,0
0,22,0,242,133,0,0,0,0,0,0,0,0,0,0,0,0,436,0,0,128,5,153,0,22,0,0,0,0,0,0,0,0,12,75,25,57,0,0,0,0,0,2,0,0,0,0,4,19,294,240,228,307,32,285,8,20,0,0,0,0,0,0,0,0,22,22,14,38,0,12,0,0,0,0,8,0,0,0,0,0,15,114,0,7,0,0,0,13,0,0,0,0,0,0,0,0,545,24,81,55,173,53,13,13,0,0,0,0,0,0,0,0,62,53,0,83,0,0,0,9,0,0,0,0,0,0,0,9,265,7,1,36,2,0,0,0,0,3,0,0,0,0,0,0,0,4,0,0,0,0,0,0,0,0,0,0,0,0,0,0,712,155,0,3,0,0,0,2,0,0,0,0,0,0,0,0,256,477,2,151,0,0,0,49,0,0,0,8,0,8,0,0,0,0,0,0,0,0,0,0,0,0,0,0,0,0,0,1,15,1,26,34,0,0,0,26,6,10,0,90,0,0,0,0,159,12,6,54,0,1,0,0,2,2,0,6,14,0,0,5,0,13,0,0,0,0,0,0,7,0,0,0,0,0,0,0,441,20,0,31,0,5,0,0,6,0,0,1,0,0,0,0,19,18,0,35,0,0,0,1,23,1,0,0,0,1,0,9,55,22,10,89,8,0,0,1,0,0,0,0,17,0,0,0,3,1,3,0,1,1,0,0,0,0,0,0,0,0,0,0,4,168,101,57,0,0,0,0,0,6,0,0,0,0,0,0,8,1,1,115,11,65,2,14,16,0,0,0,0,0,0,0,140,44,2,121,0,0,0,5,0,0,0,0,0,0,0,0,9,0,0,3,0,0,0,0,0,0,0,0,13,0,0,0,36,4,2,36,0,0,10,6,0,0,0,4,0,0,0,64,24,1,0,19,0,0,0,109,0,0,0,1,0,0,0,2,35,8,0,10,1,0,0,0,0,1,0,0,0,0,0,0,0,0,0,17,0,0,0,0,0,0,0,0,0,0,0,0,0,0,0,0,0,0,0,2,0,0,0,0,0,0,2,0,39,39,16,156,0,0,0,0,0,0,0,6,0,0,0,0,32,987,27,56,0,13,0,4,0,0,0,0,0,0,0,0,131,0,1,36,113,0,0,0,0,0,0,0,0,0,0,0,0,0,10,304,0,0,0,128,0,0,0,0,0,0,0,0,143,70,0,95,0,0,0,0,0,0,0,0,0,0,0,0,297,33,0,37,19,0,0,0,0,0,0,0,0,0,0,0,25,3,0,16,0,0,1,0,8,0,0,12,0,0,0,0,634,22,22,69,11,14,0,3,200,0,0,39,0,0,0,0,57,7,0,197,36,0,0,2,0,4,0,0,0,0,0,109,1,0,21,18,1,0,0,4,0,0,0,0,0,0,0,0,11,0,0,4,0,0,0,3,0,0,0,0,0,0,0,0,1997,980,454,1290,36,14,13,418,220,0,0,53,2,35,0,168,291,12,125,93,0,0,4,2,1,0,0,6,0,0,0,2,2737,584,696,1671,500,112,464,192,41,504,66,270,0,0,0,4,198,11,6,204,183,10,17,25,0,0,2,11,0,0,0,0,4521,881,1855,2447,410,134,212,76,424,5,163,0,342,3,0,260,4360,2192,2323,6469,367,5,575,1028,33,20,379,271,376,0,0,5,0,16,3,4,0,0,0,6,2,0,0,0,0,0,0,0,753,34,12,115,19,1,0,22,1,0,0,2,0,0,0,0,371,6,8,30,184,3,3,4,5,1,13,13,4,2,0,10,1350,1292,535,417,501,183,6,5,13,2,12,5,5,0,2,0,755,14,19,574,173,282,2,121,11,158,2,8,57,37,0,5,119,74,2,251,29,0,0,17,0,2,0,41,16,1,0,8,545,23,4,223,0,17,0,0,0,0,0,0,0,3,0,0,0,0,0,0,14,0,0,0,0,0,0,0,0,0,0,0,0,111,12,16,0,0,0,0,0,0,0,0,0,0,0,0,5924,2800,1757,6757,186,47,8,817,62,3,54,123,496,171,0,830,1359,433,123,1430,2,20,11,262,21,0,0,195,101,7,1,56,1943,876,1149,2968,287,5,14,1214,133,17,3,360,124,63,6,237,462,16,0,134,0,0,0,0,0,0,0,0,0,6,0,11,5722,2689,1731,7113,292,0,3,340,620,216,475,720,213,64,37,158,0,0,3,26,0,162,0,5,0,0,0,0,0,0,0,0,231,0,3,15,0,0,0,0,3,0,0,1,0,0,0,0,3338,890,261,874,466,26,30,270,35,0,16,183,6,305,0,59,1176,434,440,706,124,22,0,30,97,2,4,88,25,3,0
0,22,0,242,133,0,0,0,0,0,0,0,0,0,0,0,0,436,0,0,128,5,153,0,22,0,0,0,0,0,0,0,0,12,75,25,57,0,0,0,0,0,2,0,0,0,0,4,19,294,240,228,307,32,285,8,20,0,0,0,0,0,0,0,0,22,22,14,38,0,12,0,0,0,0,8,0,0,0,0,0,15,114,0,7,0,0,0,13,0,0,0,0,0,0,0,0,545,24,81,55,173,53,13,13,0,0,0,0,0,0,0,0,62,53,0,83,0,0,0,9,0,0,0,0,0,0,0,9,265,7,1,36,2,0,0,0,0,3,0,0,0,0,0,0,0,4,0,0,0,0,0,0,0,0,0,0,0,0,0,0,712,155,0,3,0,0,0,2,0,0,0,0,0,0,0,0,256,477,2,151,0,0,0,49,0,0,0,8,0,8,0,0,0,0,0,0,0,0,0,0,0,0,0,0,0,0,0,1,15,1,26,34,0,0,0,26,6,10,0,90,0,0,0,0,159,12,6,54,0,1,0,0,2,2,0,6,14,0,0,5,0,13,0,0,0,0,0,0,7,0,0,0,0,0,0,0,441,20,0,31,0,5,0,0,6,0,0,1,0,0,0,0,19,18,0,35,0,0,0,1,23,1,0,0,0,1,0,9,55,22,10,89,8,0,0,1,0,0,0,0,17,0,0,0,3,1,3,0,1,1,0,0,0,0,0,0,0,0,0,0,4,168,101,57,0,0,0,0,0,6,0,0,0,0,0,0,8,1,1,115,11,65,2,14,16,0,0,0,0,0,0,0,140,44,2,121,0,0,0,5,0,0,0,0,0,0,0,0,9,0,0,3,0,0,0,0,0,0,0,0,13,0,0,0,36,4,2,36,0,0,10,6,0,0,0,4,0,0,0,64,24,1,0,19,0,0,0,109,0,0,0,1,0,0,0,2,35,8,0,10,1,0,0,0,0,1,0,0,0,0,0,0,0,0,0,17,0,0,0,0,0,0,0,0,0,0,0,0,0,0,0,0,0,0,0,2,0,0,0,0,0,0,2,0,39,39,16,156,0,0,0,0,0,0,0,6,0,0,0,0,32,987,27,56,0,13,0,4,0,0,0,0,0,0,0,0,131,0,1,36,113,0,0,0,0,0,0,0,0,0,0,0,0,0,10,304,0,0,0,128,0,0,0,0,0,0,0,0,143,70,0,95,0,0,0,0,0,0,0,0,0,0,0,0,297,33,0,37,19,0,0,0,0,0,0,0,0,0,0,0,25,3,0,16,0,0,1,0,8,0,0,12,0,0,0,0,634,22,22,69,11,14,0,3,200,0,0,39,0,0,0,0,57,7,0,197,36,0,0,2,0,4,0,0,0,0,0,109,1,0,21,18,1,0,0,4,0,0,0,0,0,0,0,0,11,0,0,4,0,0,0,3,0,0,0,0,0,0,0,0,1997,980,454,1290,36,14,13,418,220,0,0,53,2,35,0,168,291,12,125,93,0,0,4,2,1,0,0,6,0,0,0,2,2737,584,696,1671,500,112,464,192,41,504,66,270,0,0,0,4,198,11,6,204,183,10,17,25,0,0,2,11,0,0,0,0,4521,881,1855,2448,410,134,212,76,424,5,163,0,342,3,0,260,4360,2192,2323,6470,367,5,575,1028,33,20,379,271,376,0,0,5,0,16,3,4,0,0,0,6,2,0,0,0,0,0,0,0,753,34,12,115,19,1,0,22,1,0,0,2,0,0,0,0,371,6,8,30,184,3,3,4,5,1,13,13,4,2,0,10,1350,1292,535,417,501,183,6,5,13,2,12,5,5,0,2,0,755,14,19,574,173,282,2,121,11,158,2,8,57,37,0,5,119,74,2,251,29,0,0,17,0,2,0,41,16,1,0,8,545,23,4,223,0,17,0,0,0,0,0,0,0,3,0,0,0,0,0,0,14,0,0,0,0,0,0,0,0,0,0,0,0,111,12,16,0,0,0,0,0,0,0,0,0,0,0,0,5924,2800,1757,6757,186,47,8,818,62,3,54,123,496,171,0,830,1359,433,123,1430,2,20,11,262,21,0,0,195,101,7,1,56,1943,876,1149,2970,287,5,14,1214,133,17,3,360,124,63,6,237,462,16,0,134,0,0,0,0,0,0,0,0,0,6,0,11,5722,2690,1731,7115,292,0,3,340,620,216,475,720,213,64,37,158,0,0,3,26,0,162,0,5,0,0,0,0,0,0,0,0,231,0,3,15,0,0,0,0,3,0,0,1,0,0,0,0,3340,890,261,874,466,26,30,270,35,0,16,183,6,305,0,59,1176,434,440,706,124,22,0,30,97,2,4,88,25,3,0
0,22,0,242,133,0,0,0,0,0,0,0,0,0,0,0,0,436,0,0,128,5,153,0,22,0,0,0,0,0,0,0,0,12,75,25,57,0,0,0,0,0,2,0,0,0,0,4,19,294,240,228,307,32,285,8,20,0,0,0,0,0,0,0,0,22,22,14,38,0,12,0,0,0,0,8,0,0,0,0,0,15,114,0,7,0,0,0,13,0,0,0,0,0,0,0,0,545,24,81,55,173,53,13,13,0,0,0,0,0,0,0,0,62,53,0,83,0,0,0,9,0,0,0,0,0,0,0,9,265,7,1,36,2,0,0,0,0,3,0,0,0,0,0,0,0,4,0,0,0,0,0,0,0,0,0,0,0,0,0,0,712,155,0,3,0,0,0,2,0,0,0,0,0,0,0,0,256,477,2,151,0,0,0,49,0,0,0,8,0,8,0,0,0,0,0,0,0,0,0,0,0,0,0,0,0,0,0,1,15,1,26,34,0,0,0,26,6,10,0,90,0,0,0,0,159,12,6,54,0,1,0,0,2,2,0,6,14,0,0,5,0,13,0,0,0,0,0,0,7,0,0,0,0,0,0,0,441,20,0,31,0,5,0,0,6,0,0,1,0,0,0,0,19,18,0,35,0,0,0,1,23,1,0,0,0,1,0,9,55,22,10,89,8,0,0,1,0,0,0,0,17,0,0,0,3,1,3,0,1,1,0,0,0,0,0,0,0,0,0,0,4,168,101,57,0,0,0,0,0,6,0,0,0,0,0,0,8,1,1,115,11,65,2,14,16,0,0,0,0,0,0,0,140,44,2,121,0,0,0,5,0,0,0,0,0,0,0,0,9,0,0,3,0,0,0,0,0,0,0,0,13,0,0,0,36,4,2,36,0,0,10,6,0,0,0,4,0,0,0,64,24,1,0,19,0,0,0,109,0,0,0,1,0,0,0,2,35,8,0,10,1,0,0,0,0,1,0,0,0,0,0,0,0,0,0,17,0,0,0,0,0,0,0,0,0,0,0,0,0,0,0,0,0,0,0,2,0,0,0,0,0,0,2,0,39,39,16,156,0,0,0,0,0,0,0,6,0,0,0,0,32,987,27,56,0,13,0,4,0,0,0,0,0,0,0,0,131,0,1,36,113,0,0,0,0,0,0,0,0,0,0,0,0,0,10,304,0,0,0,128,0,0,0,0,0,0,0,0,143,70,0,95,0,0,0,0,0,0,0,0,0,0,0,0,297,33,0,37,19,0,0,0,0,0,0,0,0,0,0,0,25,3,0,16,0,0,1,0,8,0,0,12,0,0,0,0,634,22,22,69,11,14,0,3,201,0,0,39,0,0,0,0,57,7,0,197,36,0,0,2,0,4,0,0,0,0,0,109,1,0,21,18,1,0,0,4,0,0,0,0,0,0,0,0,11,0,0,4,0,0,0,3,0,0,0,0,0,0,0,0,1997,980,454,1290,36,14,13,418,220,0,0,53,2,35,0,168,291,12,125,93,0,0,4,2,1,0,0,6,0,0,0,2,2737,584,696,1671,500,112,464,192,41,504,66,270,0,0,0,4,198,11,6,204,183,10,17,25,0,0,2,11,0,0,0,0,4521,881,1855,2447,410,134,212,76,424,5,163,0,342,3,0,260,4362,2192,2323,6469,367,5,575,1028,33,20,379,271,376,0,0,5,0,16,3,4,0,0,0,6,2,0,0,0,0,0,0,0,753,34,12,115,19,1,0,22,1,0,0,2,0,0,0,0,371,6,8,30,184,3,3,4,5,1,13,13,4,2,0,10,1350,1293,535,417,501,183,6,5,13,2,12,5,5,0,2,0,755,14,19,574,173,282,2,121,11,158,2,8,57,37,0,5,119,74,2,251,29,0,0,17,0,2,0,41,16,1,0,8,545,23,4,223,0,17,0,0,0,0,0,0,0,3,0,0,0,0,0,0,14,0,0,0,0,0,0,0,0,0,0,0,0,111,12,16,0,0,0,0,0,0,0,0,0,0,0,0,5924,2800,1757,6758,186,47,8,817,62,3,54,123,496,171,0,830,1359,433,123,1430,2,20,11,262,21,0,0,195,101,7,1,56,1944,876,1149,2968,287,5,14,1214,133,17,3,360,124,63,6,237,462,16,0,134,0,0,0,0,0,0,0,0,0,6,0,11,5722,2690,1731,7113,292,0,3,340,620,216,475,720,214,64,37,158,0,0,3,26,0,162,0,5,0,0,0,0,0,0,0,0,231,0,3,15,0,0,0,0,3,0,0,1,0,0,0,0,3338,890,261,874,466,26,30,270,35,0,16,183,6,305,0,59,1176,434,440,706,124,22,0,30,97,2,4,88,25,3,0
0,22,0,242,133,0,0,0,0,0,0,0,0,0,0,0,0,436,0,0,128,5,153,0,22,0,0,0,0,0,0,0,0,12,75,25,57,0,0,0,0,0,2,0,0,0,0,4,19,294,240,228,307,32,285,8,20,0,0,0,0,0,0,0,0,22,22,14,38,0,12,0,0,0,0,8,0,0,0,0,0,15,114,0,7,0,0,0,13,0,0,0,0,0,0,0,0,545,24,81,55,173,53,13,13,0,0,0,0,0,0,0,0,62,53,0,83,0,0,0,9,0,0,0,0,0,0,0,9,265,7,1,36,2,0,0,0,0,3,0,0,0,0,0,0,0,4,0,0,0,0,0,0,0,0,0,0,0,0,0,0,714,155,0,3,0,0,0,2,0,0,0,0,0,0,0,0,256,477,2,151,0,0,0,49,0,0,0,8,0,8,0,0,0,0,0,0,0,0,0,0,0,0,0,0,0,0,0,1,15,1,26,34,0,0,0,26,6,10,0,90,0,0,0,0,159,12,6,54,0,1,0,0,2,2,0,6,14,0,0,5,0,13,0,0,0,0,0,0,7,0,0,0,0,0,0,0,441,20,0,31,0,5,0,0,6,0,0,1,0,0,0,0,19,18,0,35,0,0,0,1,23,1,0,0,0,1,0,9,55,22,10,89,8,0,0,1,0,0,0,0,17,0,0,0,3,1,3,0,1,1,0,0,0,0,0,0,0,0,0,0,4,168,101,57,0,0,0,0,0,6,0,0,0,0,0,0,8,1,1,115,11,65,2,14,16,0,0,0,0,0,0,0,140,44,2,121,0,0,0,5,0,0,0,0,0,0,0,0,9,0,0,3,0,0,0,0,0,0,0,0,13,0,0,0,36,4,2,36,0,0,10,6,0,0,0,4,0,0,0,64,24,1,0,19,0,0,0,109,0,0,0,1,0,0,0,2,35,8,0,10,1,0,0,0,0,1,0,0,0,0,0,0,0,0,0,17,0,0,0,0,0,0,0,0,0,0,0,0,0,0,0,0,0,0,0,2,0,0,0,0,0,0,2,0,39,39,16,156,0,0,0,0,0,0,0,6,0,0,0,0,32,987,27,56,0,13,0,4,0,0,0,0,0,0,0,0,131,0,1,36,113,0,0,0,0,0,0,0,0,0,0,0,0,0,10,304,0,0,0,128,0,0,0,0,0,0,0,0,143,70,0,95,0,0,0,0,0,0,0,0,0,0,0,0,297,33,0,37,19,0,0,0,0,0,0,0,0,0,0,0,25,3,0,16,0,0,1,0,8,0,0,12,0,0,0,0,634,22,22,69,11,14,0,3,200,0,0,39,0,0,0,0,57,7,0,197,36,0,0,2,0,4,0,0,0,0,0,109,1,0,21,18,1,0,0,4,0,0,0,0,0,0,0,0,11,0,0,4,0,0,0,3,0,0,0,0,0,0,0,0,1997,980,454,1290,36,14,13,418,220,0,0,53,2,35,0,168,291,12,125,93,0,0,4,2,1,0,0,6,0,0,0,2,2737,584,696,1671,500,112,464,192,41,504,66,270,0,0,0,4,198,11,6,204,183,10,17,25,0,0,2,11,0,0,0,0,4521,881,1855,2447,410,134,212,76,424,5,163,0,342,3,0,261,4361,2192,2323,6470,367,5,575,1029,33,20,379,271,376,0,0,5,0,16,3,4,0,0,0,6,2,0,0,0,0,0,0,0,753,34,12,115,19,1,0,22,1,0,0,2,0,0,0,0,371,6,8,30,184,3,3,4,5,1,13,13,4,2,0,10,1350,1292,535,417,501,183,6,5,13,2,12,5,5,0,2,0,755,14,19,574,173,282,2,121,11,158,2,8,57,37,0,5,119,74,2,251,29,0,0,17,0,2,0,41,16,1,0,8,545,23,4,223,0,17,0,0,0,0,0,0,0,3,0,0,0,0,0,0,14,0,0,0,0,0,0,0,0,0,0,0,0,111,12,16,0,0,0,0,0,0,0,0,0,0,0,0,5924,2800,1757,6757,186,47,8,817,62,3,54,123,496,171,0,830,1359,433,123,1430,2,20,11,262,21,0,0,195,101,7,1,56,1943,876,1149,2968,287,5,14,1214,133,17,3,360,124,63,6,237,462,16,0,134,0,0,0,0,0,0,0,0,0,6,0,11,5722,2689,1731,7113,292,0,3,340,620,216,475,720,213,64,37,158,0,0,3,26,0,162,0,5,0,0,0,0,0,0,0,0,231,0,3,15,0,0,0,0,3,0,0,1,0,0,0,0,3339,890,261,874,466,26,30,270,35,0,16,183,6,305,0,59,1176,434,440,706,124,22,0,30,97,2,4,88,25,3,0
0,22,0,242,133,0,0,0,0,0,0,0,0,0,0,0,0,436,0,0,128,5,153,0,22,0,0,0,0,0,0,0,0,12,75,25,57,0,0,0,0,0,2,0,0,0,0,4,19,294,240,228,307,32,285,8,20,0,0,0,0,0,0,0,0,22,22,14,38,0,12,0,0,0,0,8,0,0,0,0,0,15,114,0,7,0,0,0,13,0,0,0,0,0,0,0,0,545,24,81,55,173,53,13,13,0,0,0,0,0,0,0,0,62,53,0,83,0,0,0,9,0,0,0,0,0,0,0,9,265,7,1,36,2,0,0,0,0,3,0,0,0,0,0,0,0,4,0,0,0,0,0,0,0,0,0,0,0,0,0,0,712,155,0,3,0,0,0,2,0,0,0,0,0,0,0,0,256,477,2,151,0,0,0,49,0,0,0,8,0,8,0,0,0,0,0,0,0,0,0,0,0,0,0,0,0,0,0,1,15,1,26,34,0,0,0,26,6,10,0,90,0,0,0,0,159,12,6,54,0,1,0,0,2,2,0,6,14,0,0,5,0,13,0,0,0,0,0,0,7,0,0,0,0,0,0,0,441,20,0,31,0,5,0,0,6,0,0,1,0,0,0,0,19,18,0,35,0,0,0,1,23,1,0,0,0,1,0,9,55,22,10,89,8,0,0,1,0,0,0,0,17,0,0,0,3,1,3,0,1,1,0,0,0,0,0,0,0,0,0,0,4,168,101,57,0,0,0,0,0,6,0,0,0,0,0,0,8,1,1,115,11,65,2,14,16,0,0,0,0,0,0,0,140,44,2,121,0,0,0,5,0,0,0,0,0,0,0,0,9,0,0,3,0,0,0,0,0,0,0,0,13,0,0,0,36,4,2,36,0,0,10,6,0,0,0,4,0,0,0,64,24,1,0,19,0,0,0,109,0,0,0,1,0,0,0,2,35,8,0,10,1,0,0,0,0,1,0,0,0,0,0,0,0,0,0,17,0,0,0,0,0,0,0,0,0,0,0,0,0,0,0,0,0,0,0,2,0,0,0,0,0,0,2,0,39,39,16,156,0,0,0,0,0,0,0,6,0,0,0,0,32,987,27,56,0,13,0,4,0,0,0,0,0,0,0,0,131,0,1,36,113,0,0,0,0,0,0,0,0,0,0,0,0,0,10,304,0,0,0,128,0,0,0,0,0,0,0,0,143,70,0,95,0,0,0,0,0,0,0,0,0,0,0,0,297,33,0,37,19,0,0,0,0,0,0,0,0,0,0,0,25,3,0,16,0,0,1,0,8,0,0,12,0,0,0,0,634,22,22,69,11,14,0,3,200,0,0,39,0,0,0,0,57,7,0,197,36,0,0,2,0,4,0,0,0,0,0,109,1,0,21,18,1,0,0,4,0,0,0,0,0,0,0,0,11,0,0,4,0,0,0,3,0,0,0,0,0,0,0,0,1997,980,454,1290,36,14,13,418,220,0,0,53,2,35,0,168,291,12,125,93,0,0,4,2,1,0,0,6,0,0,0,2,2737,584,696,1672,500,112,464,192,41,504,66,270,0,0,0,4,198,11,6,204,183,10,17,25,0,0,2,11,0,0,0,0,4521,881,1855,2447,410,134,212,76,424,5,163,0,342,3,0,260,4360,2192,2323,6470,367,5,575,1028,33,20,379,271,376,0,0,5,0,16,3,4,0,0,0,6,2,0,0,0,0,0,0,0,753,34,12,115,19,1,0,22,1,0,0,2,0,0,0,0,371,6,8,30,184,3,3,4,5,1,13,13,4,2,0,10,1350,1292,535,417,501,183,6,5,13,2,12,5,5,0,2,0,755,14,19,574,173,282,2,121,11,158,2,8,57,38,0,5,120,74,2,251,29,0,0,17,0,2,0,41,16,1,0,8,545,23,4,223,0,17,0,0,0,0,0,0,0,3,0,0,0,0,0,0,14,0,0,0,0,0,0,0,0,0,0,0,0,111,12,16,0,0,0,0,0,0,0,0,0,0,0,0,5924,2800,1757,6758,186,47,8,817,62,3,54,123,496,171,0,830,1360,433,124,1430,2,20,11,262,21,0,0,195,101,7,1,56,1943,876,1149,2969,287,5,14,1214,133,17,3,360,124,63,6,237,462,16,0,134,0,0,0,0,0,0,0,0,0,6,0,11,5722,2689,1731,7113,292,0,3,340,620,216,475,720,213,64,38,158,0,0,3,26,0,162,0,5,0,0,0,0,0,0,0,0,231,0,3,15,0,0,0,0,3,0,0,1,0,0,0,0,3338,890,261,874,466,26,30,270,35,0,16,183,6,305,0,59,1176,434,440,706,124,22,0,30,97,2,4,88,25,3,0
0,22,0,242,133,0,0,0,0,0,0,0,0,0,0,0,0,436,0,0,128,5,153,0,22,0,0,0,0,0,0,0,0,12,75,25,57,0,0,0,0,0,2,0,0,0,0,4,19,294,240,228,307,32,285,8,20,0,0,0,0,0,0,0,0,22,22,14,38,0,12,0,0,0,0,8,0,0,0,0,0,15,114,0,7,0,0,0,13,0,0,0,0,0,0,0,0,545,24,81,55,173,53,13,13,0,0,0,0,0,0,0,0,62,53,0,83,0,0,0,9,0,0,0,0,0,0,0,9,265,7,1,36,2,0,0,0,0,3,0,0,0,0,0,0,0,4,0,0,0,0,0,0,0,0,0,0,0,0,0,0,712,155,0,3,0,0,0,2,0,0,0,0,0,0,0,0,256,477,2,151,0,0,0,49,0,0,0,8,0,8,0,0,0,0,0,0,0,0,0,0,0,0,0,0,0,0,0,1,15,1,26,34,0,0,0,26,6,10,0,90,0,0,0,0,159,12,6,54,0,1,0,0,2,2,0,6,14,0,0,5,0,13,0,0,0,0,0,0,7,0,0,0,0,0,0,0,441,20,0,31,0,5,0,0,6,0,0,1,0,0,0,0,19,18,0,35,0,0,0,1,23,1,0,0,0,1,0,9,55,22,10,89,8,0,0,1,0,0,0,0,17,0,0,0,3,1,3,0,1,1,0,0,0,0,0,0,0,0,0,0,4,168,101,57,0,0,0,0,0,6,0,0,0,0,0,0,8,1,1,115,11,65,2,14,16,0,0,0,0,0,0,0,140,44,2,121,0,0,0,5,0,0,0,0,0,0,0,0,9,0,0,3,0,0,0,0,0,0,0,0,13,0,0,0,36,4,2,36,0,0,10,6,0,0,0,4,0,0,0,64,24,1,0,19,0,0,0,109,0,0,0,1,0,0,0,2,35,8,0,10,1,0,0,0,0,1,0,0,0,0,0,0,0,0,0,17,0,0,0,0,0,0,0,0,0,0,0,0,0,0,0,0,0,0,0,2,0,0,0,0,0,0,2,0,39,39,16,156,0,0,0,0,0,0,0,6,0,0,0,0,32,987,27,56,0,13,0,4,0,0,0,0,0,0,0,0,131,0,1,36,113,0,0,0,0,0,0,0,0,0,0,0,0,0,10,304,0,0,0,128,0,0,0,0,0,0,0,0,143,70,0,95,0,0,0,0,0,0,0,0,0,0,0,0,297,33,0,37,19,0,0,0,0,0,0,0,0,0,0,0,25,3,0,16,0,0,1,0,8,0,0,12,0,0,0,0,634,22,22,69,11,14,0,3,200,0,0,39,0,0,0,0,57,7,0,197,36,0,0,2,0,4,0,0,0,0,0,109,1,0,21,18,1,0,0,4,0,0,0,0,0,0,0,0,11,0,0,4,0,0,0,3,0,0,0,0,0,0,0,0,1997,980,454,1290,36,14,13,418,220,0,0,53,2,35,0,168,291,12,125,93,0,0,4,2,1,0,0,6,0,0,0,2,2737,584,696,1671,500,112,464,192,41,504,66,270,0,0,0,4,198,11,6,204,183,10,17,25,0,0,2,11,0,0,0,0,4521,881,1855,2447,410,134,212,76,424,5,163,0,342,3,0,260,4360,2192,2323,6469,367,5,575,1028,33,20,379,271,376,0,0,5,0,16,3,4,0,0,0,6,2,0,0,0,0,0,0,0,753,34,12,115,19,1,0,22,1,0,0,2,0,0,0,0,371,6,8,30,184,3,3,4,5,1,13,13,4,2,0,10,1350,1292,535,417,501,183,6,5,13,2,12,5,5,0,2,0,755,14,19,574,173,282,2,121,11,158,2,8,57,37,0,5,119,74,2,251,29,0,0,17,0,2,0,41,16,1,0,8,545,23,4,223,0,17,0,0,0,0,0,0,0,3,0,0,0,0,0,0,14,0,0,0,0,0,0,0,0,0,0,0,0,111,12,16,0,0,0,0,0,0,0,0,0,0,0,0,5924,2800,1757,6757,186,47,8,817,62,3,54,123,496,171,0,830,1359,433,123,1430,2,20,11,262,21,0,0,195,101,7,1,56,1943,876,1149,2968,287,5,14,1214,133,17,3,360,124,63,6,237,462,16,0,134,0,0,0,0,0,0,0,0,0,6,0,11,5722,2689,1731,7113,292,0,3,340,620,216,475,720,213,64,37,158,0,0,3,26,0,162,0,5,0,0,0,0,0,0,0,0,231,0,3,15,0,0,0,0,3,0,0,1,0,0,0,0,3338,890,261,874,466,26,30,270,35,0,16,183,6,305,0,59,1176,434,440,706,124,22,0,30,97,2,4,88,25,3,0
0,22,0,242,133,0,0,0,0,0,0,0,0,0,0,0,0,436,0,0,128,5,153,0,22,0,0,0,0,0,0,0,0,12,75,25,57,0,0,0,0,0,2,0,0,0,0,4,19,294,240,228,307,32,285,8,20,0,0,0,0,0,0,0,0,22,22,14,38,0,12,0,0,0,0,8,0,0,0,0,0,15,114,0,7,0,0,0,13,0,0,0,0,0,0,0,0,545,24,81,55,173,53,13,13,0,0,0,0,0,0,0,0,62,53,0,83,0,0,0,9,0,0,0,0,0,0,0,9,265,7,1,36,2,0,0,0,0,3,0,0,0,0,0,0,0,4,0,0,0,0,0,0,0,0,0,0,0,0,0,0,712,155,0,3,0,0,0,2,0,0,0,0,0,0,0,0,256,477,2,151,0,0,0,49,0,0,0,8,0,8,0,0,0,0,0,0,0,0,0,0,0,0,0,0,0,0,0,1,15,1,26,34,0,0,0,26,6,10,0,90,0,0,0,0,159,12,6,54,0,1,0,0,2,2,0,6,14,0,0,5,0,13,0,0,0,0,0,0,7,0,0,0,0,0,0,0,441,20,0,31,0,5,0,0,6,0,0,1,0,0,0,0,19,18,0,35,0,0,0,1,23,1,0,0,0,1,0,9,55,22,10,89,8,0,0,1,0,0,0,0,17,0,0,0,3,1,3,0,1,1,0,0,0,0,0,0,0,0,0,0,4,168,101,57,0,0,0,0,0,6,0,0,0,0,0,0,8,1,1,115,11,65,2,14,16,0,0,0,0,0,0,0,140,44,2,121,0,0,0,5,0,0,0,0,0,0,0,0,9,0,0,3,0,0,0,0,0,0,0,0,13,0,0,0,36,4,2,36,0,0,10,6,0,0,0,4,0,0,0,64,24,1,0,19,0,0,0,109,0,0,0,1,0,0,0,2,35,8,0,10,1,0,0,0,0,1,0,0,0,0,0,0,0,0,0,17,0,0,0,0,0,0,0,0,0,0,0,0,0,0,0,0,0,0,0,2,0,0,0,0,0,0,2,0,39,39,16,156,0,0,0,0,0,0,0,6,0,0,0,0,32,987,27,56,0,13,0,4,0,0,0,0,0,0,0,0,131,0,1,36,113,0,0,0,0,0,0,0,0,0,0,0,0,0,10,304,0,0,0,128,0,0,0,0,0,0,0,0,143,70,0,95,0,0,0,0,0,0,0,0,0,0,0,0,297,33,0,37,19,0,0,0,0,0,0,0,0,0,0,0,25,3,0,16,0,0,1,0,8,0,0,12,0,0,0,0,634,22,22,69,11,14,0,3,200,0,0,39,0,0,0,0,57,7,0,197,36,0,0,2,0,4,0,0,0,0,0,109,1,0,21,18,1,0,0,4,0,0,0,0,0,0,0,0,11,0,0,4,0,0,0,3,0,0,0,0,0,0,0,0,1997,980,454,1290,36,14,13,418,220,0,0,53,2,35,0,168,291,12,125,93,0,0,4,2,1,0,0,6,0,0,0,2,2737,584,696,1671,500,112,464,192,41,504,66,270,0,0,0,4,198,11,6,204,183,10,17,25,0,0,2,11,0,0,0,0,4521,881,1855,2447,410,134,212,76,424,5,163,0,342,3,0,260,4360,2192,2323,6469,367,5,575,1028,33,20,379,271,376,0,0,5,0,16,3,4,0,0,0,6,2,0,0,0,0,0,0,0,753,34,12,115,19,1,0,22,1,0,0,2,0,0,0,0,371,6,8,30,184,3,3,4,5,1,13,13,4,2,0,10,1350,1292,535,417,501,183,6,5,13,2,12,5,5,0,2,0,755,14,19,574,173,282,2,121,11,158,2,8,57,37,0,5,119,74,2,251,29,0,0,17,0,2,0,41,16,1,0,8,545,23,4,223,0,17,0,0,0,0,0,0,0,3,0,0,0,0,0,0,14,0,0,0,0,0,0,0,0,0,0,0,0,111,12,16,0,0,0,0,0,0,0,0,0,0,0,0,5924,2800,1757,6757,186,47,8,817,62,3,54,123,496,171,0,830,1359,433,123,1430,2,20,11,262,21,0,0,195,101,7,1,56,1943,876,1149,2968,287,5,14,1214,133,17,3,360,124,63,6,237,462,16,0,134,0,0,0,0,0,0,0,0,0,6,0,11,5722,2689,1731,7113,292,0,3,340,620,216,475,720,213,64,37,158,0,0,3,26,0,162,0,5,0,0,0,0,0,0,0,0,231,0,3,15,0,0,0,0,3,0,0,1,0,0,0,0,3338,890,261,874,466,26,30,270,35,0,16,183,6,305,0,59,1176,434,440,706,124,22,0,30,97,2,4,88,25,3,0
0,22,0,242,133,0,0,0,0,0,0,0,0,0,0,0,0,436,0,0,128,5,153,0,22,0,0,0,0,0,0,0,0,12,75,25,57,0,0,0,0,0,2,0,0,0,0,4,19,294,240,228,307,32,285,8,20,0,0,0,0,0,0,0,0,22,22,14,38,0,12,0,0,0,0,8,0,0,0,0,0,15,114,0,7,0,0,0,13,0,0,0,0,0,0,0,0,545,24,81,55,173,53,13,13,0,0,0,0,0,0,0,0,62,53,0,83,0,0,0,9,0,0,0,0,0,0,0,9,265,7,1,36,2,0,0,0,0,3,0,0,0,0,0,0,0,4,0,0,0,0,0,0,0,0,0,0,0,0,0,0,712,155,0,3,0,0,0,2,0,0,0,0,0,0,0,0,256,477,2,151,0,0,0,49,0,0,0,8,0,8,0,0,0,0,0,0,0,0,0,0,0,0,0,0,0,0,0,1,15,1,26,34,0,0,0,26,6,10,0,90,0,0,0,0,159,12,6,54,0,1,0,0,2,2,0,6,14,0,0,5,0,13,0,0,0,0,0,0,7,0,0,0,0,0,0,0,441,20,0,31,0,5,0,0,6,0,0,1,0,0,0,0,19,18,0,35,0,0,0,1,23,1,0,0,0,1,0,9,55,22,10,89,8,0,0,1,0,0,0,0,17,0,0,0,3,1,3,0,1,1,0,0,0,0,0,0,0,0,0,0,4,168,101,57,0,0,0,0,0,6,0,0,0,0,0,0,8,1,1,115,11,65,2,14,16,0,0,0,0,0,0,0,140,44,2,121,0,0,0,5,0,0,0,0,0,0,0,0,9,0,0,3,0,0,0,0,0,0,0,0,13,0,0,0,36,4,2,36,0,0,10,6,0,0,0,4,0,0,0,64,24,1,0,19,0,0,0,109,0,0,0,1,0,0,0,2,35,8,0,10,1,0,0,0,0,1,0,0,0,0,0,0,0,0,0,17,0,0,0,0,0,0,0,0,0,0,0,0,0,0,0,0,0,0,0,2,0,0,0,0,0,0,2,0,39,39,16,156,0,0,0,0,0,0,0,6,0,0,0,0,32,987,27,56,0,13,0,4,0,0,0,0,0,0,0,0,131,0,1,36,113,0,0,0,0,0,0,0,0,0,0,0,0,0,10,304,0,0,0,128,0,0,0,0,0,0,0,0,143,70,0,95,0,0,0,0,0,0,0,0,0,0,0,0,297,33,0,37,19,0,0,0,0,0,0,0,0,0,0,0,25,3,0,16,0,0,1,0,8,0,0,12,0,0,0,0,634,22,22,69,11,14,0,3,200,0,0,39,0,0,0,0,57,7,0,197,36,0,0,2,0,4,0,0,0,0,0,109,1,0,21,18,1,0,0,4,0,0,0,0,0,0,0,0,11,0,0,4,0,0,0,3,0,0,0,0,0,0,0,0,1997,980,454,1290,36,14,13,418,220,0,0,53,2,35,0,168,291,12,125,93,0,0,4,2,1,0,0,6,0,0,0,2,2738,584,696,1671,500,112,464,192,41,504,66,270,0,0,0,4,198,11,6,204,183,10,17,25,0,0,2,11,0,0,0,0,4522,881,1855,2447,410,134,212,76,424,5,163,0,342,3,0,260,4360,2192,2323,6469,367,5,575,1028,33,20,379,271,376,0,0,5,0,16,3,4,0,0,0,6,2,0,0,0,0,0,0,0,753,34,12,115,19,1,0,22,1,0,0,2,0,0,0,0,371,6,8,30,184,3,3,4,5,1,13,13,4,2,0,10,1350,1292,535,417,501,183,6,5,13,2,12,5,5,0,2,0,755,14,19,574,173,282,2,121,11,158,2,8,57,37,0,5,119,74,2,251,29,0,0,17,0,2,0,41,16,1,0,8,545,23,4,223,0,17,0,0,0,0,0,0,0,3,0,0,0,0,0,0,14,0,0,0,0,0,0,0,0,0,0,0,0,111,12,16,0,0,0,0,0,0,0,0,0,0,0,0,5924,2800,1757,6757,186,47,8,817,62,3,54,123,496,171,0,830,1359,433,123,1430,2,20,11,262,21,0,0,195,101,7,1,56,1943,876,1149,2968,287,5,14,1214,133,17,3,360,124,63,6,237,462,16,0,134,0,0,0,0,0,0,0,0,0,6,0,11,5722,2689,1731,7113,292,0,3,340,621,216,475,721,213,64,37,158,0,0,3,26,0,162,0,5,0,0,0,0,0,0,0,0,231,0,3,15,0,0,0,0,3,0,0,1,0,0,0,0,3338,890,261,874,466,26,30,270,35,0,16,183,6,305,0,59,1176,434,440,706,124,22,0,30,97,2,4,88,25,3,0
0,22,0,242,133,0,0,0,0,0,0,0,0,0,0,0,0,436,0,0,128,5,153,0,22,0,0,0,0,0,0,0,0,12,75,25,57,0,0,0,0,0,2,0,0,0,0,4,19,294,240,228,307,32,285,8,20,0,0,0,0,0,0,0,0,22,22,14,38,0,12,0,0,0,0,8,0,0,0,0,0,15,114,0,7,0,0,0,13,0,0,0,0,0,0,0,0,545,24,81,55,173,53,13,13,0,0,0,0,0,0,0,0,62,53,0,83,0,0,0,9,0,0,0,0,0,0,0,9,265,7,1,36,2,0,0,0,0,3,0,0,0,0,0,0,0,4,0,0,0,0,0,0,0,0,0,0,0,0,0,0,712,155,0,3,0,0,0,2,0,0,0,0,0,0,0,0,256,477,2,151,0,0,0,49,0,0,0,8,0,8,0,0,0,0,0,0,0,0,0,0,0,0,0,0,0,0,0,1,15,1,26,34,0,0,0,26,6,10,0,90,0,0,0,0,159,12,6,54,0,1,0,0,2,2,0,6,14,0,0,5,0,13,0,0,0,0,0,0,7,0,0,0,0,0,0,0,441,20,0,31,0,5,0,0,6,0,0,1,0,0,0,0,19,18,0,35,0,0,0,1,23,1,0,0,0,1,0,9,55,22,10,89,8,0,0,1,0,0,0,0,17,0,0,0,3,1,3,0,1,1,0,0,0,0,0,0,0,0,0,0,4,168,101,57,0,0,0,0,0,6,0,0,0,0,0,0,8,1,1,115,11,65,2,14,16,0,0,0,0,0,0,0,140,44,2,121,0,0,0,5,0,0,0,0,0,0,0,0,9,0,0,3,0,0,0,0,0,0,0,0,13,0,0,0,36,4,2,36,0,0,10,6,0,0,0,4,0,0,0,64,24,1,0,19,0,0,0,109,0,0,0,1,0,0,0,2,35,8,0,10,1,0,0,0,0,1,0,0,0,0,0,0,0,0,0,17,0,0,0,0,0,0,0,0,0,0,0,0,0,0,0,0,0,0,0,2,0,0,0,0,0,0,2,0,39,39,16,156,0,0,0,0,0,0,0,6,0,0,0,0,32,989,27,56,0,13,0,4,0,0,0,0,0,0,0,0,131,0,1,36,113,0,0,0,0,0,0,0,0,0,0,0,0,0,10,304,0,0,0,128,0,0,0,0,0,0,0,0,143,70,0,95,0,0,0,0,0,0,0,0,0,0,0,0,297,33,0,37,19,0,0,0,0,0,0,0,0,0,0,0,25,3,0,16,0,0,1,0,8,0,0,12,0,0,0,0,635,22,22,69,11,14,0,3,200,0,0,39,0,0,0,0,57,7,0,197,36,0,0,2,0,4,0,0,0,0,0,109,1,0,21,18,1,0,0,4,0,0,0,0,0,0,0,0,11,0,0,4,0,0,0,3,0,0,0,0,0,0,0,0,1997,980,454,1290,36,14,13,418,220,0,0,53,2,35,0,168,291,12,125,93,0,0,4,2,1,0,0,6,0,0,0,2,2737,584,696,1671,501,112,464,192,41,504,66,270,0,0,0,4,198,11,6,204,183,10,17,25,0,0,2,11,0,0,0,0,4521,881,1856,2447,410,134,212,76,424,5,163,0,342,3,0,260,4360,2192,2323,6470,367,5,575,1028,33,20,379,271,376,0,0,5,0,16,3,4,0,0,0,6,2,0,0,0,0,0,0,0,753,34,12,115,19,1,0,22,1,0,0,2,0,0,0,0,371,6,8,30,184,3,3,4,5,1,13,13,4,2,0,10,1350,1292,535,417,501,183,6,5,13,2,12,5,5,0,2,0,755,14,19,574,173,282,2,121,11,158,2,8,57,37,0,5,119,74,2,251,29,0,0,17,0,2,0,41,16,1,0,8,545,23,4,223,0,17,0,0,0,0,0,0,0,3,0,0,0,0,0,0,14,0,0,0,0,0,0,0,0,0,0,0,0,111,12,16,0,0,0,0,0,0,0,0,0,0,0,0,5924,2803,1757,6758,186,47,8,817,62,3,54,123,497,171,0,831,1359,433,123,1430,2,20,11,262,21,0,0,195,101,7,1,56,1944,876,1149,2969,287,5,14,1214,133,17,3,360,124,63,6,237,462,16,0,134,0,0,0,0,0,0,0,0,0,6,0,11,5722,2690,1731,7114,292,0,3,340,620,216,475,720,213,64,37,158,0,0,3,26,0,162,0,5,0,0,0,0,0,0,0,0,231,0,3,15,0,0,0,0,3,0,0,1,0,0,0,0,3338,890,261,874,466,26,30,270,35,0,16,183,6,305,0,59,1176,434,440,706,124,22,0,30,97,2,4,88,25,3,0
0,22,0,242,133,0,0,0,0,0,0,0,0,0,0,0,0,436,0,0,128,5,153,0,22,0,0,0,0,0,0,0,0,12,75,25,57,0,0,0,0,0,2,0,0,0,0,4,19,294,240,228,307,32,285,8,20,0,0,0,0,0,0,0,0,22,22,14,38,0,12,0,0,0,0,8,0,0,0,0,0,15,114,0,7,0,0,0,13,0,0,0,0,0,0,0,0,545,24,81,55,173,53,13,13,0,0,0,0,0,0,0,0,62,53,0,83,0,0,0,9,0,0,0,0,0,0,0,9,265,7,1,36,2,0,0,0,0,3,0,0,0,0,0,0,0,4,0,0,0,0,0,0,0,0,0,0,0,0,0,0,713,156,0,3,0,0,0,2,0,0,0,0,0,0,0,0,256,477,2,151,0,0,0,49,0,0,0,8,0,8,0,0,0,0,0,0,0,0,0,0,0,0,0,0,0,0,0,1,15,1,26,34,0,0,0,26,6,10,0,90,0,0,0,0,159,12,6,54,0,1,0,0,2,2,0,6,14,0,0,5,0,13,0,0,0,0,0,0,7,0,0,0,0,0,0,0,441,20,0,31,0,5,0,0,6,0,0,1,0,0,0,0,19,18,0,35,0,0,0,1,23,1,0,0,0,1,0,9,55,22,10,89,8,0,0,1,0,0,0,0,17,0,0,0,3,1,3,0,1,1,0,0,0,0,0,0,0,0,0,0,4,169,101,57,0,0,0,0,0,6,0,0,0,0,0,0,8,1,1,115,11,65,2,14,16,0,0,0,0,0,0,0,140,44,2,121,0,0,0,5,0,0,0,0,0,0,0,0,9,0,0,3,0,0,0,0,0,0,0,0,13,0,0,0,36,4,2,36,0,0,10,6,0,0,0,4,0,0,0,64,24,1,0,19,0,0,0,109,0,0,0,1,0,0,0,2,35,8,0,10,1,0,0,0,0,1,0,0,0,0,0,0,0,0,0,17,0,0,0,0,0,0,0,0,0,0,0,0,0,0,0,0,0,0,0,2,0,0,0,0,0,0,2,0,39,39,16,156,0,0,0,0,0,0,0,6,0,0,0,0,32,987,27,56,0,13,0,4,0,0,0,0,0,0,0,0,131,0,1,36,113,0,0,0,0,0,0,0,0,0,0,0,0,0,10,305,0,0,0,128,0,0,0,0,0,0,0,0,143,70,0,95,0,0,0,0,0,0,0,0,0,0,0,0,297,33,0,37,19,0,0,0,0,0,0,0,0,0,0,0,25,3,0,16,0,0,1,0,8,0,0,12,0,0,0,0,634,22,22,69,11,14,0,3,200,0,0,39,0,0,0,0,57,7,0,197,36,0,0,2,0,4,0,0,0,0,0,109,1,0,21,18,1,0,0,4,0,0,0,0,0,0,0,0,11,0,0,4,0,0,0,3,0,0,0,0,0,0,0,0,1997,980,454,1290,36,14,13,418,220,0,0,53,2,35,0,168,291,12,125,93,0,0,4,2,1,0,0,6,0,0,0,2,2737,584,696,1672,500,112,464,192,41,504,66,270,0,0,0,4,198,11,6,204,183,10,17,25,0,0,2,11,0,0,0,0,4521,881,1855,2447,410,134,212,76,424,5,163,0,342,3,0,260,4360,2192,2324,6470,367,5,575,1028,33,20,379,271,376,0,0,5,0,16,3,4,0,0,0,6,2,0,0,0,0,0,0,0,753,34,12,115,19,1,0,22,1,0,0,2,0,0,0,0,371,6,8,30,184,3,3,4,5,1,13,13,4,2,0,10,1350,1292,535,417,501,183,6,5,13,2,12,5,5,0,2,0,756,14,19,574,174,283,2,121,11,159,2,8,57,37,0,5,119,74,2,251,29,0,0,17,0,2,0,41,16,1,0,8,545,23,4,223,0,17,0,0,0,0,0,0,0,3,0,0,0,0,0,0,14,0,0,0,0,0,0,0,0,0,0,0,0,111,12,16,0,0,0,0,0,0,0,0,0,0,0,0,5924,2800,1757,6757,186,47,8,817,62,3,54,123,496,171,0,830,1359,433,123,1430,2,20,11,262,21,0,0,195,101,7,1,56,1943,877,1149,2968,287,5,14,1214,133,17,3,360,124,63,6,237,462,16,0,134,0,0,0,0,0,0,0,0,0,6,0,11,5724,2689,1731,7114,292,0,3,340,620,216,475,720,213,64,37,158,0,0,3,26,0,162,0,5,0,0,0,0,0,0,0,0,231,0,3,15,0,0,0,0,3,0,0,1,0,0,0,0,3338,890,261,875,466,26,30,270,35,0,16,183,6,305,0,59,1176,434,441,707,124,22,0,30,97,2,4,88,25,3,0
0,22,0,242,133,0,0,0,0,0,0,0,0,0,0,0,0,436,0,0,128,5,153,0,22,0,0,0,0,0,0,0,0,12,75,25,57,0,0,0,0,0,2,0,0,0,0,4,19,294,240,228,307,32,285,8,20,0,0,0,0,0,0,0,0,22,22,14,38,0,12,0,0,0,0,8,0,0,0,0,0,15,114,0,7,0,0,0,13,0,0,0,0,0,0,0,0,545,24,81,55,173,53,13,13,0,0,0,0,0,0,0,0,62,53,0,83,0,0,0,9,0,0,0,0,0,0,0,9,265,7,1,36,2,0,0,0,0,3,0,0,0,0,0,0,0,4,0,0,0,0,0,0,0,0,0,0,0,0,0,0,712,155,0,3,0,0,0,2,0,0,0,0,0,0,0,0,256,477,2,151,0,0,0,49,0,0,0,8,0,8,0,0,0,0,0,0,0,0,0,0,0,0,0,0,0,0,0,1,15,1,26,34,0,0,0,26,6,10,0,90,0,0,0,0,159,12,6,54,0,1,0,0,2,2,0,6,14,0,0,5,0,13,0,0,0,0,0,0,7,0,0,0,0,0,0,0,441,20,0,31,0,5,0,0,6,0,0,1,0,0,0,0,19,18,0,35,0,0,0,1,23,1,0,0,0,1,0,9,55,22,10,89,8,0,0,1,0,0,0,0,17,0,0,0,3,1,3,0,1,1,0,0,0,0,0,0,0,0,0,0,4,168,101,57,0,0,0,0,0,6,0,0,0,0,0,0,8,1,1,115,11,65,2,14,16,0,0,0,0,0,0,0,140,44,2,121,0,0,0,5,0,0,0,0,0,0,0,0,9,0,0,3,0,0,0,0,0,0,0,0,13,0,0,0,36,4,2,36,0,0,10,6,0,0,0,4,0,0,0,64,24,1,0,19,0,0,0,109,0,0,0,1,0,0,0,2,35,8,0,10,1,0,0,0,0,1,0,0,0,0,0,0,0,0,0,17,0,0,0,0,0,0,0,0,0,0,0,0,0,0,0,0,0,0,0,2,0,0,0,0,0,0,2,0,39,39,16,156,0,0,0,0,0,0,0,6,0,0,0,0,32,987,27,56,0,13,0,4,0,0,0,0,0,0,0,0,131,0,1,36,113,0,0,0,0,0,0,0,0,0,0,0,0,0,10,305,0,0,0,128,0,0,0,0,0,0,0,0,143,70,0,95,0,0,0,0,0,0,0,0,0,0,0,0,297,33,0,37,19,0,0,0,0,0,0,0,0,0,0,0,25,3,0,16,0,0,1,0,8,0,0,12,0,0,0,0,634,22,22,69,11,14,0,3,200,0,0,39,0,0,0,0,57,7,0,197,36,0,0,2,0,4,0,0,0,0,0,109,1,0,21,18,1,0,0,4,0,0,0,0,0,0,0,0,11,0,0,4,0,0,0,3,0,0,0,0,0,0,0,0,1997,980,454,1290,36,14,13,418,220,0,0,53,2,35,0,168,291,12,125,93,0,0,4,2,1,0,0,6,0,0,0,2,2738,584,697,1671,500,112,464,192,41,504,66,270,0,0,0,4,198,11,6,204,183,10,17,25,0,0,2,11,0,0,0,0,4521,881,1855,2447,410,134,212,77,424,5,163,0,342,3,0,260,4360,2192,2323,6471,367,5,575,1028,33,20,379,271,376,0,0,5,0,16,3,4,0,0,0,6,2,0,0,0,0,0,0,0,753,34,12,115,19,1,0,22,1,0,0,2,0,0,0,0,371,6,8,30,184,3,3,4,5,1,13,13,4,2,0,10,1350,1292,535,417,501,183,6,5,13,2,12,5,5,0,2,0,755,14,19,574,173,282,2,121,11,158,2,8,57,37,0,5,119,74,2,251,29,0,0,17,0,2,0,41,16,1,0,8,545,23,4,223,0,17,0,0,0,0,0,0,0,3,0,0,0,0,0,0,14,0,0,0,0,0,0,0,0,0,0,0,0,111,12,16,0,0,0,0,0,0,0,0,0,0,0,0,5925,2800,1757,6758,186,47,8,817,62,3,54,123,496,171,0,830,1359,433,123,1430,2,20,11,262,21,0,0,195,101,7,1,56,1943,876,1149,2969,287,5,14,1214,133,17,3,360,124,63,6,237,462,16,0,134,0,0,0,0,0,0,0,0,0,6,0,11,5723,2690,1731,7115,292,0,3,340,620,216,475,720,213,64,37,158,0,0,3,26,0,162,0,5,0,0,0,0,0,0,0,0,231,0,3,15,0,0,0,0,3,0,0,1,0,0,0,0,3338,890,261,874,466,26,30,270,35,0,16,183,6,305,0,59,1176,434,440,706,124,22,0,30,97,2,4,88,25,3,0
0,22,0,242,133,0,0,0,0,0,0,0,0,0,0,0,0,436,0,0,128,5,153,0,22,0,0,0,0,0,0,0,0,12,75,25,57,0,0,0,0,0,2,0,0,0,0,4,19,294,240,228,307,32,285,8,20,0,0,0,0,0,0,0,0,22,22,14,38,0,12,0,0,0,0,8,0,0,0,0,0,15,114,0,7,0,0,0,13,0,0,0,0,0,0,0,0,545,24,81,55,173,53,13,13,0,0,0,0,0,0,0,0,62,53,0,83,0,0,0,9,0,0,0,0,0,0,0,9,265,7,1,36,2,0,0,0,0,3,0,0,0,0,0,0,0,4,0,0,0,0,0,0,0,0,0,0,0,0,0,0,712,155,0,3,0,0,0,2,0,0,0,0,0,0,0,0,256,477,2,151,0,0,0,49,0,0,0,8,0,8,0,0,0,0,0,0,0,0,0,0,0,0,0,0,0,0,0,1,15,1,26,34,0,0,0,26,6,10,0,90,0,0,0,0,159,12,6,54,0,1,0,0,2,2,0,6,14,0,0,5,0,13,0,0,0,0,0,0,7,0,0,0,0,0,0,0,441,20,0,31,0,5,0,0,6,0,0,1,0,0,0,0,19,18,0,35,0,0,0,1,23,1,0,0,0,1,0,9,55,22,10,89,8,0,0,1,0,0,0,0,17,0,0,0,3,1,3,0,1,1,0,0,0,0,0,0,0,0,0,0,4,168,101,57,0,0,0,0,0,6,0,0,0,0,0,0,8,1,1,115,11,65,2,14,16,0,0,0,0,0,0,0,140,44,2,121,0,0,0,5,0,0,0,0,0,0,0,0,9,0,0,3,0,0,0,0,0,0,0,0,13,0,0,0,36,4,2,36,0,0,10,6,0,0,0,4,0,0,0,64,24,1,0,19,0,0,0,109,0,0,0,1,0,0,0,2,35,8,0,10,1,0,0,0,0,1,0,0,0,0,0,0,0,0,0,17,0,0,0,0,0,0,0,0,0,0,0,0,0,0,0,0,0,0,0,2,0,0,0,0,0,0,2,0,39,39,16,156,0,0,0,0,0,0,0,6,0,0,0,0,32,987,27,56,0,13,0,4,0,0,0,0,0,0,0,0,131,0,1,36,113,0,0,0,0,0,0,0,0,0,0,0,0,0,10,304,0,0,0,128,0,0,0,0,0,0,0,0,143,70,0,95,0,0,0,0,0,0,0,0,0,0,0,0,297,33,0,37,19,0,0,0,0,0,0,0,0,0,0,0,25,3,0,16,0,0,1,0,8,0,0,12,0,0,0,0,634,22,22,69,11,14,0,3,200,0,0,39,0,0,0,0,57,7,0,197,36,0,0,2,0,4,0,0,0,0,0,109,1,0,21,18,1,0,0,4,0,0,0,0,0,0,0,0,11,0,0,4,0,0,0,3,0,0,0,0,0,0,0,0,1997,980,454,1290,36,14,13,418,220,0,0,53,2,35,0,168,291,12,125,93,0,0,4,2,1,0,0,6,0,0,0,2,2737,584,696,1671,500,112,464,192,41,504,66,270,0,0,0,4,198,11,6,204,183,10,17,25,0,0,2,11,0,0,0,0,4521,881,1855,2447,410,134,212,76,424,5,163,0,342,3,0,260,4360,2192,2324,6471,367,5,575,1028,33,20,380,271,377,0,0,5,0,16,3,4,0,0,0,6,2,0,0,0,0,0,0,0,753,34,12,115,19,1,0,22,1,0,0,2,0,0,0,0,371,6,8,30,184,3,3,4,5,1,13,13,4,2,0,10,1350,1292,535,417,501,183,6,5,13,2,12,5,5,0,2,0,755,14,19,574,173,282,2,121,11,158,2,8,57,37,0,5,119,74,2,251,29,0,0,17,0,2,0,41,16,1,0,8,545,23,4,223,0,17,0,0,0,0,0,0,0,3,0,0,0,0,0,0,14,0,0,0,0,0,0,0,0,0,0,0,0,111,12,16,0,0,0,0,0,0,0,0,0,0,0,0,5924,2800,1757,6757,186,47,8,817,62,3,54,123,496,171,0,830,1359,433,123,1430,2,20,11,262,21,0,0,195,101,7,1,56,1943,876,1150,2968,287,5,14,1214,133,17,3,360,124,63,6,237,462,16,0,134,0,0,0,0,0,0,0,0,0,6,0,11,5722,2689,1732,7114,292,0,3,340,620,216,475,720,213,64,37,158,0,0,3,26,0,162,0,5,0,0,0,0,0,0,0,0,231,0,3,15,0,0,0,0,3,0,0,1,0,0,0,0,3338,890,261,874,466,26,30,270,35,0,16,183,6,305,0,59,1176,434,440,706,124,22,0,30,97,2,4,88,25,3,0
0,22,0,242,133,0,0,0,0,0,0,0,0,0,0,0,0,436,0,0,128,5,153,0,22,0,0,0,0,0,0,0,0,12,75,25,57,0,0,0,0,0,2,0,0,0,0,4,19,294,240,228,307,32,285,8,20,0,0,0,0,0,0,0,0,22,22,14,38,0,12,0,0,0,0,8,0,0,0,0,0,15,114,0,7,0,0,0,13,0,0,0,0,0,0,0,0,545,24,81,55,173,53,13,13,0,0,0,0,0,0,0,0,62,53,0,83,0,0,0,9,0,0,0,0,0,0,0,9,265,7,1,36,2,0,0,0,0,3,0,0,0,0,0,0,0,4,0,0,0,0,0,0,0,0,0,0,0,0,0,0,712,155,0,3,0,0,0,2,0,0,0,0,0,0,0,0,256,477,2,151,0,0,0,49,0,0,0,8,0,8,0,0,0,0,0,0,0,0,0,0,0,0,0,0,0,0,0,1,15,1,26,34,0,0,0,26,6,10,0,90,0,0,0,0,159,12,6,54,0,1,0,0,2,2,0,6,14,0,0,5,0,13,0,0,0,0,0,0,7,0,0,0,0,0,0,0,441,20,0,31,0,5,0,0,6,0,0,1,0,0,0,0,19,18,0,35,0,0,0,1,23,1,0,0,0,1,0,9,55,22,10,89,8,0,0,1,0,0,0,0,17,0,0,0,3,1,3,0,1,1,0,0,0,0,0,0,0,0,0,0,4,168,101,57,0,0,0,0,0,6,0,0,0,0,0,0,8,1,1,115,11,65,2,14,16,0,0,0,0,0,0,0,140,44,2,121,0,0,0,5,0,0,0,0,0,0,0,0,9,0,0,3,0,0,0,0,0,0,0,0,13,0,0,0,36,4,2,36,0,0,10,6,0,0,0,4,0,0,0,64,24,1,0,19,0,0,0,109,0,0,0,1,0,0,0,2,35,8,0,10,1,0,0,0,0,1,0,0,0,0,0,0,0,0,0,17,0,0,0,0,0,0,0,0,0,0,0,0,0,0,0,0,0,0,0,2,0,0,0,0,0,0,2,0,39,39,16,156,0,0,0,0,0,0,0,6,0,0,0,0,32,987,27,56,0,13,0,4,0,0,0,0,0,0,0,0,131,0,1,36,113,0,0,0,0,0,0,0,0,0,0,0,0,0,10,304,0,0,0,128,0,0,0,0,0,0,0,0,143,70,0,95,0,0,0,0,0,0,0,0,0,0,0,0,297,33,0,37,19,0,0,0,0,0,0,0,0,0,0,0,25,3,0,16,0,0,1,0,8,0,0,12,0,0,0,0,634,22,22,69,11,14,0,3,200,0,0,39,0,0,0,0,57,7,0,197,36,0,0,2,0,4,0,0,0,0,0,109,1,0,21,18,1,0,0,4,0,0,0,0,0,0,0,0,11,0,0,4,0,0,0,3,0,0,0,0,0,0,0,0,1997,980,454,1290,36,14,13,418,220,0,0,53,2,35,0,168,291,12,125,93,0,0,4,2,1,0,0,6,0,0,0,2,2737,584,696,1672,500,112,464,192,41,504,66,270,0,0,0,4,198,11,6,204,183,10,17,25,0,0,2,11,0,0,0,0,4521,881,1855,2448,410,134,212,76,424,5,163,0,342,3,0,260,4360,2192,2323,6469,367,5,575,1028,33,20,379,271,376,0,0,5,0,16,3,4,0,0,0,6,2,0,0,0,0,0,0,0,753,34,12,115,19,1,0,22,1,0,0,2,0,0,0,0,371,6,8,30,184,3,3,4,5,1,13,13,4,2,0,10,1350,1292,535,417,501,183,6,5,13,2,12,5,5,0,2,0,755,14,19,574,173,282,2,121,11,158,2,8,57,37,0,5,119,74,2,251,29,0,0,17,0,2,0,41,16,1,0,8,545,23,4,223,0,17,0,0,0,0,0,0,0,3,0,0,0,0,0,0,14,0,0,0,0,0,0,0,0,0,0,0,0,111,12,16,0,0,0,0,0,0,0,0,0,0,0,0,5924,2800,1757,6757,186,47,8,817,62,3,54,123,496,171,0,830,1360,433,123,1431,2,20,11,263,21,0,0,195,101,7,1,56,1943,876,1149,2968,287,5,14,1214,133,17,3,360,124,63,6,237,463,16,0,135,0,0,0,0,0,0,0,0,0,6,0,11,5722,2689,1731,7113,292,0,3,340,620,216,475,720,213,64,37,158,0,0,3,26,0,162,0,5,0,0,0,0,0,0,0,0,231,0,3,15,0,0,0,0,3,0,0,1,0,0,0,0,3338,890,261,874,466,26,30,270,35,0,16,183,6,305,0,59,1176,434,440,706,124,22,0,30,97,2,4,88,25,3,0
0,22,0,242,133,0,0,0,0,0,0,0,0,0,0,0,0,436,0,0,128,5,153,0,22,0,0,0,0,0,0,0,0,12,75,25,57,0,0,0,0,0,2,0,0,0,0,4,19,294,240,228,307,32,285,8,20,0,0,0,0,0,0,0,0,22,22,14,38,0,12,0,0,0,0,8,0,0,0,0,0,15,114,0,7,0,0,0,13,0,0,0,0,0,0,0,0,545,24,81,55,173,53,13,13,0,0,0,0,0,0,0,0,62,53,0,83,0,0,0,9,0,0,0,0,0,0,0,9,265,7,1,36,2,0,0,0,0,3,0,0,0,0,0,0,0,4,0,0,0,0,0,0,0,0,0,0,0,0,0,0,712,155,0,3,0,0,0,2,0,0,0,0,0,0,0,0,256,477,2,151,0,0,0,49,0,0,0,8,0,8,0,0,0,0,0,0,0,0,0,0,0,0,0,0,0,0,0,1,15,1,26,34,0,0,0,26,6,10,0,90,0,0,0,0,159,12,6,54,0,1,0,0,2,2,0,6,14,0,0,5,0,13,0,0,0,0,0,0,7,0,0,0,0,0,0,0,441,20,0,31,0,5,0,0,6,0,0,1,0,0,0,0,19,18,0,35,0,0,0,1,23,1,0,0,0,1,0,9,55,22,10,89,8,0,0,1,0,0,0,0,17,0,0,0,3,1,3,0,1,1,0,0,0,0,0,0,0,0,0,0,4,168,101,57,0,0,0,0,0,6,0,0,0,0,0,0,8,1,1,115,11,65,2,14,16,0,0,0,0,0,0,0,140,44,2,121,0,0,0,5,0,0,0,0,0,0,0,0,9,0,0,3,0,0,0,0,0,0,0,0,13,0,0,0,36,4,2,36,0,0,10,6,0,0,0,4,0,0,0,64,24,1,0,19,0,0,0,109,0,0,0,1,0,0,0,2,35,8,0,10,1,0,0,0,0,1,0,0,0,0,0,0,0,0,0,17,0,0,0,0,0,0,0,0,0,0,0,0,0,0,0,0,0,0,0,2,0,0,0,0,0,0,2,0,39,39,16,156,0,0,0,0,0,0,0,6,0,0,0,0,32,987,27,56,0,13,0,4,0,0,0,0,0,0,0,0,131,0,1,36,113,0,0,0,0,0,0,0,0,0,0,0,0,0,10,304,0,0,0,128,0,0,0,0,0,0,0,0,143,70,0,95,0,0,0,0,0,0,0,0,0,0,0,0,297,33,0,37,19,0,0,0,0,0,0,0,0,0,0,0,25,3,0,16,0,0,1,0,8,0,0,12,0,0,0,0,634,22,22,69,11,14,0,3,200,0,0,39,0,0,0,0,57,7,0,197,36,0,0,2,0,4,0,0,0,0,0,109,1,0,21,18,1,0,0,4,0,0,0,0,0,0,0,0,11,0,0,4,0,0,0,3,0,0,0,0,0,0,0,0,1997,980,454,1290,36,14,13,418,220,0,0,53,2,35,0,168,291,12,125,93,0,0,4,2,1,0,0,6,0,0,0,2,2737,584,696,1671,500,112,464,192,41,504,66,270,0,0,0,4,198,11,6,204,183,10,17,25,0,0,2,11,0,0,0,0,4521,881,1855,2447,410,134,212,76,424,5,163,0,342,3,0,260,4360,2192,2323,6469,367,5,575,1028,33,20,379,271,376,0,0,5,0,16,3,4,0,0,0,6,2,0,0,0,0,0,0,0,753,34,12,115,19,1,0,22,1,0,0,2,0,0,0,0,371,6,8,30,184,3,3,4,5,1,13,13,4,2,0,10,1350,1292,535,417,501,183,6,5,13,2,12,5,5,0,2,0,755,14,19,574,173,282,2,121,11,158,2,8,57,37,0,5,119,74,2,251,29,0,0,17,0,2,0,41,16,1,0,8,545,23,4,223,0,17,0,0,0,0,0,0,0,3,0,0,0,0,0,0,14,0,0,0,0,0,0,0,0,0,0,0,0,111,12,16,0,0,0,0,0,0,0,0,0,0,0,0,5924,2800,1757,6757,186,47,8,817,62,3,54,123,496,171,0,830,1359,433,123,1430,2,20,11,262,21,0,0,195,101,7,1,56,1943,876,1149,2968,287,5,14,1214,133,17,3,360,124,63,6,237,462,16,0,134,0,0,0,0,0,0,0,0,0,6,0,11,5722,2689,1731,7113,292,0,3,340,620,216,475,720,213,64,37,158,0,0,3,26,0,162,0,5,0,0,0,0,0,0,0,0,231,0,3,15,0,0,0,0,3,0,0,1,0,0,0,0,3338,890,261,874,466,26,30,270,35,0,16,183,6,305,0,59,1176,434,440,706,124,22,0,30,97,2,4,88,25,3,0
0,22,0,242,133,0,0,0,0,0,0,0,0,0,0,0,0,436,0,0,128,5,153,0,22,0,0,0,0,0,0,0,0,12,75,25,57,0,0,0,0,0,2,0,0,0,0,4,19,294,240,228,307,32,285,8,20,0,0,0,0,0,0,0,0,22,22,14,38,0,12,0,0,0,0,8,0,0,0,0,0,15,114,0,7,0,0,0,13,0,0,0,0,0,0,0,0,545,24,81,55,173,53,13,13,0,0,0,0,0,0,0,0,62,53,0,83,0,0,0,9,0,0,0,0,0,0,0,9,265,7,1,36,2,0,0,0,0,3,0,0,0,0,0,0,0,4,0,0,0,0,0,0,0,0,0,0,0,0,0,0,712,155,0,3,0,0,0,2,0,0,0,0,0,0,0,0,256,477,2,151,0,0,0,49,0,0,0,8,0,8,0,0,0,0,0,0,0,0,0,0,0,0,0,0,0,0,0,1,15,1,26,34,0,0,0,26,6,10,0,90,0,0,0,0,159,12,6,54,0,1,0,0,2,2,0,6,14,0,0,5,0,13,0,0,0,0,0,0,7,0,0,0,0,0,0,0,441,20,0,31,0,5,0,0,6,0,0,1,0,0,0,0,19,18,0,35,0,0,0,1,23,1,0,0,0,1,0,9,55,22,10,89,8,0,0,1,0,0,0,0,17,0,0,0,3,1,3,0,1,1,0,0,0,0,0,0,0,0,0,0,4,168,101,57,0,0,0,0,0,6,0,0,0,0,0,0,8,1,1,115,11,65,2,14,16,0,0,0,0,0,0,0,140,44,2,121,0,0,0,5,0,0,0,0,0,0,0,0,9,0,0,3,0,0,0,0,0,0,0,0,13,0,0,0,36,4,2,36,0,0,10,6,0,0,0,4,0,0,0,64,24,1,0,19,0,0,0,109,0,0,0,1,0,0,0,2,35,8,0,10,1,0,0,0,0,1,0,0,0,0,0,0,0,0,0,17,0,0,0,0,0,0,0,0,0,0,0,0,0,0,0,0,0,0,0,2,0,0,0,0,0,0,2,0,39,39,16,156,0,0,0,0,0,0,0,6,0,0,0,0,32,987,27,56,0,13,0,4,0,0,0,0,0,0,0,0,131,0,1,36,113,0,0,0,0,0,0,0,0,0,0,0,0,0,10,304,0,0,0,128,0,0,0,0,0,0,0,0,143,70,0,95,0,0,0,0,0,0,0,0,0,0,0,0,297,33,0,37,19,0,0,0,0,0,0,0,0,0,0,0,25,3,0,16,0,0,1,0,8,0,0,12,0,0,0,0,634,22,22,69,11,14,0,3,200,0,0,39,0,0,0,0,57,7,0,197,36,0,0,2,0,4,0,0,0,0,0,109,1,0,21,18,1,0,0,4,0,0,0,0,0,0,0,0,11,0,0,4,0,0,0,3,0,0,0,0,0,0,0,0,1997,980,454,1290,36,14,13,418,220,0,0,53,2,35,0,168,291,12,125,93,0,0,4,2,1,0,0,6,0,0,0,2,2737,584,696,1671,500,112,464,192,41,504,66,270,0,0,0,4,198,11,6,205,184,10,17,25,0,0,2,11,0,0,0,0,4521,881,1855,2447,410,134,212,76,424,5,163,0,342,3,0,260,4360,2192,2323,6469,367,5,575,1028,33,20,379,271,376,0,0,5,0,16,3,4,0,0,0,6,2,0,0,0,0,0,0,0,753,34,12,115,19,1,0,22,1,0,0,2,0,0,0,0,371,6,8,30,184,3,3,4,5,1,13,13,4,2,0,10,1350,1292,535,417,501,183,6,5,13,2,12,5,5,0,2,0,755,14,19,574,173,282,2,121,11,158,2,8,57,37,0,5,119,74,2,252,29,0,0,17,0,2,0,41,16,1,0,8,545,23,4,224,0,17,0,0,0,0,0,0,0,3,0,0,0,0,0,0,14,0,0,0,0,0,0,0,0,0,0,0,0,111,12,16,0,0,0,0,0,0,0,0,0,0,0,0,5924,2800,1757,6757,186,47,8,817,62,3,54,123,496,171,0,830,1359,433,123,1430,2,20,11,262,21,0,0,195,101,7,1,56,1943,876,1149,2968,287,5,14,1214,133,17,3,360,124,63,6,237,462,16,0,134,0,0,0,0,0,0,0,0,0,6,0,11,5722,2689,1731,7114,292,0,3,340,620,216,475,720,213,64,37,158,0,0,3,26,0,162,0,5,0,0,0,0,0,0,0,0,231,0,3,15,0,0,0,0,3,0,0,1,0,0,0,0,3338,890,261,874,466,26,30,270,35,0,16,183,6,305,0,59,1176,434,440,706,124,22,0,30,97,2,4,88,25,3,0
0,22,0,242,135,0,0,0,0,0,0,0,0,0,0,0,0,436,0,0,128,5,153,0,22,0,0,0,0,0,0,0,0,12,75,25,57,0,0,0,0,0,2,0,0,0,0,4,19,294,240,228,307,32,285,8,20,0,0,0,0,0,0,0,0,22,22,14,38,0,12,0,0,0,0,8,0,0,0,0,0,15,114,0,7,0,0,0,13,0,0,0,0,0,0,0,0,545,24,81,55,173,53,13,13,0,0,0,0,0,0,0,0,62,53,0,83,0,0,0,9,0,0,0,0,0,0,0,9,265,7,1,36,2,0,0,0,0,3,0,0,0,0,0,0,0,4,0,0,0,0,0,0,0,0,0,0,0,0,0,0,712,155,0,3,0,0,0,2,0,0,0,0,0,0,0,0,256,478,2,151,0,0,0,49,0,0,0,8,0,8,0,0,0,0,0,0,0,0,0,0,0,0,0,0,0,0,0,1,15,1,26,34,0,0,0,26,6,10,0,90,0,0,0,0,160,12,7,54,0,1,0,0,2,2,0,6,14,0,0,5,0,13,0,0,0,0,0,0,7,0,0,0,0,0,0,0,441,20,0,31,0,5,0,0,6,0,0,1,0,0,0,0,19,18,0,35,0,0,0,1,23,1,0,0,0,1,0,9,55,22,10,89,8,0,0,1,0,0,0,0,17,0,0,0,3,1,3,0,1,1,0,0,0,0,0,0,0,0,0,0,4,168,101,57,0,0,0,0,0,6,0,0,0,0,0,0,8,1,1,115,11,65,2,14,16,0,0,0,0,0,0,0,140,44,2,121,0,0,0,5,0,0,0,0,0,0,0,0,9,0,0,3,0,0,0,0,0,0,0,0,13,0,0,0,36,4,2,36,0,0,10,6,0,0,0,4,0,0,0,64,24,1,0,19,0,0,0,109,0,0,0,1,0,0,0,2,35,8,0,10,1,0,0,0,0,1,0,0,0,0,0,0,0,0,0,17,0,0,0,0,0,0,0,0,0,0,0,0,0,0,0,0,0,0,0,2,0,0,0,0,0,0,2,0,39,39,16,156,0,0,0,0,0,0,0,6,0,0,0,0,32,987,27,56,0,13,0,4,0,0,0,0,0,0,0,0,131,0,1,36,113,0,0,0,0,0,0,0,0,0,0,0,0,0,10,304,0,0,0,128,0,0,0,0,0,0,0,0,143,70,0,95,0,0,0,0,0,0,0,0,0,0,0,0,297,33,0,37,19,0,0,0,0,0,0,0,0,0,0,0,25,3,0,16,0,0,1,0,8,0,0,12,0,0,0,0,634,22,22,69,11,14,0,3,200,0,0,39,0,0,0,0,57,7,0,197,36,0,0,2,0,4,0,0,0,0,0,109,1,0,21,18,1,0,0,4,0,0,0,0,0,0,0,0,11,0,0,4,0,0,0,3,0,0,0,0,0,0,0,0,1998,980,454,1291,36,14,13,418,220,0,0,53,2,35,0,168,291,12,125,93,0,0,4,2,1,0,0,6,0,0,0,2,2737,585,696,1671,500,112,464,192,41,504,66,270,0,0,0,4,198,11,6,204,183,10,17,25,0,0,2,11,0,0,0,0,4521,881,1855,2448,410,134,212,76,424,5,163,0,342,3,0,260,4360,2192,2323,6469,367,5,575,1028,33,20,379,271,376,0,0,5,0,16,3,4,0,0,0,6,2,0,0,0,0,0,0,0,753,34,12,115,19,1,0,22,1,0,0,2,0,0,0,0,371,6,8,30,184,3,3,4,5,1,13,13,4,2,0,10,1350,1292,535,417,501,183,6,5,13,2,12,5,5,0,2,0,755,14,19,574,173,282,2,121,11,158,2,8,57,37,0,5,119,74,2,251,29,0,0,17,0,2,0,41,16,1,0,8,545,23,4,223,0,17,0,0,0,0,0,0,0,3,0,0,0,0,0,0,14,0,0,0,0,0,0,0,0,0,0,0,0,111,12,16,0,0,0,0,0,0,0,0,0,0,0,0,5925,2800,1757,6759,186,48,8,817,62,3,54,123,496,171,0,831,1359,433,123,1431,2,20,11,262,21,0,0,195,101,7,1,56,1943,876,1149,2968,287,5,14,1214,133,17,3,360,124,63,6,237,462,16,0,134,0,0,0,0,0,0,0,0,0,6,0,11,5722,2689,1731,7114,292,0,3,340,620,216,475,720,213,64,37,158,0,0,3,26,0,162,0,5,0,0,0,0,0,0,0,0,231,0,3,15,0,0,0,0,3,0,0,1,0,0,0,0,3338,890,261,874,466,26,30,270,35,0,16,183,6,305,0,59,1176,434,440,706,124,22,0,30,97,2,4,88,25,3,0
0,22,0,242,133,0,0,0,0,0,0,0,0,0,0,0,0,436,0,0,128,5,153,0,22,0,0,0,0,0,0,0,0,12,75,25,57,0,0,0,0,0,2,0,0,0,0,4,19,294,240,228,307,32,285,8,20,0,0,0,0,0,0,0,0,22,22,14,38,0,12,0,0,0,0,8,0,0,0,0,0,15,114,0,7,0,0,0,13,0,0,0,0,0,0,0,0,545,24,81,55,173,53,13,13,0,0,0,0,0,0,0,0,62,53,0,83,0,0,0,9,0,0,0,0,0,0,0,9,265,7,1,36,2,0,0,0,0,3,0,0,0,0,0,0,0,4,0,0,0,0,0,0,0,0,0,0,0,0,0,0,712,155,0,3,0,0,0,2,0,0,0,0,0,0,0,0,256,477,2,151,0,0,0,49,0,0,0,8,0,8,0,0,0,0,0,0,0,0,0,0,0,0,0,0,0,0,0,1,15,1,26,34,0,0,0,26,6,10,0,90,0,0,0,0,159,12,6,54,0,1,0,0,2,2,0,6,14,0,0,5,0,13,0,0,0,0,0,0,7,0,0,0,0,0,0,0,441,20,0,31,0,5,0,0,6,0,0,1,0,0,0,0,19,18,0,35,0,0,0,1,23,1,0,0,0,1,0,9,55,22,10,89,8,0,0,1,0,0,0,0,17,0,0,0,3,1,3,0,1,1,0,0,0,0,0,0,0,0,0,0,4,168,101,57,0,0,0,0,0,6,0,0,0,0,0,0,8,1,1,115,11,65,2,14,16,0,0,0,0,0,0,0,140,44,2,121,0,0,0,5,0,0,0,0,0,0,0,0,9,0,0,3,0,0,0,0,0,0,0,0,13,0,0,0,36,4,2,36,0,0,10,6,0,0,0,4,0,0,0,64,24,1,0,19,0,0,0,109,0,0,0,1,0,0,0,2,35,8,0,10,1,0,0,0,0,1,0,0,0,0,0,0,0,0,0,17,0,0,0,0,0,0,0,0,0,0,0,0,0,0,0,0,0,0,0,2,0,0,0,0,0,0,2,0,39,39,16,156,0,0,0,0,0,0,0,6,0,0,0,0,32,987,27,56,0,13,0,5,0,0,0,0,0,0,0,0,131,0,1,36,113,0,0,0,0,0,0,0,0,0,0,0,0,0,10,304,0,0,0,128,0,0,0,0,0,0,0,0,143,70,0,95,0,0,0,0,0,0,0,0,0,0,0,0,297,33,0,37,19,0,0,0,0,0,0,0,0,0,0,0,25,3,0,16,0,0,1,0,8,0,0,12,0,0,0,0,634,22,22,69,11,14,0,3,200,0,0,39,0,0,0,0,57,7,0,197,36,0,0,2,0,4,0,0,0,0,0,109,1,0,21,18,1,0,0,4,0,0,0,0,0,0,0,0,11,0,0,4,0,0,0,3,0,0,0,0,0,0,0,0,1997,980,454,1290,36,14,13,418,220,0,0,53,2,35,0,168,291,12,125,93,0,0,4,2,1,0,0,6,0,0,0,2,2737,585,697,1671,500,112,464,192,41,504,66,270,0,0,0,4,198,11,6,204,183,10,17,25,0,0,2,11,0,0,0,0,4522,881,1855,2449,410,134,212,76,424,5,163,0,342,3,0,260,4360,2192,2323,6470,367,5,575,1028,33,20,379,271,376,0,0,5,0,16,3,4,0,0,0,6,2,0,0,0,0,0,0,0,753,34,12,115,19,1,0,22,1,0,0,2,0,0,0,0,371,6,8,30,184,3,3,4,5,1,13,13,4,2,0,10,1350,1292,535,417,501,183,6,5,13,2,12,5,5,0,2,0,755,14,19,574,173,282,2,121,11,158,2,8,57,37,0,5,119,74,2,251,29,0,0,17,0,2,0,41,16,1,0,8,545,23,4,223,0,17,0,0,0,0,0,0,0,3,0,0,0,0,0,0,14,0,0,0,0,0,0,0,0,0,0,0,0,111,12,16,0,0,0,0,0,0,0,0,0,0,0,0,5924,2800,1757,6758,186,47,8,817,62,3,54,123,496,171,0,830,1359,433,123,1430,2,20,11,262,21,0,0,195,101,7,1,56,1943,876,1149,2969,287,5,14,1215,133,17,3,360,124,63,6,237,462,16,0,134,0,0,0,0,0,0,0,0,0,6,0,11,5722,2689,1731,7113,292,0,3,340,620,216,475,720,213,64,37,158,0,0,3,26,0,162,0,5,0,0,0,0,0,0,0,0,231,0,3,15,0,0,0,0,3,0,0,1,0,0,0,0,3338,890,261,874,466,26,30,270,35,0,16,183,6,305,0,59,1176,434,440,706,124,22,0,30,97,2,4,88,25,3,0
0,22,0,242,133,0,0,0,0,0,0,0,0,0,0,0,0,436,0,0,129,5,153,0,22,0,0,0,0,0,0,0,0,12,75,25,57,0,0,0,0,0,2,0,0,0,0,4,19,294,241,228,309,32,285,8,20,0,0,0,0,0,0,0,0,22,22,14,38,0,12,0,0,0,0,8,0,0,0,0,0,15,114,0,7,0,0,0,13,0,0,0,0,0,0,0,0,546,24,81,55,173,53,13,13,0,0,0,0,0,0,0,0,62,53,0,83,0,0,0,9,0,0,0,0,0,0,0,9,266,7,1,36,2,0,0,0,0,3,0,0,0,0,0,0,0,4,0,0,0,0,0,0,0,0,0,0,0,0,0,0,712,155,0,3,0,0,0,2,0,0,0,0,0,0,0,0,256,477,2,151,0,0,0,49,0,0,0,8,0,8,0,0,0,0,0,0,0,0,0,0,0,0,0,0,0,0,0,1,15,1,26,34,0,0,0,26,6,10,0,90,0,0,0,0,159,12,6,54,0,1,0,0,2,2,0,6,14,0,0,5,0,13,0,0,0,0,0,0,7,0,0,0,0,0,0,0,441,20,0,31,0,5,0,0,6,0,0,1,0,0,0,0,19,18,0,35,0,0,0,1,23,1,0,0,0,1,0,9,55,22,10,89,8,0,0,1,0,0,0,0,17,0,0,0,3,1,3,0,1,1,0,0,0,0,0,0,0,0,0,0,4,168,101,57,0,0,0,0,0,6,0,0,0,0,0,0,8,1,1,115,11,65,2,14,16,0,0,0,0,0,0,0,140,44,2,121,0,0,0,5,0,0,0,0,0,0,0,0,9,0,0,3,0,0,0,0,0,0,0,0,13,0,0,0,36,4,2,36,0,0,10,6,0,0,0,4,0,0,0,64,24,1,0,19,0,0,0,109,0,0,0,1,0,0,0,2,35,8,0,10,1,0,0,0,0,1,0,0,0,0,0,0,0,0,0,17,0,0,0,0,0,0,0,0,0,0,0,0,0,0,0,0,0,0,0,2,0,0,0,0,0,0,2,0,39,39,16,156,0,0,0,0,0,0,0,6,0,0,0,0,32,987,27,56,0,13,0,4,0,0,0,0,0,0,0,0,131,0,1,36,113,0,0,0,0,0,0,0,0,0,0,0,0,0,10,304,0,0,0,128,0,0,0,0,0,0,0,0,143,70,0,95,0,0,0,0,0,0,0,0,0,0,0,0,297,33,0,37,19,0,0,0,0,0,0,0,0,0,0,0,25,3,0,16,0,0,1,0,8,0,0,12,0,0,0,0,634,22,22,69,11,14,0,3,200,0,0,39,0,0,0,0,57,7,0,197,36,0,0,2,0,4,0,0,0,0,0,109,1,0,21,18,1,0,0,4,0,0,0,0,0,0,0,0,11,0,0,4,0,0,0,3,0,0,0,0,0,0,0,0,1997,980,454,1290,36,14,13,418,220,0,0,53,2,35,0,168,291,12,125,93,0,0,4,2,1,0,0,6,0,0,0,2,2737,584,696,1671,500,112,464,192,41,504,66,270,0,0,0,4,198,11,6,204,183,10,17,25,0,0,2,11,0,0,0,0,4521,881,1855,2447,410,134,212,76,424,5,163,0,342,3,0,260,4365,2192,2324,6471,368,5,575,1028,33,20,379,271,376,0,0,5,0,16,3,4,0,0,0,6,2,0,0,0,0,0,0,0,753,34,12,115,19,1,0,22,1,0,0,2,0,0,0,0,371,6,8,30,184,3,3,4,5,1,13,13,4,2,0,10,1352,1292,535,417,501,183,6,5,13,2,12,5,5,0,2,0,755,14,19,574,173,282,2,121,11,158,2,8,57,37,0,5,119,75,2,251,29,0,0,17,0,2,0,41,16,1,0,8,545,23,4,223,0,17,0,0,0,0,0,0,0,3,0,0,0,0,0,0,14,0,0,0,0,0,0,0,0,0,0,0,0,111,12,16,0,0,0,0,0,0,0,0,0,0,0,0,5924,2800,1757,6757,186,47,8,817,62,3,54,123,496,171,0,830,1359,433,123,1430,2,20,11,262,21,0,0,195,101,7,1,56,1943,876,1149,2969,287,5,14,1215,133,17,3,360,124,63,6,237,462,16,0,134,0,0,0,0,0,0,0,0,0,6,0,11,5722,2689,1731,7115,292,0,3,340,620,216,475,720,213,64,37,158,0,0,3,26,0,162,0,5,0,0,0,0,0,0,0,0,231,0,3,15,0,0,0,0,3,0,0,1,0,0,0,0,3338,890,261,874,466,26,30,270,35,0,16,183,6,305,0,59,1176,434,440,706,124,22,0,30,97,2,4,88,25,3,0
0,22,0,242,133,0,0,0,0,0,0,0,0,0,0,0,0,436,0,0,128,5,153,0,22,0,0,0,0,0,0,0,0,12,75,25,57,0,0,0,0,0,2,0,0,0,0,4,19,294,240,228,307,32,285,8,20,0,0,0,0,0,0,0,0,22,22,14,38,0,12,0,0,0,0,8,0,0,0,0,0,15,114,0,7,0,0,0,13,0,0,0,0,0,0,0,0,545,24,81,55,173,53,13,13,0,0,0,0,0,0,0,0,62,53,0,83,0,0,0,9,0,0,0,0,0,0,0,9,265,7,1,36,2,0,0,0,0,3,0,0,0,0,0,0,0,4,0,0,0,0,0,0,0,0,0,0,0,0,0,0,712,155,0,3,0,0,0,2,0,0,0,0,0,0,0,0,256,477,2,151,0,0,0,49,0,0,0,8,0,8,0,0,0,0,0,0,0,0,0,0,0,0,0,0,0,0,0,1,15,1,26,34,0,0,0,26,6,10,0,90,0,0,0,0,159,12,6,54,0,1,0,0,2,2,0,6,14,0,0,5,0,13,0,0,0,0,0,0,7,0,0,0,0,0,0,0,441,20,0,31,0,5,0,0,6,0,0,1,0,0,0,0,19,18,0,35,0,0,0,1,23,1,0,0,0,1,0,9,55,22,10,89,8,0,0,1,0,0,0,0,17,0,0,0,3,1,3,0,1,1,0,0,0,0,0,0,0,0,0,0,4,168,101,57,0,0,0,0,0,6,0,0,0,0,0,0,8,1,1,115,11,65,2,14,16,0,0,0,0,0,0,0,140,44,2,121,0,0,0,5,0,0,0,0,0,0,0,0,9,0,0,3,0,0,0,0,0,0,0,0,13,0,0,0,36,4,2,36,0,0,10,6,0,0,0,4,0,0,0,64,24,1,0,19,0,0,0,109,0,0,0,1,0,0,0,2,35,8,0,10,1,0,0,0,0,1,0,0,0,0,0,0,0,0,0,17,0,0,0,0,0,0,0,0,0,0,0,0,0,0,0,0,0,0,0,2,0,0,0,0,0,0,2,0,39,39,16,156,0,0,0,0,0,0,0,6,0,0,0,0,32,987,27,56,0,13,0,4,0,0,0,0,0,0,0,0,131,0,1,36,113,0,0,0,0,0,0,0,0,0,0,0,0,0,10,305,0,0,0,128,0,0,0,0,0,0,0,0,143,70,0,95,0,0,0,0,0,0,0,0,0,0,0,0,297,33,0,37,19,0,0,0,0,0,0,0,0,0,0,0,25,3,0,16,0,0,1,0,8,0,0,12,0,0,0,0,634,22,22,69,11,14,0,3,200,0,0,39,0,0,0,0,57,7,0,197,36,0,0,2,0,4,0,0,0,0,0,109,1,0,21,18,1,0,0,4,0,0,0,0,0,0,0,0,11,0,0,4,0,0,0,3,0,0,0,0,0,0,0,0,1997,980,454,1290,36,14,13,418,220,0,0,53,2,35,0,168,291,12,125,93,0,0,4,2,1,0,0,6,0,0,0,2,2738,584,697,1671,500,112,464,192,41,504,66,270,0,0,0,4,198,11,6,204,183,10,17,25,0,0,2,11,0,0,0,0,4521,881,1855,2447,410,134,212,77,424,5,163,0,342,3,0,260,4360,2192,2323,6471,367,5,575,1028,33,20,379,271,376,0,0,5,0,16,3,4,0,0,0,6,2,0,0,0,0,0,0,0,753,34,12,115,19,1,0,22,1,0,0,2,0,0,0,0,371,6,8,30,184,3,3,4,5,1,13,13,4,2,0,10,1350,1292,535,417,501,183,6,5,13,2,12,5,5,0,2,0,755,14,19,574,173,282,2,121,11,158,2,8,57,37,0,5,119,74,2,251,29,0,0,17,0,2,0,41,16,1,0,8,545,23,4,223,0,17,0,0,0,0,0,0,0,3,0,0,0,0,0,0,14,0,0,0,0,0,0,0,0,0,0,0,0,111,12,16,0,0,0,0,0,0,0,0,0,0,0,0,5925,2800,1757,6758,186,47,8,817,62,3,54,123,496,171,0,830,1359,433,123,1430,2,20,11,262,21,0,0,195,101,7,1,56,1943,876,1149,2969,287,5,14,1214,133,17,3,360,124,63,6,237,462,16,0,134,0,0,0,0,0,0,0,0,0,6,0,11,5723,2690,1731,7115,292,0,3,340,620,216,475,720,213,64,37,158,0,0,3,26,0,162,0,5,0,0,0,0,0,0,0,0,231,0,3,15,0,0,0,0,3,0,0,1,0,0,0,0,3338,890,261,874,466,26,30,270,35,0,16,183,6,305,0,59,1176,434,440,706,124,22,0,30,97,2,4,88,25,3,0
0,22,0,242,133,0,0,0,0,0,0,0,0,0,0,0,0,436,0,0,128,5,153,0,22,0,0,0,0,0,0,0,0,12,75,25,57,0,0,0,0,0,2,0,0,0,0,4,19,294,240,228,307,32,285,8,20,0,0,0,0,0,0,0,0,22,22,14,38,0,12,0,0,0,0,8,0,0,0,0,0,15,114,0,7,0,0,0,13,0,0,0,0,0,0,0,0,545,24,81,55,173,53,13,13,0,0,0,0,0,0,0,0,62,53,0,83,0,0,0,9,0,0,0,0,0,0,0,9,265,7,1,36,2,0,0,0,0,3,0,0,0,0,0,0,0,4,0,0,0,0,0,0,0,0,0,0,0,0,0,0,712,155,0,3,0,0,0,2,0,0,0,0,0,0,0,0,256,477,2,151,0,0,0,49,0,0,0,8,0,8,0,0,0,0,0,0,0,0,0,0,0,0,0,0,0,0,0,1,15,1,26,34,0,0,0,26,6,10,0,90,0,0,0,0,159,12,6,54,0,1,0,0,2,2,0,6,14,0,0,5,0,13,0,0,0,0,0,0,7,0,0,0,0,0,0,0,441,20,0,31,0,5,0,0,6,0,0,1,0,0,0,0,19,18,0,35,0,0,0,1,23,1,0,0,0,1,0,9,55,22,10,89,8,0,0,1,0,0,0,0,17,0,0,0,3,1,3,0,1,1,0,0,0,0,0,0,0,0,0,0,4,168,101,57,0,0,0,0,0,6,0,0,0,0,0,0,8,1,1,115,11,65,2,14,16,0,0,0,0,0,0,0,140,44,2,121,0,0,0,5,0,0,0,0,0,0,0,0,9,0,0,3,0,0,0,0,0,0,0,0,13,0,0,0,36,4,2,36,0,0,10,6,0,0,0,4,0,0,0,64,24,1,0,19,0,0,0,109,0,0,0,1,0,0,0,2,35,8,0,10,1,0,0,0,0,1,0,0,0,0,0,0,0,0,0,17,0,0,0,0,0,0,0,0,0,0,0,0,0,0,0,0,0,0,0,2,0,0,0,0,0,0,2,0,39,39,16,156,0,0,0,0,0,0,0,6,0,0,0,0,32,987,27,56,0,13,0,4,0,0,0,0,0,0,0,0,131,0,1,36,113,0,0,0,0,0,0,0,0,0,0,0,0,0,10,304,0,0,0,128,0,0,0,0,0,0,0,0,143,70,0,95,0,0,0,0,0,0,0,0,0,0,0,0,297,33,0,37,19,0,0,0,0,0,0,0,0,0,0,0,25,3,0,16,0,0,1,0,8,0,0,12,0,0,0,0,634,22,22,69,11,14,0,3,200,0,0,39,0,0,0,0,57,7,0,197,36,0,0,2,0,4,0,0,0,0,0,109,1,0,21,18,1,0,0,4,0,0,0,0,0,0,0,0,11,0,0,4,0,0,0,3,0,0,0,0,0,0,0,0,1997,980,454,1290,36,14,13,418,220,0,0,53,2,35,0,168,291,12,125,93,0,0,4,2,1,0,0,6,0,0,0,2,2737,584,696,1671,500,112,464,192,41,504,66,270,0,0,0,4,198,11,6,204,183,10,17,25,0,0,2,11,0,0,0,0,4522,881,1855,2447,410,134,213,76,424,5,163,0,342,3,0,260,4360,2193,2323,6471,367,5,575,1028,33,20,379,271,376,0,0,5,0,16,3,4,0,0,0,6,2,0,0,0,0,0,0,0,753,34,12,115,19,1,0,22,1,0,0,2,0,0,0,0,371,6,8,30,184,3,3,4,5,1,13,13,4,2,0,10,1350,1292,535,417,501,183,6,5,13,2,12,5,5,0,2,0,755,14,19,574,173,282,2,121,11,158,2,8,57,37,0,5,119,74,2,251,29,0,0,17,0,2,0,41,16,1,0,8,545,23,4,223,0,17,0,0,0,0,0,0,0,3,0,0,0,0,0,0,14,0,0,0,0,0,0,0,0,0,0,0,0,111,12,16,0,0,0,0,0,0,0,0,0,0,0,0,5925,2800,1757,6758,186,47,8,817,62,3,54,123,496,171,0,830,1359,433,123,1430,2,20,11,262,21,0,0,195,101,7,1,56,1944,876,1150,2969,287,5,14,1214,133,17,3,360,124,63,6,237,462,16,0,134,0,0,0,0,0,0,0,0,0,6,0,11,5723,2689,1731,7117,292,0,3,340,620,216,475,720,213,64,37,158,0,0,3,26,0,162,0,5,0,0,0,0,0,0,0,0,231,0,3,15,0,0,0,0,3,0,0,1,0,0,0,0,3338,890,261,874,466,26,30,270,35,0,16,183,6,305,0,59,1176,434,440,706,124,22,0,30,97,2,4,88,25,3,0
0,22,0,242,133,0,0,0,0,0,0,0,0,0,0,0,0,436,0,0,128,5,153,0,22,0,0,0,0,0,0,0,0,12,75,25,57,0,0,0,0,0,2,0,0,0,0,4,19,294,240,228,307,32,285,8,20,0,0,0,0,0,0,0,0,22,22,14,38,0,12,0,0,0,0,8,0,0,0,0,0,15,114,0,7,0,0,0,13,0,0,0,0,0,0,0,0,545,24,81,55,173,53,13,13,0,0,0,0,0,0,0,0,62,53,0,83,0,0,0,9,0,0,0,0,0,0,0,9,265,7,1,36,2,0,0,0,0,3,0,0,0,0,0,0,0,4,0,0,0,0,0,0,0,0,0,0,0,0,0,0,712,155,0,3,0,0,0,2,0,0,0,0,0,0,0,0,256,477,2,151,0,0,0,49,0,0,0,8,0,8,0,0,0,0,0,0,0,0,0,0,0,0,0,0,0,0,0,1,15,1,26,34,0,0,0,26,6,10,0,90,0,0,0,0,159,12,6,54,0,1,0,0,2,2,0,6,14,0,0,5,0,13,0,0,0,0,0,0,7,0,0,0,0,0,0,0,441,20,0,31,0,5,0,0,6,0,0,1,0,0,0,0,19,18,0,35,0,0,0,1,23,1,0,0,0,1,0,9,55,22,10,89,8,0,0,1,0,0,0,0,17,0,0,0,3,1,3,0,1,1,0,0,0,0,0,0,0,0,0,0,4,168,101,57,0,0,0,0,0,6,0,0,0,0,0,0,8,1,1,115,11,65,2,14,16,0,0,0,0,0,0,0,140,44,2,121,0,0,0,5,0,0,0,0,0,0,0,0,9,0,0,3,0,0,0,0,0,0,0,0,13,0,0,0,36,4,2,36,0,0,10,6,0,0,0,4,0,0,0,64,24,1,0,19,0,0,0,109,0,0,0,1,0,0,0,2,35,8,0,10,1,0,0,0,0,1,0,0,0,0,0,0,0,0,0,17,0,0,0,0,0,0,0,0,0,0,0,0,0,0,0,0,0,0,0,2,0,0,0,0,0,0,2,0,39,39,16,156,0,0,0,0,0,0,0,6,0,0,0,0,32,987,27,56,0,13,0,4,0,0,0,0,0,0,0,0,131,0,1,36,113,0,0,0,0,0,0,0,0,0,0,0,0,0,10,304,0,0,0,128,0,0,0,0,0,0,0,0,143,70,0,95,0,0,0,0,0,0,0,0,0,0,0,0,297,33,0,37,19,0,0,0,0,0,0,0,0,0,0,0,25,3,0,16,0,0,1,0,8,0,0,12,0,0,0,0,634,22,22,69,11,14,0,3,200,0,0,39,0,0,0,0,57,7,0,197,36,0,0,2,0,4,0,0,0,0,0,109,1,0,21,18,1,0,0,4,0,0,0,0,0,0,0,0,11,0,0,4,0,0,0,3,0,0,0,0,0,0,0,0,1997,980,454,1290,36,14,13,418,220,0,0,53,2,35,0,168,291,12,125,93,0,0,4,2,1,0,0,6,0,0,0,2,2737,584,696,1671,500,112,464,192,41,504,66,270,0,0,0,4,198,11,6,204,183,10,17,25,0,0,2,11,0,0,0,0,4521,881,1855,2447,410,134,212,76,424,5,163,0,342,3,0,260,4360,2192,2323,6469,367,5,575,1028,33,20,379,271,376,0,0,5,0,16,3,4,0,0,0,6,2,0,0,0,0,0,0,0,753,34,12,115,19,1,0,22,1,0,0,2,0,0,0,0,371,6,8,30,184,3,3,4,5,1,13,13,4,2,0,10,1350,1292,535,417,501,183,6,5,13,2,12,5,5,0,2,0,755,14,19,574,173,282,2,121,11,158,2,8,57,37,0,5,119,74,2,251,29,0,0,17,0,2,0,41,16,1,0,8,545,23,4,223,0,17,0,0,0,0,0,0,0,3,0,0,0,0,0,0,14,0,0,0,0,0,0,0,0,0,0,0,0,111,12,16,0,0,0,0,0,0,0,0,0,0,0,0,5924,2800,1757,6757,186,47,8,817,62,3,54,123,496,171,0,830,1359,433,123,1430,2,20,11,262,21,0,0,195,101,7,1,56,1943,876,1149,2968,287,5,14,1214,133,17,3,360,124,63,6,237,462,16,0,134,0,0,0,0,0,0,0,0,0,6,0,11,5722,2689,1731,7113,292,0,3,340,620,216,475,720,213,64,37,158,0,0,3,26,0,162,0,5,0,0,0,0,0,0,0,0,231,0,3,15,0,0,0,0,3,0,0,1,0,0,0,0,3338,890,261,874,466,26,30,270,35,0,16,183,6,305,0,59,1176,434,440,706,124,22,0,30,97,2,4,88,25,3,0
0,22,0,242,133,0,0,0,0,0,0,0,0,0,0,0,0,436,0,0,128,5,153,0,22,0,0,0,0,0,0,0,0,12,75,25,57,0,0,0,0,0,2,0,0,0,0,4,19,294,240,228,307,32,285,8,20,0,0,0,0,0,0,0,0,22,22,14,38,0,12,0,0,0,0,8,0,0,0,0,0,15,114,0,7,0,0,0,13,0,0,0,0,0,0,0,0,545,24,81,55,173,53,13,13,0,0,0,0,0,0,0,0,62,53,0,83,0,0,0,9,0,0,0,0,0,0,0,9,265,7,1,36,2,0,0,0,0,3,0,0,0,0,0,0,0,4,0,0,0,0,0,0,0,0,0,0,0,0,0,0,712,155,0,3,0,0,0,2,0,0,0,0,0,0,0,0,256,477,2,151,0,0,0,49,0,0,0,8,0,8,0,0,0,0,0,0,0,0,0,0,0,0,0,0,0,0,0,1,15,1,26,34,0,0,0,26,6,10,0,90,0,0,0,0,159,12,6,54,0,1,0,0,2,2,0,6,14,0,0,5,0,13,0,0,0,0,0,0,7,0,0,0,0,0,0,0,441,20,0,31,0,5,0,0,6,0,0,1,0,0,0,0,19,18,0,35,0,0,0,1,23,1,0,0,0,1,0,9,55,22,10,89,8,0,0,1,0,0,0,0,17,0,0,0,3,1,3,0,1,1,0,0,0,0,0,0,0,0,0,0,4,168,101,57,0,0,0,0,0,6,0,0,0,0,0,0,8,1,1,115,11,65,2,14,16,0,0,0,0,0,0,0,140,44,2,121,0,0,0,5,0,0,0,0,0,0,0,0,9,0,0,3,0,0,0,0,0,0,0,0,13,0,0,0,36,4,2,36,0,0,10,6,0,0,0,4,0,0,0,64,24,1,0,19,0,0,0,109,0,0,0,1,0,0,0,2,35,8,0,10,1,0,0,0,0,1,0,0,0,0,0,0,0,0,0,17,0,0,0,0,0,0,0,0,0,0,0,0,0,0,0,0,0,0,0,2,0,0,0,0,0,0,2,0,39,39,16,156,0,0,0,0,0,0,0,6,0,0,0,0,32,987,27,56,0,13,0,4,0,0,0,0,0,0,0,0,131,0,1,36,113,0,0,0,0,0,0,0,0,0,0,0,0,0,10,304,0,0,0,128,0,0,0,0,0,0,0,0,143,70,0,95,0,0,0,0,0,0,0,0,0,0,0,0,297,33,0,37,19,0,0,0,0,0,0,0,0,0,0,0,25,3,0,16,0,0,1,0,8,0,0,12,0,0,0,0,634,22,22,69,11,14,0,3,200,0,0,39,0,0,0,0,57,7,0,197,36,0,0,2,0,4,0,0,0,0,0,109,1,0,21,18,1,0,0,4,0,0,0,0,0,0,0,0,11,0,0,4,0,0,0,3,0,0,0,0,0,0,0,0,1997,980,454,1290,36,14,13,418,220,0,0,53,2,35,0,168,291,12,125,93,0,0,4,2,1,0,0,6,0,0,0,2,2737,584,696,1671,500,112,464,192,41,504,66,270,0,0,0,4,198,11,6,204,183,10,17,25,0,0,2,11,0,0,0,0,4521,881,1855,2447,410,134,212,76,424,5,163,0,342,3,0,260,4360,2192,2323,6469,367,5,575,1028,33,20,379,271,376,0,0,5,0,16,3,4,0,0,0,6,2,0,0,0,0,0,0,0,753,34,12,115,19,1,0,22,1,0,0,2,0,0,0,0,371,6,8,30,184,3,3,4,5,1,13,13,4,2,0,10,1350,1292,535,417,501,183,6,5,13,2,12,5,5,0,2,0,755,14,19,574,173,282,2,121,11,158,2,8,57,37,0,5,119,74,2,251,29,0,0,17,0,2,0,41,16,1,0,8,545,23,4,223,0,17,0,0,0,0,0,0,0,3,0,0,0,0,0,0,14,0,0,0,0,0,0,0,0,0,0,0,0,111,12,16,0,0,0,0,0,0,0,0,0,0,0,0,5924,2800,1757,6757,186,47,8,817,62,3,54,123,496,171,0,830,1359,433,123,1430,2,20,11,262,21,0,0,195,101,7,1,56,1943,876,1149,2968,287,5,14,1214,133,17,3,360,124,63,6,237,462,16,0,134,0,0,0,0,0,0,0,0,0,6,0,11,5722,2689,1731,7113,292,0,3,340,620,216,475,720,213,64,37,158,0,0,3,26,0,162,0,5,0,0,0,0,0,0,0,0,231,0,3,15,0,0,0,0,3,0,0,1,0,0,0,0,3338,890,261,874,466,26,30,270,35,0,16,183,6,305,0,59,1176,434,440,706,124,22,0,30,97,2,4,88,25,3,0
0,22,0,242,133,0,0,0,0,0,0,0,0,0,0,0,0,436,0,0,128,5,153,0,22,0,0,0,0,0,0,0,0,12,75,25,57,0,0,0,0,0,2,0,0,0,0,4,19,294,240,228,307,32,285,8,20,0,0,0,0,0,0,0,0,22,22,14,38,0,12,0,0,0,0,8,0,0,0,0,0,15,114,0,7,0,0,0,13,0,0,0,0,0,0,0,0,545,24,81,55,173,53,13,13,0,0,0,0,0,0,0,0,62,53,0,83,0,0,0,9,0,0,0,0,0,0,0,9,265,7,1,36,2,0,0,0,0,3,0,0,0,0,0,0,0,4,0,0,0,0,0,0,0,0,0,0,0,0,0,0,712,155,0,3,0,0,0,2,0,0,0,0,0,0,0,0,256,477,2,151,0,0,0,49,0,0,0,8,0,8,0,0,0,0,0,0,0,0,0,0,0,0,0,0,0,0,0,1,15,1,26,34,0,0,0,26,6,10,0,90,0,0,0,0,159,12,6,54,0,1,0,0,2,2,0,6,14,0,0,5,0,13,0,0,0,0,0,0,7,0,0,0,0,0,0,0,441,20,0,31,0,5,0,0,6,0,0,1,0,0,0,0,19,18,0,35,0,0,0,1,23,1,0,0,0,1,0,9,55,22,10,89,8,0,0,1,0,0,0,0,17,0,0,0,3,1,3,0,1,1,0,0,0,0,0,0,0,0,0,0,4,168,101,57,0,0,0,0,0,6,0,0,0,0,0,0,8,1,1,115,11,65,2,14,16,0,0,0,0,0,0,0,140,44,2,121,0,0,0,5,0,0,0,0,0,0,0,0,9,0,0,3,0,0,0,0,0,0,0,0,13,0,0,0,36,4,2,36,0,0,10,6,0,0,0,4,0,0,0,64,24,1,0,19,0,0,0,109,0,0,0,1,0,0,0,2,35,8,0,10,1,0,0,0,0,1,0,0,0,0,0,0,0,0,0,17,0,0,0,0,0,0,0,0,0,0,0,0,0,0,0,0,0,0,0,2,0,0,0,0,0,0,2,0,39,39,16,156,0,0,0,0,0,0,0,6,0,0,0,0,32,987,27,56,0,13,0,4,0,0,0,0,0,0,0,0,131,0,1,36,113,0,0,0,0,0,0,0,0,0,0,0,0,0,10,304,0,0,0,128,0,0,0,0,0,0,0,0,143,70,0,95,0,0,0,0,0,0,0,0,0,0,0,0,297,33,0,37,19,0,0,0,0,0,0,0,0,0,0,0,25,3,0,16,0,0,1,0,8,0,0,12,0,0,0,0,634,22,22,69,11,14,0,3,200,0,0,39,0,0,0,0,57,7,0,197,36,0,0,2,0,4,0,0,0,0,0,109,1,0,21,18,1,0,0,4,0,0,0,0,0,0,0,0,11,0,0,4,0,0,0,3,0,0,0,0,0,0,0,0,1997,980,454,1291,36,14,13,418,220,0,0,53,2,35,0,168,292,12,126,93,0,0,4,2,1,0,0,6,0,0,0,2,2737,584,696,1671,500,112,464,192,41,504,66,270,0,0,0,4,198,11,6,204,183,10,17,25,0,0,2,11,0,0,0,0,4521,881,1855,2447,410,134,212,76,424,5,163,0,342,3,0,260,4360,2192,2323,6469,367,5,575,1028,33,20,379,271,376,0,0,5,0,16,3,4,0,0,0,6,2,0,0,0,0,0,0,0,753,34,12,115,19,1,0,22,1,0,0,2,0,0,0,0,374,6,8,30,184,3,3,4,5,1,13,13,4,2,0,10,1350,1292,535,417,501,183,6,5,13,2,12,5,5,0,2,0,755,14,19,574,173,282,2,121,11,158,2,8,57,37,0,5,119,74,2,251,29,0,0,17,0,2,0,41,16,1,0,8,545,23,4,223,0,17,0,0,0,0,0,0,0,3,0,0,0,0,0,0,14,0,0,0,0,0,0,0,0,0,0,0,0,112,12,16,0,0,0,0,0,0,0,0,0,0,0,0,5924,2800,1757,6757,186,47,8,817,62,3,54,123,496,171,0,830,1360,433,123,1432,2,20,11,262,21,0,0,195,101,7,1,56,1943,876,1149,2968,287,5,14,1214,133,17,3,360,124,63,6,237,462,16,0,134,0,0,0,0,0,0,0,0,0,6,0,11,5722,2689,1731,7113,292,0,3,340,620,216,475,720,213,64,37,158,0,0,3,26,0,162,0,5,0,0,0,0,0,0,0,0,233,0,3,15,0,0,0,0,3,0,0,1,0,0,0,0,3338,890,261,875,466,26,30,270,35,0,16,183,6,305,0,59,1176,436,440,707,124,22,0,30,97,2,4,88,25,3,0
0,22,0,242,133,0,0,0,0,0,0,0,0,0,0,0,0,436,0,0,128,5,153,0,22,0,0,0,0,0,0,0,0,12,75,25,57,0,0,0,0,0,2,0,0,0,0,4,19,294,240,228,307,32,285,8,20,0,0,0,0,0,0,0,0,22,22,14,38,0,12,0,0,0,0,8,0,0,0,0,0,15,114,0,7,0,0,0,13,0,0,0,0,0,0,0,0,545,24,81,55,173,53,13,13,0,0,0,0,0,0,0,0,62,53,0,83,0,0,0,9,0,0,0,0,0,0,0,9,265,7,1,36,2,0,0,0,0,3,0,0,0,0,0,0,0,4,0,0,0,0,0,0,0,0,0,0,0,0,0,0,712,155,0,3,0,0,0,2,0,0,0,0,0,0,0,0,256,477,2,151,0,0,0,49,0,0,0,8,0,8,0,0,0,0,0,0,0,0,0,0,0,0,0,0,0,0,0,1,15,1,26,34,0,0,0,26,6,10,0,90,0,0,0,0,159,12,6,54,0,1,0,0,2,2,0,6,14,0,0,5,0,13,0,0,0,0,0,0,7,0,0,0,0,0,0,0,441,20,0,31,0,5,0,0,6,0,0,1,0,0,0,0,19,18,0,35,0,0,0,1,23,1,0,0,0,1,0,9,55,22,10,89,8,0,0,1,0,0,0,0,17,0,0,0,3,1,3,0,1,1,0,0,0,0,0,0,0,0,0,0,4,168,101,57,0,0,0,0,0,6,0,0,0,0,0,0,8,1,1,115,11,65,2,14,16,0,0,0,0,0,0,0,140,44,2,121,0,0,0,5,0,0,0,0,0,0,0,0,9,0,0,3,0,0,0,0,0,0,0,0,13,0,0,0,36,4,2,36,0,0,10,6,0,0,0,4,0,0,0,64,24,1,0,19,0,0,0,109,0,0,0,1,0,0,0,2,35,8,0,10,1,0,0,0,0,1,0,0,0,0,0,0,0,0,0,17,0,0,0,0,0,0,0,0,0,0,0,0,0,0,0,0,0,0,0,2,0,0,0,0,0,0,2,0,39,39,16,156,0,0,0,0,0,0,0,6,0,0,0,0,32,987,27,56,0,13,0,4,0,0,0,0,0,0,0,0,131,0,1,36,113,0,0,0,0,0,0,0,0,0,0,0,0,0,10,304,0,0,0,128,0,0,0,0,0,0,0,0,143,70,0,95,0,0,0,0,0,0,0,0,0,0,0,0,297,33,0,37,19,0,0,0,0,0,0,0,0,0,0,0,25,3,0,16,0,0,1,0,8,0,0,12,0,0,0,0,634,22,22,69,11,14,0,3,200,0,0,39,0,0,0,0,57,7,0,197,36,0,0,2,0,4,0,0,0,0,0,109,1,0,21,18,1,0,0,4,0,0,0,0,0,0,0,0,11,0,0,4,0,0,0,3,0,0,0,0,0,0,0,0,1997,980,454,1290,36,14,13,418,220,0,0,53,2,35,0,168,291,12,125,93,0,0,4,2,1,0,0,6,0,0,0,2,2737,584,696,1671,500,112,464,192,41,504,66,270,0,0,0,4,198,11,6,204,183,10,17,25,0,0,2,11,0,0,0,0,4521,881,1855,2447,410,134,212,76,424,5,163,0,342,3,0,260,4360,2192,2323,6469,367,5,575,1028,33,20,379,271,376,0,0,5,0,16,3,4,0,0,0,6,2,0,0,0,0,0,0,0,753,34,12,115,19,1,0,22,1,0,0,2,0,0,0,0,371,6,8,30,184,3,3,4,5,1,13,13,4,2,0,10,1350,1292,535,417,501,183,6,5,13,2,12,5,5,0,2,0,755,14,19,574,173,282,2,121,11,158,2,8,57,37,0,5,119,74,2,251,29,0,0,17,0,2,0,41,16,1,0,8,545,23,4,223,0,17,0,0,0,0,0,0,0,3,0,0,0,0,0,0,14,0,0,0,0,0,0,0,0,0,0,0,0,111,12,16,0,0,0,0,0,0,0,0,0,0,0,0,5924,2800,1757,6757,186,47,8,817,62,3,54,123,496,171,0,830,1359,433,123,1430,2,20,11,262,21,0,0,195,101,7,1,56,1943,876,1149,2968,287,5,14,1214,133,17,3,360,124,63,6,237,462,16,0,134,0,0,0,0,0,0,0,0,0,6,0,11,5722,2689,1731,7113,292,0,3,340,620,216,475,720,213,64,37,158,0,0,3,26,0,162,0,5,0,0,0,0,0,0,0,0,231,0,3,15,0,0,0,0,3,0,0,1,0,0,0,0,3338,890,261,874,466,26,30,270,35,0,16,183,6,305,0,59,1176,434,440,706,124,22,0,30,97,2,4,88,25,3,0
0,22,0,242,133,0,0,0,0,0,0,0,0,0,0,0,0,436,0,0,128,5,153,0,22,0,0,0,0,0,0,0,0,12,75,25,57,0,0,0,0,0,2,0,0,0,0,4,19,294,240,228,307,32,285,8,20,0,0,0,0,0,0,0,0,22,22,14,38,0,12,0,0,0,0,8,0,0,0,0,0,15,114,0,7,0,0,0,13,0,0,0,0,0,0,0,0,545,24,81,55,173,53,13,13,0,0,0,0,0,0,0,0,62,53,0,83,0,0,0,9,0,0,0,0,0,0,0,9,265,7,1,36,2,0,0,0,0,3,0,0,0,0,0,0,0,4,0,0,0,0,0,0,0,0,0,0,0,0,0,0,712,155,0,3,0,0,0,2,0,0,0,0,0,0,0,0,256,477,2,151,0,0,0,49,0,0,0,8,0,8,0,0,0,0,0,0,0,0,0,0,0,0,0,0,0,0,0,1,15,1,26,34,0,0,0,26,6,10,0,90,0,0,0,0,159,12,6,54,0,1,0,0,2,2,0,6,14,0,0,5,0,13,0,0,0,0,0,0,7,0,0,0,0,0,0,0,441,20,0,31,0,5,0,0,6,0,0,1,0,0,0,0,19,18,0,35,0,0,0,1,23,1,0,0,0,1,0,9,55,22,10,89,8,0,0,1,0,0,0,0,17,0,0,0,3,1,3,0,1,1,0,0,0,0,0,0,0,0,0,0,4,168,101,57,0,0,0,0,0,6,0,0,0,0,0,0,8,1,1,115,11,65,2,14,16,0,0,0,0,0,0,0,140,44,2,121,0,0,0,5,0,0,0,0,0,0,0,0,9,0,0,3,0,0,0,0,0,0,0,0,13,0,0,0,36,4,2,36,0,0,10,6,0,0,0,4,0,0,0,64,24,1,0,19,0,0,0,109,0,0,0,1,0,0,0,2,35,8,0,10,1,0,0,0,0,1,0,0,0,0,0,0,0,0,0,17,0,0,0,0,0,0,0,0,0,0,0,0,0,0,0,0,0,0,0,2,0,0,0,0,0,0,2,0,39,39,16,156,0,0,0,0,0,0,0,6,0,0,0,0,32,987,27,56,0,13,0,4,0,0,0,0,0,0,0,0,131,0,1,36,113,0,0,0,0,0,0,0,0,0,0,0,0,0,10,304,0,0,0,128,0,0,0,0,0,0,0,0,143,70,0,95,0,0,0,0,0,0,0,0,0,0,0,0,297,33,0,37,19,0,0,0,0,0,0,0,0,0,0,0,25,3,0,16,0,0,1,0,8,0,0,12,0,0,0,0,634,22,22,69,11,14,0,3,200,0,0,39,0,0,0,0,57,7,0,197,36,0,0,2,0,4,0,0,0,0,0,109,1,0,21,18,1,0,0,4,0,0,0,0,0,0,0,0,11,0,0,4,0,0,0,3,0,0,0,0,0,0,0,0,1997,980,454,1290,36,14,13,418,220,0,0,53,2,35,0,168,291,12,125,93,0,0,4,2,1,0,0,6,0,0,0,2,2737,584,696,1671,500,112,464,192,41,504,66,270,0,0,0,4,198,11,6,204,183,10,17,25,0,0,2,11,0,0,0,0,4521,881,1855,2447,410,134,212,76,424,5,163,0,342,3,0,260,4360,2192,2323,6469,367,5,575,1028,33,20,379,271,376,0,0,5,0,16,3,4,0,0,0,6,2,0,0,0,0,0,0,0,753,34,12,115,19,1,0,22,1,0,0,2,0,0,0,0,371,6,8,30,184,3,3,4,5,1,13,13,4,2,0,10,1350,1292,535,417,501,183,6,5,13,2,12,5,5,0,2,0,755,14,19,574,173,282,2,121,11,158,2,8,57,37,0,5,119,74,2,251,29,0,0,17,0,2,0,41,16,1,0,8,545,23,4,223,0,17,0,0,0,0,0,0,0,3,0,0,0,0,0,0,14,0,0,0,0,0,0,0,0,0,0,0,0,111,12,16,0,0,0,0,0,0,0,0,0,0,0,0,5924,2800,1757,6757,186,47,8,817,62,3,54,123,496,171,0,830,1359,433,123,1430,2,20,11,262,21,0,0,195,101,7,1,56,1943,876,1149,2968,287,5,14,1214,133,17,3,360,124,63,6,237,462,16,0,134,0,0,0,0,0,0,0,0,0,6,0,11,5722,2689,1732,7113,292,0,3,340,620,216,475,720,213,64,37,158,0,0,3,26,0,162,0,5,0,0,0,0,0,0,0,0,231,0,3,15,0,0,0,0,3,0,0,1,0,0,0,0,3338,890,261,874,466,26,30,270,35,0,16,183,6,305,0,59,1176,434,440,706,124,22,0,30,97,2,4,88,25,3,0
0,22,0,242,133,0,0,0,0,0,0,0,0,0,0,0,0,436,0,0,128,5,153,0,22,0,0,0,0,0,0,0,0,12,75,25,57,0,0,0,0,0,2,0,0,0,0,4,19,294,240,228,307,32,285,8,20,0,0,0,0,0,0,0,0,22,22,14,38,0,12,0,0,0,0,8,0,0,0,0,0,15,114,0,7,0,0,0,13,0,0,0,0,0,0,0,0,545,24,81,55,173,53,13,13,0,0,0,0,0,0,0,0,62,53,0,83,0,0,0,9,0,0,0,0,0,0,0,9,265,7,1,36,2,0,0,0,0,3,0,0,0,0,0,0,0,4,0,0,0,0,0,0,0,0,0,0,0,0,0,0,712,155,0,3,0,0,0,2,0,0,0,0,0,0,0,0,256,477,2,151,0,0,0,49,0,0,0,8,0,8,0,0,0,0,0,0,0,0,0,0,0,0,0,0,0,0,0,1,15,1,26,34,0,0,0,26,6,10,0,90,0,0,0,0,159,12,6,54,0,1,0,0,2,2,0,6,14,0,0,5,0,13,0,0,0,0,0,0,7,0,0,0,0,0,0,0,441,20,0,31,0,5,0,0,6,0,0,1,0,0,0,0,19,18,0,35,0,0,0,1,23,1,0,0,0,1,0,9,55,22,10,89,8,0,0,1,0,0,0,0,17,0,0,0,3,1,3,0,1,1,0,0,0,0,0,0,0,0,0,0,4,168,101,57,0,0,0,0,0,6,0,0,0,0,0,0,8,1,1,115,11,65,2,14,16,0,0,0,0,0,0,0,140,44,2,121,0,0,0,5,0,0,0,0,0,0,0,0,9,0,0,3,0,0,0,0,0,0,0,0,13,0,0,0,36,4,2,36,0,0,10,6,0,0,0,4,0,0,0,64,24,1,0,19,0,0,0,109,0,0,0,1,0,0,0,2,35,8,0,10,1,0,0,0,0,1,0,0,0,0,0,0,0,0,0,17,0,0,0,0,0,0,0,0,0,0,0,0,0,0,0,0,0,0,0,2,0,0,0,0,0,0,2,0,39,39,16,156,0,0,0,0,0,0,0,6,0,0,0,0,32,987,27,56,0,13,0,4,0,0,0,0,0,0,0,0,131,0,1,36,113,0,0,0,0,0,0,0,0,0,0,0,0,0,10,304,0,0,0,128,0,0,0,0,0,0,0,0,143,70,0,95,0,0,0,0,0,0,0,0,0,0,0,0,297,33,0,37,19,0,0,0,0,0,0,0,0,0,0,0,25,3,0,16,0,0,1,0,8,0,0,12,0,0,0,0,634,22,22,69,11,14,0,3,201,0,0,39,0,0,0,0,57,7,0,197,36,0,0,2,0,4,0,0,0,0,0,109,1,0,21,18,1,0,0,4,0,0,0,0,0,0,0,0,11,0,0,4,0,0,0,3,0,0,0,0,0,0,0,0,1997,980,454,1290,36,14,13,418,220,0,0,53,2,35,0,168,291,12,125,93,0,0,4,2,1,0,0,6,0,0,0,2,2737,584,696,1671,500,112,464,192,41,504,66,270,0,0,0,4,198,11,6,204,183,10,17,25,0,0,2,11,0,0,0,0,4521,881,1855,2447,410,134,212,76,424,5,163,0,342,3,0,260,4362,2192,2323,6469,367,5,575,1028,33,20,379,271,376,0,0,5,0,16,3,4,0,0,0,6,2,0,0,0,0,0,0,0,753,34,12,115,19,1,0,22,1,0,0,2,0,0,0,0,371,6,8,30,184,3,3,4,5,1,13,13,4,2,0,10,1350,1293,535,417,501,183,6,5,13,2,12,5,5,0,2,0,755,14,19,574,173,282,2,121,11,158,2,8,57,37,0,5,119,74,2,251,29,0,0,17,0,2,0,41,16,1,0,8,545,23,4,223,0,17,0,0,0,0,0,0,0,3,0,0,0,0,0,0,14,0,0,0,0,0,0,0,0,0,0,0,0,111,12,16,0,0,0,0,0,0,0,0,0,0,0,0,5924,2800,1757,6758,186,47,8,817,62,3,54,123,496,171,0,830,1359,433,123,1430,2,20,11,262,21,0,0,195,101,7,1,56,1944,876,1149,2968,287,5,14,1214,133,17,3,360,124,63,6,237,462,16,0,134,0,0,0,0,0,0,0,0,0,6,0,11,5722,2690,1731,7113,292,0,3,340,620,216,475,720,214,64,37,158,0,0,3,26,0,162,0,5,0,0,0,0,0,0,0,0,231,0,3,15,0,0,0,0,3,0,0,1,0,0,0,0,3338,890,261,874,466,26,30,270,35,0,16,183,6,305,0,59,1176,434,440,706,124,22,0,30,97,2,4,88,25,3,0
0,22,0,242,133,0,0,0,0,0,0,0,0,0,0,0,0,436,0,0,128,5,153,0,22,0,0,0,0,0,0,0,0,12,75,25,57,0,0,0,0,0,2,0,0,0,0,4,19,294,240,228,307,32,285,8,20,0,0,0,0,0,0,0,0,22,22,14,38,0,12,0,0,0,0,8,0,0,0,0,0,15,114,0,7,0,0,0,13,0,0,0,0,0,0,0,0,545,24,81,55,173,53,13,13,0,0,0,0,0,0,0,0,62,53,0,83,0,0,0,9,0,0,0,0,0,0,0,9,265,7,1,36,2,0,0,0,0,3,0,0,0,0,0,0,0,4,0,0,0,0,0,0,0,0,0,0,0,0,0,0,712,155,0,3,0,0,0,2,0,0,0,0,0,0,0,0,256,477,2,151,0,0,0,49,0,0,0,8,0,8,0,0,0,0,0,0,0,0,0,0,0,0,0,0,0,0,0,1,15,1,26,34,0,0,0,26,6,10,0,90,0,0,0,0,159,12,6,54,0,1,0,0,2,2,0,6,14,0,0,5,0,13,0,0,0,0,0,0,7,0,0,0,0,0,0,0,441,20,0,31,0,5,0,0,6,0,0,1,0,0,0,0,19,18,0,35,0,0,0,1,23,1,0,0,0,1,0,9,55,22,10,89,8,0,0,1,0,0,0,0,17,0,0,0,3,1,3,0,1,1,0,0,0,0,0,0,0,0,0,0,4,168,101,57,0,0,0,0,0,6,0,0,0,0,0,0,8,1,1,115,11,65,2,14,16,0,0,0,0,0,0,0,140,44,2,121,0,0,0,5,0,0,0,0,0,0,0,0,9,0,0,3,0,0,0,0,0,0,0,0,13,0,0,0,36,4,2,36,0,0,10,6,0,0,0,4,0,0,0,64,24,1,0,19,0,0,0,109,0,0,0,1,0,0,0,2,35,8,0,10,1,0,0,0,0,1,0,0,0,0,0,0,0,0,0,17,0,0,0,0,0,0,0,0,0,0,0,0,0,0,0,0,0,0,0,2,0,0,0,0,0,0,2,0,39,39,16,156,0,0,0,0,0,0,0,6,0,0,0,0,32,989,27,56,0,13,0,4,0,0,0,0,0,0,0,0,131,0,1,36,113,0,0,0,0,0,0,0,0,0,0,0,0,0,10,304,0,0,0,128,0,0,0,0,0,0,0,0,143,70,0,95,0,0,0,0,0,0,0,0,0,0,0,0,297,33,0,37,19,0,0,0,0,0,0,0,0,0,0,0,25,3,0,16,0,0,1,0,8,0,0,12,0,0,0,0,635,22,22,69,11,14,0,3,200,0,0,39,0,0,0,0,57,7,0,197,36,0,0,2,0,4,0,0,0,0,0,109,1,0,21,18,1,0,0,4,0,0,0,0,0,0,0,0,11,0,0,4,0,0,0,3,0,0,0,0,0,0,0,0,1997,980,454,1290,36,14,13,418,220,0,0,53,2,35,0,168,291,12,125,93,0,0,4,2,1,0,0,6,0,0,0,2,2737,584,696,1671,501,112,464,192,41,504,66,270,0,0,0,4,198,11,6,204,183,10,17,25,0,0,2,11,0,0,0,0,4521,881,1856,2447,410,134,212,76,424,5,163,0,342,3,0,260,4360,2192,2323,6470,367,5,575,1028,33,20,379,271,376,0,0,5,0,16,3,4,0,0,0,6,2,0,0,0,0,0,0,0,753,34,12,115,19,1,0,22,1,0,0,2,0,0,0,0,371,6,8,30,184,3,3,4,5,1,13,13,4,2,0,10,1350,1292,535,417,501,183,6,5,13,2,12,5,5,0,2,0,755,14,19,574,173,282,2,121,11,158,2,8,57,37,0,5,119,74,2,251,29,0,0,17,0,2,0,41,16,1,0,8,545,23,4,223,0,17,0,0,0,0,0,0,0,3,0,0,0,0,0,0,14,0,0,0,0,0,0,0,0,0,0,0,0,111,12,16,0,0,0,0,0,0,0,0,0,0,0,0,5924,2803,1757,6758,186,47,8,817,62,3,54,123,497,171,0,831,1359,433,123,1430,2,20,11,262,21,0,0,195,101,7,1,56,1944,876,1149,2969,287,5,14,1214,133,17,3,360,124,63,6,237,462,16,0,134,0,0,0,0,0,0,0,0,0,6,0,11,5722,2690,1731,7114,292,0,3,340,620,216,475,720,213,64,37,158,0,0,3,26,0,162,0,5,0,0,0,0,0,0,0,0,231,0,3,15,0,0,0,0,3,0,0,1,0,0,0,0,3338,890,261,874,466,26,30,270,35,0,16,183,6,305,0,59,1176,434,440,706,124,22,0,30,97,2,4,88,25,3,0
0,22,0,242,133,0,0,0,0,0,0,0,0,0,0,0,0,436,0,0,128,5,153,0,22,0,0,0,0,0,0,0,0,12,75,25,57,0,0,0,0,0,2,0,0,0,0,4,19,294,240,228,307,32,285,8,20,0,0,0,0,0,0,0,0,22,22,14,38,0,12,0,0,0,0,8,0,0,0,0,0,15,114,0,7,0,0,0,13,0,0,0,0,0,0,0,0,545,24,81,55,173,53,13,13,0,0,0,0,0,0,0,0,62,53,0,83,0,0,0,9,0,0,0,0,0,0,0,9,265,7,1,36,2,0,0,0,0,3,0,0,0,0,0,0,0,4,0,0,0,0,0,0,0,0,0,0,0,0,0,0,712,155,0,3,0,0,0,2,0,0,0,0,0,0,0,0,256,477,2,151,0,0,0,49,0,0,0,8,0,8,0,0,0,0,0,0,0,0,0,0,0,0,0,0,0,0,0,1,15,1,26,34,0,0,0,26,6,10,0,90,0,0,0,0,159,12,6,54,0,1,0,0,2,2,0,6,14,0,0,5,0,13,0,0,0,0,0,0,7,0,0,0,0,0,0,0,441,20,0,31,0,5,0,0,6,0,0,1,0,0,0,0,19,18,0,35,0,0,0,1,23,1,0,0,0,1,0,9,55,22,10,89,8,0,0,1,0,0,0,0,17,0,0,0,3,1,3,0,1,1,0,0,0,0,0,0,0,0,0,0,4,168,101,57,0,0,0,0,0,6,0,0,0,0,0,0,8,1,1,115,11,65,2,14,16,0,0,0,0,0,0,0,140,44,2,121,0,0,0,5,0,0,0,0,0,0,0,0,9,0,0,3,0,0,0,0,0,0,0,0,13,0,0,0,36,4,2,36,0,0,10,6,0,0,0,4,0,0,0,64,24,1,0,19,0,0,0,109,0,0,0,1,0,0,0,2,35,8,0,10,1,0,0,0,0,1,0,0,0,0,0,0,0,0,0,17,0,0,0,0,0,0,0,0,0,0,0,0,0,0,0,0,0,0,0,2,0,0,0,0,0,0,2,0,39,39,16,156,0,0,0,0,0,0,0,6,0,0,0,0,32,987,27,56,0,13,0,4,0,0,0,0,0,0,0,0,131,0,1,36,113,0,0,0,0,0,0,0,0,0,0,0,0,0,10,304,0,0,0,128,0,0,0,0,0,0,0,0,143,70,0,95,0,0,0,0,0,0,0,0,0,0,0,0,297,33,0,37,19,0,0,0,0,0,0,0,0,0,0,0,25,3,0,16,0,0,1,0,8,0,0,12,0,0,0,0,634,22,22,69,11,14,0,3,200,0,0,39,0,0,0,0,57,7,0,197,36,0,0,2,0,4,0,0,0,0,0,109,1,0,21,18,1,0,0,4,0,0,0,0,0,0,0,0,11,0,0,4,0,0,0,3,0,0,0,0,0,0,0,0,1997,980,454,1290,36,14,13,418,220,0,0,53,2,35,0,168,291,12,125,93,0,0,4,2,1,0,0,6,0,0,0,2,2737,584,696,1671,500,112,464,192,41,504,66,270,0,0,0,4,198,11,6,204,183,10,17,25,0,0,2,11,0,0,0,0,4522,881,1855,2447,410,134,213,76,424,5,163,0,342,3,0,260,4360,2193,2323,6471,367,5,575,1028,33,20,379,271,376,0,0,5,0,16,3,4,0,0,0,6,2,0,0,0,0,0,0,0,753,34,12,115,19,1,0,22,1,0,0,2,0,0,0,0,371,6,8,30,184,3,3,4,5,1,13,13,4,2,0,10,1350,1292,535,417,501,183,6,5,13,2,12,5,5,0,2,0,755,14,19,574,173,282,2,121,11,158,2,8,57,37,0,5,119,74,2,251,29,0,0,17,0,2,0,41,16,1,0,8,545,23,4,223,0,17,0,0,0,0,0,0,0,3,0,0,0,0,0,0,14,0,0,0,0,0,0,0,0,0,0,0,0,111,12,16,0,0,0,0,0,0,0,0,0,0,0,0,5925,2800,1757,6758,186,47,8,817,62,3,54,123,496,171,0,830,1359,433,123,1430,2,20,11,262,21,0,0,195,101,7,1,56,1944,876,1150,2969,287,5,14,1214,133,17,3,360,124,63,6,237,462,16,0,134,0,0,0,0,0,0,0,0,0,6,0,11,5723,2689,1731,7117,292,0,3,340,620,216,475,720,213,64,37,158,0,0,3,26,0,162,0,5,0,0,0,0,0,0,0,0,231,0,3,15,0,0,0,0,3,0,0,1,0,0,0,0,3338,890,261,874,466,26,30,270,35,0,16,183,6,305,0,59,1176,434,440,706,124,22,0,30,97,2,4,88,25,3,0
0,22,0,242,133,0,0,0,0,0,0,0,0,0,0,0,0,436,0,0,128,5,153,0,22,0,0,0,0,0,0,0,0,12,75,25,57,0,0,0,0,0,2,0,0,0,0,4,19,294,240,228,307,32,285,8,20,0,0,0,0,0,0,0,0,22,22,14,38,0,12,0,0,0,0,8,0,0,0,0,0,15,114,0,7,0,0,0,13,0,0,0,0,0,0,0,0,545,24,81,55,173,53,13,13,0,0,0,0,0,0,0,0,62,53,0,83,0,0,0,9,0,0,0,0,0,0,0,9,265,7,1,36,2,0,0,0,0,3,0,0,0,0,0,0,0,4,0,0,0,0,0,0,0,0,0,0,0,0,0,0,712,155,0,3,0,0,0,2,0,0,0,0,0,0,0,0,256,478,2,151,0,0,0,49,0,0,0,8,0,8,0,0,0,0,0,0,0,0,0,0,0,0,0,0,0,0,0,1,15,1,26,34,0,0,0,26,6,10,0,90,0,0,0,0,159,12,6,54,0,1,0,0,2,2,0,6,14,0,0,5,0,13,0,0,0,0,0,0,7,0,0,0,0,0,0,0,441,20,0,31,0,5,0,0,6,0,0,1,0,0,0,0,19,18,0,35,0,0,0,1,23,1,0,0,0,1,0,9,55,22,10,89,8,0,0,1,0,0,0,0,17,0,0,0,3,1,3,0,1,1,0,0,0,0,0,0,0,0,0,0,4,168,101,57,0,0,0,0,0,6,0,0,0,0,0,0,8,1,1,115,11,65,2,14,16,0,0,0,0,0,0,0,140,44,2,121,0,0,0,5,0,0,0,0,0,0,0,0,9,0,0,3,0,0,0,0,0,0,0,0,13,0,0,0,36,4,2,36,0,0,10,6,0,0,0,4,0,0,0,64,24,1,0,19,0,0,0,109,0,0,0,1,0,0,0,2,35,8,0,10,1,0,0,0,0,1,0,0,0,0,0,0,0,0,0,17,0,0,0,0,0,0,0,0,0,0,0,0,0,0,0,0,0,0,0,2,0,0,0,0,0,0,2,0,39,39,16,156,0,0,0,0,0,0,0,6,0,0,0,0,32,987,27,56,0,13,0,4,0,0,0,0,0,0,0,0,131,0,1,36,113,0,0,0,0,0,0,0,0,0,0,0,0,0,10,304,0,0,0,128,0,0,0,0,0,0,0,0,143,70,0,95,0,0,0,0,0,0,0,0,0,0,0,0,297,33,0,37,19,0,0,0,0,0,0,0,0,0,0,0,25,3,0,16,0,0,1,0,8,0,0,12,0,0,0,0,634,22,22,69,11,14,0,3,200,0,0,39,0,0,0,0,57,7,0,197,36,0,0,2,0,4,0,0,0,0,0,109,1,0,21,18,1,0,0,4,0,0,0,0,0,0,0,0,11,0,0,4,0,0,0,3,0,0,0,0,0,0,0,0,1999,980,454,1290,36,14,13,418,220,0,0,53,2,35,0,168,291,12,125,93,0,0,4,2,1,0,0,6,0,0,0,2,2737,584,696,1671,500,112,464,192,41,504,66,270,0,0,0,4,198,11,6,204,183,10,17,25,0,0,2,11,0,0,0,0,4521,881,1855,2447,410,134,212,76,424,5,163,0,342,3,0,260,4360,2192,2323,6469,367,5,575,1028,33,20,379,271,376,0,0,5,0,16,3,4,0,0,0,6,2,0,0,0,0,0,0,0,753,34,12,115,19,1,0,22,1,0,0,2,0,0,0,0,371,6,8,30,184,3,3,4,5,1,13,13,4,2,0,10,1350,1293,535,417,501,183,6,5,13,2,12,5,5,0,2,0,755,14,19,574,173,282,2,121,11,158,2,8,57,37,0,5,119,74,2,251,29,0,0,17,0,2,0,41,16,1,0,8,545,23,4,223,0,17,0,0,0,0,0,0,0,3,0,0,0,0,0,0,14,0,0,0,0,0,0,0,0,0,0,0,0,111,12,16,0,0,0,0,0,0,0,0,0,0,0,0,5925,2800,1757,6757,186,47,8,817,62,3,54,123,496,171,0,830,1359,433,123,1430,2,20,11,262,21,0,0,195,101,7,1,56,1943,876,1149,2968,287,5,14,1214,133,17,3,360,124,63,6,237,462,16,0,134,0,0,0,0,0,0,0,0,0,6,0,11,5722,2689,1731,7113,292,0,3,340,620,216,475,720,213,64,37,158,0,0,3,26,0,162,0,5,0,0,0,0,0,0,0,0,231,0,3,15,0,0,0,0,3,0,0,1,0,0,0,0,3338,890,261,874,466,26,30,270,35,0,16,183,6,305,0,59,1176,434,440,706,124,22,0,30,97,2,4,88,25,3,0
0,22,0,242,133,0,0,0,0,0,0,0,0,0,0,0,0,436,0,0,128,5,153,0,22,0,0,0,0,0,0,0,0,12,75,25,57,0,0,0,0,0,2,0,0,0,0,4,19,294,240,228,307,32,285,8,20,0,0,0,0,0,0,0,0,22,22,14,38,0,12,0,0,0,0,8,0,0,0,0,0,15,114,0,7,0,0,0,13,0,0,0,0,0,0,0,0,545,24,81,55,173,53,13,13,0,0,0,0,0,0,0,0,62,53,0,83,0,0,0,9,0,0,0,0,0,0,0,9,265,7,1,36,2,0,0,0,0,3,0,0,0,0,0,0,0,4,0,0,0,0,0,0,0,0,0,0,0,0,0,0,712,155,0,3,0,0,0,2,0,0,0,0,0,0,0,0,256,477,2,151,0,0,0,49,0,0,0,8,0,8,0,0,0,0,0,0,0,0,0,0,0,0,0,0,0,0,0,1,15,1,26,34,0,0,0,26,6,10,0,90,0,0,0,0,159,12,6,54,0,1,0,0,2,2,0,6,14,0,0,5,0,13,0,0,0,0,0,0,7,0,0,0,0,0,0,0,441,20,0,31,0,5,0,0,6,0,0,1,0,0,0,0,19,18,0,35,0,0,0,1,23,1,0,0,0,1,0,9,55,22,10,89,8,0,0,1,0,0,0,0,17,0,0,0,3,1,3,0,1,1,0,0,0,0,0,0,0,0,0,0,4,168,101,57,0,0,0,0,0,6,0,0,0,0,0,0,8,1,1,115,11,65,2,14,16,0,0,0,0,0,0,0,140,44,2,121,0,0,0,5,0,0,0,0,0,0,0,0,9,0,0,3,0,0,0,0,0,0,0,0,13,0,0,0,36,4,2,36,0,0,10,6,0,0,0,4,0,0,0,64,24,1,0,19,0,0,0,109,0,0,0,1,0,0,0,2,35,8,0,10,1,0,0,0,0,1,0,0,0,0,0,0,0,0,0,17,0,0,0,0,0,0,0,0,0,0,0,0,0,0,0,0,0,0,0,2,0,0,0,0,0,0,2,0,39,39,16,156,0,0,0,0,0,0,0,6,0,0,0,0,32,987,27,56,0,13,0,4,0,0,0,0,0,0,0,0,131,0,1,36,113,0,0,0,0,0,0,0,0,0,0,0,0,0,10,304,0,0,0,128,0,0,0,0,0,0,0,0,143,70,0,95,0,0,0,0,0,0,0,0,0,0,0,0,297,33,0,37,19,0,0,0,0,0,0,0,0,0,0,0,25,3,0,16,0,0,1,0,8,0,0,12,0,0,0,0,634,22,22,69,11,14,0,3,200,0,0,39,0,0,0,0,57,7,0,197,36,0,0,2,0,4,0,0,0,0,0,109,1,0,21,18,1,0,0,4,0,0,0,0,0,0,0,0,11,0,0,4,0,0,0,3,0,0,0,0,0,0,0,0,1997,980,454,1290,36,14,13,418,220,0,0,53,2,35,0,168,291,12,125,93,0,0,4,2,1,0,0,6,0,0,0,2,2737,584,696,1671,500,112,464,192,41,504,66,270,0,0,0,4,198,11,6,204,183,10,17,25,0,0,2,11,0,0,0,0,4521,881,1855,2447,410,134,212,76,424,5,163,0,342,3,0,260,4360,2192,2323,6469,367,5,575,1028,33,20,379,271,376,0,0,5,0,16,3,4,0,0,0,6,2,0,0,0,0,0,0,0,753,34,12,115,19,1,0,22,1,0,0,2,0,0,0,0,371,6,8,30,184,3,3,4,5,1,13,13,4,2,0,10,1350,1292,535,417,501,183,6,5,13,2,12,5,5,0,2,0,755,14,19,574,173,282,2,121,11,158,2,8,57,37,0,5,119,74,2,251,29,0,0,17,0,2,0,41,16,1,0,8,545,23,4,223,0,17,0,0,0,0,0,0,0,3,0,0,0,0,0,0,14,0,0,0,0,0,0,0,0,0,0,0,0,111,12,16,0,0,0,0,0,0,0,0,0,0,0,0,5924,2800,1757,6757,186,47,8,817,62,3,54,123,496,171,0,830,1359,433,123,1430,2,20,11,262,21,0,0,195,101,7,1,56,1943,876,1149,2968,287,5,14,1214,133,17,3,360,124,63,6,237,462,16,0,134,0,0,0,0,0,0,0,0,0,6,0,11,5722,2689,1731,7113,292,0,3,340,620,216,475,720,213,64,37,158,0,0,3,26,0,162,0,5,0,0,0,0,0,0,0,0,231,0,3,15,0,0,0,0,3,0,0,1,0,0,0,0,3338,890,261,874,466,26,30,270,35,0,16,183,6,305,0,59,1176,434,440,706,124,22,0,30,97,2,4,88,25,3,0
0,22,0,242,133,0,0,0,0,0,0,0,0,0,0,0,0,436,0,0,128,5,153,0,22,0,0,0,0,0,0,0,0,12,75,25,57,0,0,0,0,0,2,0,0,0,0,4,19,294,240,228,307,32,285,8,20,0,0,0,0,0,0,0,0,22,22,14,38,0,12,0,0,0,0,8,0,0,0,0,0,15,114,0,7,0,0,0,13,0,0,0,0,0,0,0,0,545,24,81,55,173,53,13,13,0,0,0,0,0,0,0,0,62,53,0,83,0,0,0,9,0,0,0,0,0,0,0,9,265,7,1,36,2,0,0,0,0,3,0,0,0,0,0,0,0,4,0,0,0,0,0,0,0,0,0,0,0,0,0,0,712,155,0,3,0,0,0,2,0,0,0,0,0,0,0,0,256,477,2,151,0,0,0,49,0,0,0,8,0,8,0,0,0,0,0,0,0,0,0,0,0,0,0,0,0,0,0,1,15,1,26,34,0,0,0,26,6,10,0,90,0,0,0,0,159,12,6,54,0,1,0,0,2,2,0,6,14,0,0,5,0,13,0,0,0,0,0,0,7,0,0,0,0,0,0,0,441,20,0,31,0,5,0,0,6,0,0,1,0,0,0,0,19,18,0,35,0,0,0,1,23,1,0,0,0,1,0,9,55,22,10,89,8,0,0,1,0,0,0,0,17,0,0,0,3,1,3,0,1,1,0,0,0,0,0,0,0,0,0,0,4,168,101,57,0,0,0,0,0,6,0,0,0,0,0,0,8,1,1,115,11,65,2,14,16,0,0,0,0,0,0,0,140,44,2,121,0,0,0,5,0,0,0,0,0,0,0,0,9,0,0,3,0,0,0,0,0,0,0,0,13,0,0,0,36,4,2,36,0,0,10,6,0,0,0,4,0,0,0,64,24,1,0,19,0,0,0,109,0,0,0,1,0,0,0,2,35,8,0,10,1,0,0,0,0,1,0,0,0,0,0,0,0,0,0,17,0,0,0,0,0,0,0,0,0,0,0,0,0,0,0,0,0,0,0,2,0,0,0,0,0,0,2,0,39,39,16,156,0,0,0,0,0,0,0,6,0,0,0,0,32,987,27,56,0,13,0,4,0,0,0,0,0,0,0,0,131,0,1,36,113,0,0,0,0,0,0,0,0,0,0,0,0,0,10,304,0,0,0,128,0,0,0,0,0,0,0,0,143,70,0,95,0,0,0,0,0,0,0,0,0,0,0,0,297,33,0,37,19,0,0,0,0,0,0,0,0,0,0,0,25,3,0,16,0,0,1,0,8,0,0,12,0,0,0,0,634,22,22,69,11,14,0,3,200,0,0,39,0,0,0,0,57,7,0,197,36,0,0,2,0,4,0,0,0,0,0,109,1,0,21,18,1,0,0,4,0,0,0,0,0,0,0,0,11,0,0,4,0,0,0,3,0,0,0,0,0,0,0,0,1997,980,454,1290,36,14,13,418,220,0,0,53,2,35,0,168,291,12,125,93,0,0,4,2,1,0,0,6,0,0,0,2,2737,584,696,1671,500,112,464,192,41,504,66,270,0,0,0,4,198,11,6,204,183,10,17,25,0,0,2,11,0,0,0,0,4521,881,1855,2447,410,134,212,76,424,5,163,0,342,3,0,260,4360,2192,2323,6469,367,5,575,1028,33,20,379,271,376,0,0,5,0,16,3,4,0,0,0,6,2,0,0,0,0,0,0,0,753,34,12,115,19,1,0,22,1,0,0,2,0,0,0,0,371,6,8,30,184,3,3,4,5,1,13,13,4,2,0,10,1350,1292,535,417,501,183,6,5,13,2,12,5,5,0,2,0,755,14,19,574,173,282,2,121,11,158,2,8,57,37,0,5,119,74,2,251,29,0,0,17,0,2,0,41,16,1,0,8,545,23,4,223,0,17,0,0,0,0,0,0,0,3,0,0,0,0,0,0,14,0,0,0,0,0,0,0,0,0,0,0,0,111,12,16,0,0,0,0,0,0,0,0,0,0,0,0,5924,2800,1757,6757,186,47,8,817,62,3,54,123,496,171,0,830,1359,433,123,1430,2,20,11,262,21,0,0,195,101,7,1,56,1943,876,1149,2968,287,5,14,1214,133,17,3,360,124,63,6,237,462,16,0,134,0,0,0,0,0,0,0,0,0,6,0,11,5722,2689,1731,7113,292,0,3,340,620,216,475,720,213,64,37,158,0,0,3,26,0,162,0,5,0,0,0,0,0,0,0,0,231,0,3,15,0,0,0,0,3,0,0,1,0,0,0,0,3338,890,261,874,466,26,30,270,35,0,16,183,6,305,0,59,1176,434,440,706,124,22,0,30,97,2,4,88,25,3,0
0,22,0,242,133,0,0,0,0,0,0,0,0,0,0,0,0,436,0,0,128,5,153,0,22,0,0,0,0,0,0,0,0,12,76,25,57,0,0,0,0,0,2,0,0,0,0,4,19,294,240,228,307,32,285,8,20,0,0,0,0,0,0,0,0,22,22,14,38,0,12,0,0,0,0,8,0,0,0,0,0,15,114,0,7,0,0,0,13,0,0,0,0,0,0,0,0,545,24,81,55,173,53,13,13,0,0,0,0,0,0,0,0,62,53,0,83,0,0,0,9,0,0,0,0,0,0,0,9,265,7,1,36,2,0,0,0,0,3,0,0,0,0,0,0,0,4,0,0,0,0,0,0,0,0,0,0,0,0,0,0,712,155,0,3,0,0,0,2,0,0,0,0,0,0,0,0,256,477,2,151,0,0,0,49,0,0,0,8,0,8,0,0,0,0,0,0,0,0,0,0,0,0,0,0,0,0,0,1,15,1,26,34,0,0,0,26,6,10,0,90,0,0,0,0,159,12,6,54,0,1,0,0,2,2,0,6,14,0,0,5,0,13,0,0,0,0,0,0,7,0,0,0,0,0,0,0,441,20,0,31,0,5,0,0,6,0,0,1,0,0,0,0,19,18,0,35,0,0,0,1,23,1,0,0,0,1,0,9,55,22,10,89,8,0,0,1,0,0,0,0,17,0,0,0,3,1,3,0,1,1,0,0,0,0,0,0,0,0,0,0,4,168,101,57,0,0,0,0,0,6,0,0,0,0,0,0,8,1,1,115,11,65,2,14,16,0,0,0,0,0,0,0,140,44,2,121,0,0,0,5,0,0,0,0,0,0,0,0,9,0,0,3,0,0,0,0,0,0,0,0,13,0,0,0,36,4,2,36,0,0,10,6,0,0,0,4,0,0,0,65,24,1,0,19,0,0,0,109,0,0,0,1,0,0,0,2,35,8,0,10,1,0,0,0,0,1,0,0,0,0,0,0,0,0,0,17,0,0,0,0,0,0,0,0,0,0,0,0,0,0,0,0,0,0,0,2,0,0,0,0,0,0,2,0,39,39,16,156,0,0,0,0,0,0,0,6,0,0,0,0,32,987,27,56,0,13,0,4,0,0,0,0,0,0,0,0,131,0,1,36,113,0,0,0,0,0,0,0,0,0,0,0,0,0,10,304,0,0,0,128,0,0,0,0,0,0,0,0,143,70,0,95,0,0,0,0,0,0,0,0,0,0,0,0,297,33,0,37,19,0,0,0,0,0,0,0,0,0,0,0,25,3,0,16,0,0,1,0,8,0,0,12,0,0,0,0,634,22,22,69,11,14,0,3,200,0,0,39,0,0,0,0,57,7,0,197,36,0,0,2,0,4,0,0,0,0,0,109,1,0,21,18,1,0,0,4,0,0,0,0,0,0,0,0,11,0,0,4,0,0,0,3,0,0,0,0,0,0,0,0,1997,980,454,1290,36,14,13,418,220,0,0,53,2,35,0,168,291,12,125,93,0,0,4,2,1,0,0,6,0,0,0,2,2737,584,696,1671,500,112,464,192,41,504,66,270,0,0,0,4,199,11,6,204,183,10,17,25,0,0,2,11,0,0,0,0,4521,881,1855,2447,410,134,212,76,424,5,163,0,342,3,0,260,4360,2192,2323,6469,367,5,575,1028,33,20,379,271,376,0,0,5,0,16,3,4,0,0,0,6,2,0,0,0,0,0,0,0,753,34,12,115,19,1,0,22,1,0,0,2,0,0,0,0,371,6,8,30,184,3,3,4,5,1,13,13,4,2,0,10,1350,1292,535,417,501,183,6,5,13,2,12,5,5,0,2,0,755,14,19,574,173,282,2,121,11,158,2,8,57,37,0,5,119,74,2,251,29,0,0,17,0,2,0,41,16,1,0,8,545,23,4,223,0,17,0,0,0,0,0,0,0,3,0,0,0,0,0,0,14,0,0,0,0,0,0,0,0,0,0,0,0,111,12,16,0,0,0,0,0,0,0,0,0,0,0,0,5924,2800,1757,6757,186,47,8,817,62,3,54,123,496,171,0,830,1360,434,123,1432,2,20,11,263,21,0,0,195,101,7,1,56,1943,876,1149,2968,287,5,14,1214,133,17,3,360,124,63,6,237,462,16,0,134,0,0,0,0,0,0,0,0,0,6,0,11,5722,2689,1731,7113,292,0,3,340,620,216,475,720,213,64,37,158,0,0,3,26,0,162,0,5,0,0,0,0,0,0,0,0,231,0,3,15,0,0,0,0,3,0,0,1,0,0,0,0,3338,890,261,874,466,26,30,270,35,0,16,183,6,305,0,59,1177,434,440,706,124,22,0,30,97,2,4,88,25,3,0
